 0.001871 -0.428818 0.200000 
 0.000936 -0.555378 0.250000 
 -0.001776 -0.706361 0.300000 
 -0.001491 -0.922435 0.360000 
 -0.009420 -0.959023 0.370000 
 0.006720 -0.979929 0.375000 
 -0.001076 -1.010032 0.380000 
 0.000347 -1.028347 0.385000 
 0.009327 -1.058392 0.390000 
 0.018684 -1.082392 0.395000 
 0.010189 -1.111072 0.400000 
 0.021196 -1.169636 0.410000 
 -0.022844 -1.242219 0.420000 
 0.022522 -1.281004 0.425000 
 -0.098131 -1.335475 0.430000 
 0.020836 -1.359386 0.433000 
 -0.087904 -1.390009 0.436000 
 0.006884 -1.423814 0.439000 
 0.111927 -1.429586 0.440000 
 -0.018936 -1.442169 0.442000 
 0.471673 -1.448756 0.443000 
 -0.178675 -1.462857 0.444000 
 -0.264567 -1.459734 0.445000 
 0.021900 -1.480947 0.446000 
 0.738129 -1.498506 0.448000 
 -0.909998 -1.742640 0.500000 
