 -0.000666 -0.770413 0.320000 
 0.000027 -0.805752 0.330000 
 -0.000260 -0.841806 0.340000 
 -0.000661 -0.879843 0.350000 
 -0.000011 -0.919907 0.360000 
 -0.000806 -0.962257 0.370000 
 -0.000006 -1.006327 0.380000 
 0.000610 -1.054894 0.390000 
 -0.000157 -1.106214 0.400000 
 -0.002880 -1.162546 0.410000 
 0.004005 -1.226320 0.420000 
 -0.001744 -1.247112 0.423000 
 0.012508 -1.268745 0.426000 
 -0.051826 -1.302298 0.430000 
 -0.001307 -1.331199 0.433000 
 0.013055 -1.364103 0.436000 
 0.085043 -1.413203 0.440000 
 -0.124509 -1.468578 0.445000 
 -0.748444 -1.512310 0.450000 
 0.813503 -1.581372 0.460000 
 -0.849482 -1.634005 0.470000 
 -0.876978 -1.677420 0.480000 
 -0.896037 -1.714245 0.490000 
 0.909700 -1.745204 0.500000 
 0.923413 -1.773054 0.510000 
 0.909325 -1.793805 0.520000 
 -0.939978 -1.816696 0.530000 
