 -0.000281 -0.770861 0.320000 
 -0.000543 -0.805472 0.330000 
 -0.000792 -0.841560 0.340000 
 -0.000083 -0.880050 0.350000 
 -0.000395 -0.919623 0.360000 
 -0.000562 -0.961704 0.370000 
 -0.000918 -1.006596 0.380000 
 0.001781 -1.054456 0.390000 
 0.000151 -1.106037 0.400000 
 -0.002498 -1.163467 0.410000 
 -0.005286 -1.226802 0.420000 
 -0.005715 -1.247938 0.423000 
 -0.007568 -1.271578 0.426000 
 -0.011481 -1.305526 0.430000 
 -0.021090 -1.333000 0.433000 
 0.017583 -1.367920 0.436000 
 -0.171085 -1.415434 0.440000 
 -0.175086 -1.469279 0.445000 
 -0.748907 -1.513350 0.450000 
 0.811674 -1.580664 0.460000 
 -0.851032 -1.633642 0.470000 
 -0.876918 -1.677549 0.480000 
 -0.896177 -1.714538 0.490000 
 0.911399 -1.745669 0.500000 
 0.922606 -1.772663 0.510000 
 0.932655 -1.795969 0.520000 
 -0.940310 -1.816795 0.530000 
