-0.040000  -0.784444  0 0.320000 
-0.029444  -0.764444  1 0.320000 
0.047222  -0.844444  2 0.320000 
-0.022222  -0.775556  3 0.320000 
0.015000  -0.846667  4 0.320000 
0.051111  -0.730000  5 0.320000 
-0.002778  -0.822222  6 0.320000 
0.024444  -0.715556  7 0.320000 
-0.117778  -0.810000  8 0.320000 
-0.030000  -0.791111  9 0.320000 
0.035556  -0.742222  10 0.320000 
0.015000  -0.781111  11 0.320000 
0.017222  -0.798889  12 0.320000 
-0.146667  -0.811111  13 0.320000 
-0.020000  -0.787778  14 0.320000 
-0.072778  -0.748889  15 0.320000 
-0.071667  -0.823333  16 0.320000 
0.038333  -0.788889  17 0.320000 
0.023333  -0.744444  18 0.320000 
-0.008889  -0.754444  19 0.320000 
-0.025556  -0.826667  20 0.320000 
0.043889  -0.718889  21 0.320000 
-0.027222  -0.775556  22 0.320000 
-0.022778  -0.778889  23 0.320000 
-0.051111  -0.807778  24 0.320000 
-0.072778  -0.742222  25 0.320000 
-0.016667  -0.720000  26 0.320000 
0.073889  -0.824444  27 0.320000 
0.002778  -0.780000  28 0.320000 
-0.050556  -0.766667  29 0.320000 
-0.040556  -0.781111  30 0.320000 
0.064444  -0.842222  31 0.320000 
0.075000  -0.734444  32 0.320000 
0.051667  -0.815556  33 0.320000 
0.019444  -0.795556  34 0.320000 
-0.047778  -0.733333  35 0.320000 
0.079444  -0.755556  36 0.320000 
-0.010556  -0.775556  37 0.320000 
-0.080556  -0.736667  38 0.320000 
0.031667  -0.716667  39 0.320000 
0.020000  -0.757778  40 0.320000 
0.073889  -0.763333  41 0.320000 
0.043889  -0.733333  42 0.320000 
0.076667  -0.762222  43 0.320000 
-0.061111  -0.800000  44 0.320000 
-0.015000  -0.792222  45 0.320000 
0.049444  -0.848889  46 0.320000 
0.031111  -0.833333  47 0.320000 
0.006111  -0.777778  48 0.320000 
-0.042778  -0.711111  49 0.320000 
-0.002222  -0.750000  50 0.320000 
0.038889  -0.782222  51 0.320000 
0.060000  -0.827778  52 0.320000 
0.035556  -0.828889  53 0.320000 
-0.028889  -0.763333  54 0.320000 
-0.074444  -0.764444  55 0.320000 
0.052222  -0.761111  56 0.320000 
0.022778  -0.773333  57 0.320000 
0.027778  -0.785556  58 0.320000 
0.055000  -0.766667  59 0.320000 
0.036667  -0.758889  60 0.320000 
0.100000  -0.773333  61 0.320000 
-0.070556  -0.732222  62 0.320000 
0.041111  -0.790000  63 0.320000 
0.121667  -0.790000  64 0.320000 
0.028889  -0.738889  65 0.320000 
0.045000  -0.801111  66 0.320000 
0.001667  -0.735556  67 0.320000 
-0.131667  -0.782222  68 0.320000 
-0.025556  -0.747778  69 0.320000 
0.027222  -0.744444  70 0.320000 
0.026667  -0.851111  71 0.320000 
-0.004444  -0.742222  72 0.320000 
0.025000  -0.780000  73 0.320000 
0.027222  -0.770000  74 0.320000 
0.057222  -0.727778  75 0.320000 
0.003889  -0.744444  76 0.320000 
0.036667  -0.813333  77 0.320000 
0.002222  -0.803333  78 0.320000 
-0.024444  -0.782222  79 0.320000 
0.058889  -0.764444  80 0.320000 
-0.121111  -0.813333  81 0.320000 
0.006667  -0.803333  82 0.320000 
-0.028889  -0.755556  83 0.320000 
-0.086667  -0.822222  84 0.320000 
-0.072222  -0.756667  85 0.320000 
0.053889  -0.763333  86 0.320000 
0.045000  -0.775556  87 0.320000 
0.035000  -0.723333  88 0.320000 
0.085556  -0.801111  89 0.320000 
-0.076111  -0.790000  90 0.320000 
0.044444  -0.784444  91 0.320000 
0.003333  -0.744444  92 0.320000 
-0.073889  -0.761111  93 0.320000 
-0.012222  -0.788889  94 0.320000 
-0.034444  -0.772222  95 0.320000 
-0.073889  -0.787778  96 0.320000 
0.180000  -0.821111  97 0.320000 
-0.018889  -0.711111  98 0.320000 
0.016111  -0.768889  99 0.320000 
-0.054444  -0.764444  100 0.320000 
-0.104444  -0.780000  101 0.320000 
0.021111  -0.776667  102 0.320000 
0.016111  -0.774444  103 0.320000 
0.023889  -0.767778  104 0.320000 
-0.041667  -0.784444  105 0.320000 
0.012222  -0.725556  106 0.320000 
0.019444  -0.783333  107 0.320000 
0.016667  -0.750000  108 0.320000 
-0.045556  -0.753333  109 0.320000 
-0.009444  -0.767778  110 0.320000 
0.015556  -0.791111  111 0.320000 
0.023889  -0.812222  112 0.320000 
0.065556  -0.726667  113 0.320000 
-0.002778  -0.787778  114 0.320000 
0.083889  -0.766667  115 0.320000 
0.028333  -0.744444  116 0.320000 
0.055556  -0.784444  117 0.320000 
0.045556  -0.758889  118 0.320000 
0.031111  -0.805556  119 0.320000 
0.066111  -0.770000  120 0.320000 
0.025556  -0.748889  121 0.320000 
0.035000  -0.768889  122 0.320000 
-0.018333  -0.790000  123 0.320000 
0.021111  -0.766667  124 0.320000 
-0.020000  -0.711111  125 0.320000 
-0.050556  -0.810000  126 0.320000 
0.104444  -0.717778  127 0.320000 
0.034444  -0.801111  128 0.320000 
0.077778  -0.801111  129 0.320000 
0.065000  -0.772222  130 0.320000 
-0.007222  -0.773333  131 0.320000 
-0.009444  -0.758889  132 0.320000 
-0.080000  -0.770000  133 0.320000 
0.088333  -0.770000  134 0.320000 
-0.059444  -0.746667  135 0.320000 
-0.029444  -0.736667  136 0.320000 
0.056111  -0.804444  137 0.320000 
-0.034444  -0.800000  138 0.320000 
-0.029444  -0.808889  139 0.320000 
-0.036667  -0.761111  140 0.320000 
-0.021667  -0.812222  141 0.320000 
0.047778  -0.764444  142 0.320000 
-0.018889  -0.756667  143 0.320000 
0.041667  -0.808889  144 0.320000 
-0.022778  -0.766667  145 0.320000 
-0.008889  -0.748889  146 0.320000 
-0.057778  -0.813333  147 0.320000 
0.060556  -0.787778  148 0.320000 
0.016111  -0.804444  149 0.320000 
-0.021111  -0.777778  150 0.320000 
0.015000  -0.740000  151 0.320000 
0.013333  -0.754444  152 0.320000 
-0.032778  -0.836667  153 0.320000 
-0.048889  -0.803333  154 0.320000 
0.036667  -0.822222  155 0.320000 
-0.029444  -0.818889  156 0.320000 
-0.078333  -0.762222  157 0.320000 
0.030000  -0.803333  158 0.320000 
-0.016667  -0.738889  159 0.320000 
-0.085556  -0.796667  160 0.320000 
-0.041111  -0.801111  161 0.320000 
0.012778  -0.750000  162 0.320000 
-0.032222  -0.743333  163 0.320000 
-0.020000  -0.736667  164 0.320000 
0.012778  -0.726667  165 0.320000 
-0.036667  -0.820000  166 0.320000 
-0.037778  -0.780000  167 0.320000 
-0.031111  -0.796667  168 0.320000 
-0.025000  -0.786667  169 0.320000 
-0.086111  -0.791111  170 0.320000 
-0.037778  -0.766667  171 0.320000 
-0.040000  -0.764444  172 0.320000 
0.009444  -0.767778  173 0.320000 
-0.046667  -0.788889  174 0.320000 
-0.071667  -0.758889  175 0.320000 
-0.056667  -0.776667  176 0.320000 
0.112778  -0.788889  177 0.320000 
0.015000  -0.773333  178 0.320000 
0.030556  -0.786667  179 0.320000 
0.022222  -0.834444  180 0.320000 
-0.011667  -0.776667  181 0.320000 
-0.013333  -0.724444  182 0.320000 
0.030000  -0.726667  183 0.320000 
0.013889  -0.718889  184 0.320000 
0.053889  -0.752222  185 0.320000 
-0.042222  -0.767778  186 0.320000 
0.052778  -0.768889  187 0.320000 
0.000000  -0.751111  188 0.320000 
0.016111  -0.728889  189 0.320000 
0.010556  -0.732222  190 0.320000 
-0.085000  -0.754444  191 0.320000 
-0.037778  -0.771111  192 0.320000 
-0.002222  -0.745556  193 0.320000 
0.016667  -0.786667  194 0.320000 
-0.009444  -0.752222  195 0.320000 
0.062222  -0.781111  196 0.320000 
-0.017222  -0.753333  197 0.320000 
0.060556  -0.745556  198 0.320000 
-0.020556  -0.787778  199 0.320000 
-0.018889  -0.740000  200 0.320000 
-0.022778  -0.768889  201 0.320000 
0.071667  -0.793333  202 0.320000 
0.002778  -0.738889  203 0.320000 
0.001667  -0.807778  204 0.320000 
0.047778  -0.728889  205 0.320000 
-0.050556  -0.784444  206 0.320000 
-0.081667  -0.791111  207 0.320000 
-0.045000  -0.758889  208 0.320000 
0.036111  -0.816667  209 0.320000 
-0.078889  -0.796667  210 0.320000 
0.011667  -0.791111  211 0.320000 
0.042778  -0.742222  212 0.320000 
-0.008889  -0.761111  213 0.320000 
-0.016111  -0.753333  214 0.320000 
-0.092222  -0.855556  215 0.320000 
-0.037222  -0.821111  216 0.320000 
-0.004444  -0.741111  217 0.320000 
0.000556  -0.768889  218 0.320000 
0.060000  -0.782222  219 0.320000 
-0.024444  -0.746667  220 0.320000 
-0.055556  -0.697778  221 0.320000 
0.037778  -0.765556  222 0.320000 
-0.063333  -0.753333  223 0.320000 
0.060556  -0.792222  224 0.320000 
0.038889  -0.725556  225 0.320000 
-0.013333  -0.804444  226 0.320000 
-0.032222  -0.816667  227 0.320000 
0.020556  -0.701111  228 0.320000 
-0.096667  -0.747778  229 0.320000 
-0.008889  -0.801111  230 0.320000 
-0.043333  -0.777778  231 0.320000 
0.013889  -0.781111  232 0.320000 
-0.018333  -0.752222  233 0.320000 
-0.010000  -0.716667  234 0.320000 
0.003889  -0.802222  235 0.320000 
0.110556  -0.744444  236 0.320000 
0.062222  -0.772222  237 0.320000 
0.050556  -0.746667  238 0.320000 
-0.060556  -0.782222  239 0.320000 
-0.014444  -0.811111  240 0.320000 
0.022778  -0.762222  241 0.320000 
0.018333  -0.740000  242 0.320000 
0.025556  -0.696667  243 0.320000 
-0.001111  -0.793333  244 0.320000 
0.023333  -0.783333  245 0.320000 
0.023333  -0.777778  246 0.320000 
0.052778  -0.766667  247 0.320000 
0.022222  -0.753333  248 0.320000 
0.039444  -0.786667  249 0.320000 
0.005000  -0.788889  250 0.320000 
0.060556  -0.773333  251 0.320000 
-0.056111  -0.762222  252 0.320000 
0.051111  -0.714444  253 0.320000 
0.035556  -0.772222  254 0.320000 
0.109444  -0.814444  255 0.320000 
-0.007222  -0.743333  256 0.320000 
-0.002778  -0.777778  257 0.320000 
-0.016111  -0.708889  258 0.320000 
0.030556  -0.743333  259 0.320000 
0.020556  -0.753333  260 0.320000 
-0.072778  -0.745556  261 0.320000 
-0.105000  -0.745556  262 0.320000 
0.070556  -0.788889  263 0.320000 
-0.091111  -0.757778  264 0.320000 
0.017222  -0.765556  265 0.320000 
0.080556  -0.732222  266 0.320000 
-0.052222  -0.728889  267 0.320000 
0.006111  -0.772222  268 0.320000 
0.170000  -0.812222  269 0.320000 
-0.005000  -0.790000  270 0.320000 
-0.061667  -0.767778  271 0.320000 
0.090556  -0.724444  272 0.320000 
-0.030556  -0.735556  273 0.320000 
-0.069444  -0.756667  274 0.320000 
-0.000556  -0.802222  275 0.320000 
-0.044444  -0.796667  276 0.320000 
-0.009444  -0.811111  277 0.320000 
0.000556  -0.755556  278 0.320000 
-0.031667  -0.772222  279 0.320000 
-0.005000  -0.766667  280 0.320000 
0.023889  -0.783333  281 0.320000 
-0.063889  -0.793333  282 0.320000 
-0.021667  -0.727778  283 0.320000 
-0.073889  -0.780000  284 0.320000 
0.002222  -0.770000  285 0.320000 
0.086111  -0.816667  286 0.320000 
-0.040000  -0.727778  287 0.320000 
-0.027222  -0.795556  288 0.320000 
-0.029444  -0.826667  289 0.320000 
0.037222  -0.724444  290 0.320000 
0.071667  -0.733333  291 0.320000 
0.046667  -0.821111  292 0.320000 
-0.042222  -0.765556  293 0.320000 
0.084444  -0.772222  294 0.320000 
-0.053889  -0.743333  295 0.320000 
0.005556  -0.773333  296 0.320000 
0.117222  -0.753333  297 0.320000 
0.028333  -0.796667  298 0.320000 
-0.025556  -0.747778  299 0.320000 
-0.072778  -0.751111  300 0.320000 
0.017778  -0.770000  301 0.320000 
-0.022778  -0.803333  302 0.320000 
0.106111  -0.744444  303 0.320000 
0.027778  -0.716667  304 0.320000 
-0.061667  -0.756667  305 0.320000 
-0.043889  -0.757778  306 0.320000 
0.128333  -0.797778  307 0.320000 
0.060000  -0.774444  308 0.320000 
0.007778  -0.771111  309 0.320000 
-0.056667  -0.783333  310 0.320000 
0.015556  -0.815556  311 0.320000 
0.075000  -0.740000  312 0.320000 
-0.016667  -0.737778  313 0.320000 
-0.103333  -0.756667  314 0.320000 
0.027222  -0.722222  315 0.320000 
-0.152222  -0.814444  316 0.320000 
0.061667  -0.744444  317 0.320000 
0.047222  -0.780000  318 0.320000 
-0.082778  -0.785556  319 0.320000 
0.007222  -0.700000  320 0.320000 
0.010556  -0.734444  321 0.320000 
-0.056667  -0.743333  322 0.320000 
-0.004444  -0.795556  323 0.320000 
0.011667  -0.758889  324 0.320000 
-0.113333  -0.783333  325 0.320000 
-0.030556  -0.781111  326 0.320000 
-0.094444  -0.771111  327 0.320000 
0.026667  -0.751111  328 0.320000 
0.037778  -0.740000  329 0.320000 
-0.001111  -0.747778  330 0.320000 
0.022778  -0.736667  331 0.320000 
0.020000  -0.761111  332 0.320000 
-0.013889  -0.777778  333 0.320000 
0.076111  -0.704444  334 0.320000 
-0.036667  -0.788889  335 0.320000 
-0.030000  -0.733333  336 0.320000 
0.023333  -0.767778  337 0.320000 
0.126111  -0.778889  338 0.320000 
-0.068333  -0.738889  339 0.320000 
0.029444  -0.818889  340 0.320000 
0.001667  -0.756667  341 0.320000 
0.050556  -0.808889  342 0.320000 
0.009444  -0.717778  343 0.320000 
-0.062778  -0.807778  344 0.320000 
0.017222  -0.780000  345 0.320000 
0.006111  -0.710000  346 0.320000 
-0.026111  -0.734444  347 0.320000 
0.041111  -0.745556  348 0.320000 
0.090556  -0.775556  349 0.320000 
0.039444  -0.790000  350 0.320000 
-0.076111  -0.721111  351 0.320000 
0.062222  -0.744444  352 0.320000 
-0.030000  -0.793333  353 0.320000 
-0.027222  -0.726667  354 0.320000 
0.021667  -0.787778  355 0.320000 
-0.005000  -0.718889  356 0.320000 
0.031111  -0.807778  357 0.320000 
-0.008889  -0.807778  358 0.320000 
0.012222  -0.743333  359 0.320000 
-0.050000  -0.793333  360 0.320000 
0.015000  -0.732222  361 0.320000 
-0.001111  -0.767778  362 0.320000 
-0.078333  -0.800000  363 0.320000 
0.104444  -0.745556  364 0.320000 
0.076111  -0.763333  365 0.320000 
0.031111  -0.747778  366 0.320000 
-0.061667  -0.738889  367 0.320000 
-0.010000  -0.770000  368 0.320000 
0.030556  -0.851111  369 0.320000 
-0.007778  -0.798889  370 0.320000 
-0.039444  -0.827778  371 0.320000 
0.023333  -0.792222  372 0.320000 
0.056111  -0.781111  373 0.320000 
0.037778  -0.746667  374 0.320000 
0.030000  -0.790000  375 0.320000 
0.074444  -0.806667  376 0.320000 
0.027778  -0.774444  377 0.320000 
0.027222  -0.810000  378 0.320000 
0.016111  -0.717778  379 0.320000 
-0.003333  -0.780000  380 0.320000 
-0.108889  -0.787778  381 0.320000 
0.071667  -0.785556  382 0.320000 
-0.055556  -0.786667  383 0.320000 
-0.055556  -0.768889  384 0.320000 
0.045000  -0.754444  385 0.320000 
0.041111  -0.754444  386 0.320000 
-0.034444  -0.734444  387 0.320000 
-0.030556  -0.760000  388 0.320000 
-0.120556  -0.754444  389 0.320000 
0.060000  -0.743333  390 0.320000 
-0.014444  -0.790000  391 0.320000 
-0.006111  -0.782222  392 0.320000 
-0.053333  -0.706667  393 0.320000 
-0.081111  -0.758889  394 0.320000 
-0.056667  -0.818889  395 0.320000 
-0.047222  -0.725556  396 0.320000 
-0.047222  -0.741111  397 0.320000 
0.076111  -0.780000  398 0.320000 
-0.078889  -0.786667  399 0.320000 
0.030556  -0.813333  400 0.320000 
0.043333  -0.766667  401 0.320000 
-0.069444  -0.742222  402 0.320000 
-0.100000  -0.744444  403 0.320000 
-0.002222  -0.774444  404 0.320000 
-0.086111  -0.758889  405 0.320000 
0.053333  -0.790000  406 0.320000 
-0.022222  -0.752222  407 0.320000 
-0.019444  -0.740000  408 0.320000 
0.023333  -0.757778  409 0.320000 
-0.042778  -0.817778  410 0.320000 
0.061667  -0.792222  411 0.320000 
0.063889  -0.776667  412 0.320000 
-0.098333  -0.732222  413 0.320000 
0.030556  -0.755556  414 0.320000 
0.045000  -0.780000  415 0.320000 
0.005556  -0.720000  416 0.320000 
0.034444  -0.773333  417 0.320000 
0.030556  -0.792222  418 0.320000 
0.037778  -0.746667  419 0.320000 
0.001667  -0.753333  420 0.320000 
-0.030000  -0.733333  421 0.320000 
-0.006667  -0.753333  422 0.320000 
-0.013333  -0.802222  423 0.320000 
0.010556  -0.716667  424 0.320000 
0.027778  -0.760000  425 0.320000 
-0.090000  -0.820000  426 0.320000 
0.023889  -0.783333  427 0.320000 
-0.035556  -0.767778  428 0.320000 
0.006667  -0.728889  429 0.320000 
0.066111  -0.761111  430 0.320000 
0.085000  -0.786667  431 0.320000 
0.035556  -0.781111  432 0.320000 
0.041667  -0.803333  433 0.320000 
-0.054444  -0.785556  434 0.320000 
0.040556  -0.775556  435 0.320000 
0.026667  -0.807778  436 0.320000 
-0.020000  -0.747778  437 0.320000 
0.072778  -0.817778  438 0.320000 
0.020556  -0.763333  439 0.320000 
0.013889  -0.776667  440 0.320000 
-0.080556  -0.800000  441 0.320000 
0.035556  -0.798889  442 0.320000 
-0.030556  -0.752222  443 0.320000 
-0.001111  -0.807778  444 0.320000 
0.029444  -0.798889  445 0.320000 
0.025556  -0.772222  446 0.320000 
-0.024444  -0.770000  447 0.320000 
0.079444  -0.728889  448 0.320000 
-0.041667  -0.798889  449 0.320000 
0.055000  -0.766667  450 0.320000 
0.021111  -0.773333  451 0.320000 
-0.021667  -0.828889  452 0.320000 
0.003333  -0.777778  453 0.320000 
0.004444  -0.745556  454 0.320000 
-0.007222  -0.753333  455 0.320000 
0.049444  -0.795556  456 0.320000 
0.016111  -0.827778  457 0.320000 
0.022778  -0.785556  458 0.320000 
0.081667  -0.711111  459 0.320000 
0.008889  -0.812222  460 0.320000 
-0.080000  -0.757778  461 0.320000 
0.007222  -0.830000  462 0.320000 
-0.023333  -0.748889  463 0.320000 
0.042778  -0.718889  464 0.320000 
-0.044444  -0.784444  465 0.320000 
-0.025556  -0.801111  466 0.320000 
-0.045556  -0.770000  467 0.320000 
0.021667  -0.818889  468 0.320000 
0.057778  -0.748889  469 0.320000 
-0.017778  -0.761111  470 0.320000 
0.026111  -0.681111  471 0.320000 
0.006667  -0.744444  472 0.320000 
0.037222  -0.767778  473 0.320000 
0.068889  -0.734444  474 0.320000 
-0.017778  -0.756667  475 0.320000 
-0.010000  -0.727778  476 0.320000 
-0.022778  -0.771111  477 0.320000 
-0.005556  -0.745556  478 0.320000 
-0.045556  -0.750000  479 0.320000 
0.059444  -0.757778  480 0.320000 
0.033889  -0.714444  481 0.320000 
0.001667  -0.791111  482 0.320000 
0.007222  -0.734444  483 0.320000 
0.091111  -0.786667  484 0.320000 
0.055556  -0.718889  485 0.320000 
-0.067222  -0.754444  486 0.320000 
-0.002222  -0.746667  487 0.320000 
-0.030000  -0.740000  488 0.320000 
0.005556  -0.715556  489 0.320000 
0.037778  -0.792222  490 0.320000 
0.033333  -0.836667  491 0.320000 
0.008889  -0.755556  492 0.320000 
-0.001111  -0.772222  493 0.320000 
0.030556  -0.791111  494 0.320000 
0.002222  -0.755556  495 0.320000 
0.107222  -0.797778  496 0.320000 
-0.008889  -0.785556  497 0.320000 
-0.014444  -0.722222  498 0.320000 
-0.017222  -0.751111  499 0.320000 
0.095556  -0.795556  500 0.320000 
0.079444  -0.772222  501 0.320000 
0.060556  -0.826667  502 0.320000 
-0.027778  -0.783333  503 0.320000 
-0.010000  -0.731111  504 0.320000 
-0.033333  -0.808889  505 0.320000 
0.071667  -0.786667  506 0.320000 
0.100556  -0.751111  507 0.320000 
0.034444  -0.783333  508 0.320000 
-0.040000  -0.797778  509 0.320000 
0.047778  -0.753333  510 0.320000 
-0.052778  -0.751111  511 0.320000 
-0.017222  -0.745556  512 0.320000 
0.013889  -0.773333  513 0.320000 
-0.010556  -0.773333  514 0.320000 
0.007222  -0.760000  515 0.320000 
0.043333  -0.757778  516 0.320000 
-0.068333  -0.760000  517 0.320000 
0.091667  -0.813333  518 0.320000 
0.076111  -0.744444  519 0.320000 
-0.087778  -0.815556  520 0.320000 
0.103889  -0.735556  521 0.320000 
-0.032778  -0.776667  522 0.320000 
0.037222  -0.758889  523 0.320000 
0.013889  -0.825556  524 0.320000 
0.046111  -0.750000  525 0.320000 
-0.039444  -0.737778  526 0.320000 
0.025000  -0.766667  527 0.320000 
0.005556  -0.800000  528 0.320000 
0.016111  -0.766667  529 0.320000 
-0.012222  -0.755556  530 0.320000 
-0.040556  -0.741111  531 0.320000 
0.074444  -0.794444  532 0.320000 
0.065000  -0.788889  533 0.320000 
0.030556  -0.793333  534 0.320000 
0.022222  -0.763333  535 0.320000 
-0.010556  -0.747778  536 0.320000 
-0.001667  -0.720000  537 0.320000 
-0.010000  -0.812222  538 0.320000 
-0.068333  -0.778889  539 0.320000 
-0.047778  -0.744444  540 0.320000 
0.042778  -0.701111  541 0.320000 
0.028889  -0.740000  542 0.320000 
-0.023333  -0.731111  543 0.320000 
0.066667  -0.762222  544 0.320000 
0.020556  -0.752222  545 0.320000 
0.040000  -0.791111  546 0.320000 
-0.053889  -0.770000  547 0.320000 
0.058333  -0.816667  548 0.320000 
-0.008333  -0.735556  549 0.320000 
0.007222  -0.755556  550 0.320000 
0.022222  -0.731111  551 0.320000 
0.033333  -0.752222  552 0.320000 
0.055000  -0.782222  553 0.320000 
0.050556  -0.792222  554 0.320000 
-0.027778  -0.821111  555 0.320000 
0.071111  -0.756667  556 0.320000 
-0.003333  -0.785556  557 0.320000 
-0.037778  -0.774444  558 0.320000 
-0.053889  -0.761111  559 0.320000 
-0.070000  -0.781111  560 0.320000 
-0.018889  -0.757778  561 0.320000 
-0.048889  -0.743333  562 0.320000 
0.029444  -0.761111  563 0.320000 
0.045556  -0.774444  564 0.320000 
-0.048333  -0.837778  565 0.320000 
0.018889  -0.742222  566 0.320000 
0.030000  -0.778889  567 0.320000 
0.026111  -0.757778  568 0.320000 
-0.007778  -0.763333  569 0.320000 
-0.026111  -0.794444  570 0.320000 
0.052778  -0.772222  571 0.320000 
-0.025556  -0.766667  572 0.320000 
0.010000  -0.785556  573 0.320000 
0.055000  -0.786667  574 0.320000 
-0.046667  -0.813333  575 0.320000 
-0.067778  -0.803333  576 0.320000 
0.053889  -0.781111  577 0.320000 
-0.100556  -0.722222  578 0.320000 
-0.032778  -0.751111  579 0.320000 
-0.017778  -0.784444  580 0.320000 
0.110556  -0.738889  581 0.320000 
-0.013333  -0.764444  582 0.320000 
0.031111  -0.735556  583 0.320000 
-0.085000  -0.802222  584 0.320000 
0.030000  -0.811111  585 0.320000 
0.063889  -0.761111  586 0.320000 
-0.034444  -0.770000  587 0.320000 
0.000556  -0.754444  588 0.320000 
-0.153333  -0.800000  589 0.320000 
0.021111  -0.814444  590 0.320000 
0.066667  -0.733333  591 0.320000 
-0.001111  -0.772222  592 0.320000 
-0.022222  -0.778889  593 0.320000 
-0.007778  -0.763333  594 0.320000 
0.047222  -0.758889  595 0.320000 
-0.069444  -0.797778  596 0.320000 
-0.047222  -0.810000  597 0.320000 
-0.015556  -0.724444  598 0.320000 
-0.008333  -0.793333  599 0.320000 
-0.045000  -0.765556  600 0.320000 
-0.055000  -0.751111  601 0.320000 
0.048889  -0.745556  602 0.320000 
-0.113889  -0.782222  603 0.320000 
0.050556  -0.836667  604 0.320000 
0.096667  -0.813333  605 0.320000 
0.036667  -0.763333  606 0.320000 
-0.038333  -0.722222  607 0.320000 
0.038889  -0.785556  608 0.320000 
-0.045556  -0.756667  609 0.320000 
-0.042222  -0.736667  610 0.320000 
-0.056667  -0.811111  611 0.320000 
-0.046667  -0.746667  612 0.320000 
-0.080000  -0.781111  613 0.320000 
-0.024444  -0.801111  614 0.320000 
0.011667  -0.784444  615 0.320000 
-0.090000  -0.748889  616 0.320000 
0.010556  -0.752222  617 0.320000 
-0.052222  -0.786667  618 0.320000 
0.034444  -0.797778  619 0.320000 
0.042778  -0.776667  620 0.320000 
-0.030556  -0.712222  621 0.320000 
0.081111  -0.745556  622 0.320000 
0.065556  -0.763333  623 0.320000 
-0.035556  -0.815556  624 0.320000 
0.124444  -0.754444  625 0.320000 
-0.027778  -0.743333  626 0.320000 
0.005556  -0.786667  627 0.320000 
0.023889  -0.810000  628 0.320000 
0.063889  -0.747778  629 0.320000 
-0.043889  -0.767778  630 0.320000 
-0.034444  -0.763333  631 0.320000 
0.053333  -0.815556  632 0.320000 
0.007778  -0.794444  633 0.320000 
-0.027778  -0.787778  634 0.320000 
-0.043333  -0.788889  635 0.320000 
-0.091111  -0.728889  636 0.320000 
0.007222  -0.730000  637 0.320000 
-0.101111  -0.815556  638 0.320000 
0.028333  -0.766667  639 0.320000 
-0.059444  -0.786667  640 0.320000 
0.003333  -0.802222  641 0.320000 
0.011111  -0.767778  642 0.320000 
0.011667  -0.792222  643 0.320000 
0.045000  -0.656667  644 0.320000 
0.002778  -0.785556  645 0.320000 
0.002778  -0.755556  646 0.320000 
0.049444  -0.796667  647 0.320000 
0.040000  -0.795556  648 0.320000 
0.005556  -0.740000  649 0.320000 
-0.105000  -0.776667  650 0.320000 
0.010000  -0.774444  651 0.320000 
-0.008333  -0.748889  652 0.320000 
0.065000  -0.804444  653 0.320000 
-0.028889  -0.798889  654 0.320000 
-0.005000  -0.776667  655 0.320000 
0.011667  -0.740000  656 0.320000 
0.011667  -0.760000  657 0.320000 
-0.045556  -0.780000  658 0.320000 
0.070000  -0.796667  659 0.320000 
-0.011667  -0.716667  660 0.320000 
-0.058333  -0.806667  661 0.320000 
-0.096111  -0.768889  662 0.320000 
-0.011667  -0.793333  663 0.320000 
0.096111  -0.783333  664 0.320000 
-0.009444  -0.815556  665 0.320000 
0.000000  -0.794444  666 0.320000 
0.013333  -0.778889  667 0.320000 
-0.023889  -0.800000  668 0.320000 
0.068889  -0.762222  669 0.320000 
0.059444  -0.721111  670 0.320000 
0.015556  -0.763333  671 0.320000 
0.028889  -0.757778  672 0.320000 
0.081111  -0.675556  673 0.320000 
-0.033889  -0.720000  674 0.320000 
0.027778  -0.754444  675 0.320000 
-0.011667  -0.756667  676 0.320000 
-0.072778  -0.755556  677 0.320000 
0.058889  -0.690000  678 0.320000 
-0.059444  -0.772222  679 0.320000 
0.067778  -0.813333  680 0.320000 
0.025000  -0.730000  681 0.320000 
0.034444  -0.751111  682 0.320000 
-0.002222  -0.773333  683 0.320000 
0.121667  -0.796667  684 0.320000 
0.030000  -0.752222  685 0.320000 
0.038889  -0.754444  686 0.320000 
0.037778  -0.708889  687 0.320000 
0.112222  -0.780000  688 0.320000 
0.043889  -0.716667  689 0.320000 
-0.013889  -0.793333  690 0.320000 
0.062778  -0.747778  691 0.320000 
-0.003889  -0.771111  692 0.320000 
0.020000  -0.778889  693 0.320000 
0.015556  -0.796667  694 0.320000 
-0.017778  -0.750000  695 0.320000 
0.080000  -0.796667  696 0.320000 
-0.097222  -0.765556  697 0.320000 
-0.056111  -0.724444  698 0.320000 
0.038333  -0.764444  699 0.320000 
0.001667  -0.770000  700 0.320000 
0.046667  -0.714444  701 0.320000 
0.032222  -0.801111  702 0.320000 
0.006111  -0.823333  703 0.320000 
0.080000  -0.797778  704 0.320000 
0.050556  -0.787778  705 0.320000 
-0.040000  -0.767778  706 0.320000 
-0.046111  -0.808889  707 0.320000 
0.005556  -0.744444  708 0.320000 
-0.028333  -0.757778  709 0.320000 
-0.003889  -0.800000  710 0.320000 
-0.043889  -0.756667  711 0.320000 
-0.050000  -0.763333  712 0.320000 
-0.006111  -0.757778  713 0.320000 
-0.043889  -0.724444  714 0.320000 
0.018889  -0.778889  715 0.320000 
-0.016111  -0.760000  716 0.320000 
0.025000  -0.731111  717 0.320000 
0.105000  -0.771111  718 0.320000 
0.127222  -0.785556  719 0.320000 
0.092222  -0.815556  720 0.320000 
-0.028889  -0.754444  721 0.320000 
-0.019444  -0.780000  722 0.320000 
-0.037222  -0.701111  723 0.320000 
-0.033889  -0.786667  724 0.320000 
-0.035000  -0.776667  725 0.320000 
0.036111  -0.770000  726 0.320000 
-0.065000  -0.755556  727 0.320000 
0.044444  -0.837778  728 0.320000 
0.034444  -0.787778  729 0.320000 
0.144444  -0.787778  730 0.320000 
0.013333  -0.751111  731 0.320000 
0.063889  -0.758889  732 0.320000 
0.049444  -0.781111  733 0.320000 
-0.013889  -0.792222  734 0.320000 
-0.127222  -0.776667  735 0.320000 
-0.025000  -0.741111  736 0.320000 
0.001111  -0.763333  737 0.320000 
0.022222  -0.752222  738 0.320000 
0.003333  -0.748889  739 0.320000 
0.017222  -0.804444  740 0.320000 
-0.066111  -0.825556  741 0.320000 
-0.076667  -0.804444  742 0.320000 
-0.022778  -0.753333  743 0.320000 
-0.012778  -0.763333  744 0.320000 
0.042222  -0.765556  745 0.320000 
0.103889  -0.793333  746 0.320000 
0.041667  -0.762222  747 0.320000 
0.065000  -0.731111  748 0.320000 
-0.072778  -0.797778  749 0.320000 
-0.028333  -0.816667  750 0.320000 
0.021667  -0.750000  751 0.320000 
-0.061111  -0.722222  752 0.320000 
-0.041111  -0.798889  753 0.320000 
-0.042778  -0.745556  754 0.320000 
0.049444  -0.823333  755 0.320000 
-0.036667  -0.812222  756 0.320000 
0.025556  -0.795556  757 0.320000 
-0.012778  -0.727778  758 0.320000 
-0.035000  -0.740000  759 0.320000 
-0.051667  -0.741111  760 0.320000 
-0.028889  -0.776667  761 0.320000 
0.056667  -0.817778  762 0.320000 
-0.022778  -0.765556  763 0.320000 
-0.012222  -0.771111  764 0.320000 
0.040556  -0.756667  765 0.320000 
-0.005000  -0.758889  766 0.320000 
0.052222  -0.771111  767 0.320000 
0.024444  -0.750000  768 0.320000 
-0.091667  -0.792222  769 0.320000 
-0.010556  -0.781111  770 0.320000 
-0.015000  -0.775556  771 0.320000 
0.022222  -0.771111  772 0.320000 
0.127222  -0.764444  773 0.320000 
0.048333  -0.735556  774 0.320000 
-0.086667  -0.780000  775 0.320000 
-0.043889  -0.774444  776 0.320000 
0.045556  -0.734444  777 0.320000 
-0.060556  -0.755556  778 0.320000 
0.061111  -0.776667  779 0.320000 
0.017222  -0.844444  780 0.320000 
0.018333  -0.743333  781 0.320000 
0.075000  -0.756667  782 0.320000 
-0.048889  -0.727778  783 0.320000 
-0.006111  -0.790000  784 0.320000 
0.045556  -0.830000  785 0.320000 
0.048333  -0.744444  786 0.320000 
0.030000  -0.730000  787 0.320000 
-0.000556  -0.795556  788 0.320000 
0.009444  -0.704444  789 0.320000 
-0.037778  -0.756667  790 0.320000 
-0.076111  -0.731111  791 0.320000 
0.068889  -0.806667  792 0.320000 
-0.075000  -0.802222  793 0.320000 
-0.040556  -0.750000  794 0.320000 
-0.037222  -0.768889  795 0.320000 
-0.006111  -0.753333  796 0.320000 
0.007222  -0.776667  797 0.320000 
-0.024444  -0.785556  798 0.320000 
0.027222  -0.777778  799 0.320000 
-0.035556  -0.771111  800 0.320000 
-0.062222  -0.770000  801 0.320000 
-0.068889  -0.750000  802 0.320000 
0.015000  -0.835556  803 0.320000 
-0.048889  -0.785556  804 0.320000 
0.017778  -0.741111  805 0.320000 
0.020556  -0.676667  806 0.320000 
-0.006111  -0.723333  807 0.320000 
-0.104444  -0.831111  808 0.320000 
-0.022222  -0.817778  809 0.320000 
0.047778  -0.765556  810 0.320000 
-0.013889  -0.788889  811 0.320000 
-0.050000  -0.787778  812 0.320000 
0.111667  -0.728889  813 0.320000 
-0.082222  -0.782222  814 0.320000 
-0.112222  -0.770000  815 0.320000 
0.076667  -0.810000  816 0.320000 
0.089444  -0.688889  817 0.320000 
0.032778  -0.771111  818 0.320000 
0.054444  -0.787778  819 0.320000 
-0.058333  -0.795556  820 0.320000 
0.054444  -0.727778  821 0.320000 
-0.038333  -0.720000  822 0.320000 
0.050000  -0.778889  823 0.320000 
-0.000556  -0.776667  824 0.320000 
0.080000  -0.748889  825 0.320000 
0.001667  -0.764444  826 0.320000 
0.062222  -0.753333  827 0.320000 
0.089444  -0.770000  828 0.320000 
-0.072222  -0.796667  829 0.320000 
0.016667  -0.747778  830 0.320000 
-0.078333  -0.775556  831 0.320000 
0.097222  -0.730000  832 0.320000 
-0.025556  -0.766667  833 0.320000 
-0.053889  -0.770000  834 0.320000 
0.050556  -0.781111  835 0.320000 
-0.093333  -0.782222  836 0.320000 
0.069444  -0.761111  837 0.320000 
0.030556  -0.761111  838 0.320000 
0.012222  -0.763333  839 0.320000 
0.005556  -0.816667  840 0.320000 
0.025000  -0.811111  841 0.320000 
-0.033889  -0.751111  842 0.320000 
0.001667  -0.808889  843 0.320000 
-0.059444  -0.766667  844 0.320000 
0.020000  -0.764444  845 0.320000 
0.005556  -0.770000  846 0.320000 
-0.023333  -0.782222  847 0.320000 
0.011111  -0.761111  848 0.320000 
-0.002222  -0.803333  849 0.320000 
0.021667  -0.790000  850 0.320000 
-0.091667  -0.834444  851 0.320000 
0.137778  -0.782222  852 0.320000 
0.007222  -0.817778  853 0.320000 
-0.081111  -0.753333  854 0.320000 
0.060000  -0.752222  855 0.320000 
-0.025000  -0.728889  856 0.320000 
-0.020000  -0.752222  857 0.320000 
-0.025556  -0.783333  858 0.320000 
0.021111  -0.711111  859 0.320000 
-0.066667  -0.787778  860 0.320000 
0.027222  -0.785556  861 0.320000 
-0.071667  -0.777778  862 0.320000 
0.081667  -0.767778  863 0.320000 
0.050000  -0.766667  864 0.320000 
-0.012778  -0.835556  865 0.320000 
-0.062778  -0.745556  866 0.320000 
0.025000  -0.776667  867 0.320000 
0.047222  -0.793333  868 0.320000 
-0.012222  -0.777778  869 0.320000 
0.003889  -0.801111  870 0.320000 
0.014444  -0.782222  871 0.320000 
-0.100000  -0.781111  872 0.320000 
-0.035000  -0.766667  873 0.320000 
-0.031111  -0.733333  874 0.320000 
-0.026667  -0.758889  875 0.320000 
-0.035556  -0.755556  876 0.320000 
-0.079444  -0.757778  877 0.320000 
0.030000  -0.784444  878 0.320000 
-0.061111  -0.737778  879 0.320000 
0.058333  -0.768889  880 0.320000 
0.057778  -0.752222  881 0.320000 
-0.010000  -0.777778  882 0.320000 
-0.064444  -0.821111  883 0.320000 
0.064444  -0.764444  884 0.320000 
0.052222  -0.780000  885 0.320000 
0.097222  -0.743333  886 0.320000 
-0.051111  -0.792222  887 0.320000 
-0.007778  -0.720000  888 0.320000 
-0.012222  -0.785556  889 0.320000 
0.030556  -0.783333  890 0.320000 
0.045556  -0.782222  891 0.320000 
-0.098333  -0.765556  892 0.320000 
0.003333  -0.813333  893 0.320000 
-0.004444  -0.751111  894 0.320000 
-0.048333  -0.787778  895 0.320000 
0.053333  -0.791111  896 0.320000 
0.010556  -0.770000  897 0.320000 
0.107778  -0.781111  898 0.320000 
0.049444  -0.737778  899 0.320000 
-0.090000  -0.780000  900 0.320000 
-0.054444  -0.781111  901 0.320000 
0.066111  -0.774444  902 0.320000 
0.025000  -0.800000  903 0.320000 
0.032778  -0.728889  904 0.320000 
0.147222  -0.794444  905 0.320000 
-0.030556  -0.782222  906 0.320000 
0.005000  -0.838889  907 0.320000 
0.032778  -0.796667  908 0.320000 
-0.008333  -0.808889  909 0.320000 
-0.088333  -0.774444  910 0.320000 
0.003333  -0.768889  911 0.320000 
-0.013889  -0.794444  912 0.320000 
-0.056111  -0.794444  913 0.320000 
0.016667  -0.795556  914 0.320000 
-0.044444  -0.803333  915 0.320000 
0.001667  -0.767778  916 0.320000 
-0.046111  -0.790000  917 0.320000 
0.152778  -0.801111  918 0.320000 
-0.017222  -0.775556  919 0.320000 
0.042222  -0.736667  920 0.320000 
-0.031667  -0.802222  921 0.320000 
-0.076667  -0.774444  922 0.320000 
-0.091667  -0.842222  923 0.320000 
-0.023333  -0.788889  924 0.320000 
-0.035000  -0.777778  925 0.320000 
-0.022222  -0.790000  926 0.320000 
-0.063889  -0.794444  927 0.320000 
-0.022222  -0.781111  928 0.320000 
-0.065556  -0.808889  929 0.320000 
0.034444  -0.750000  930 0.320000 
0.037778  -0.785556  931 0.320000 
-0.081111  -0.755556  932 0.320000 
-0.003333  -0.784444  933 0.320000 
-0.021667  -0.763333  934 0.320000 
-0.052778  -0.810000  935 0.320000 
0.058333  -0.778889  936 0.320000 
-0.085556  -0.726667  937 0.320000 
0.007222  -0.755556  938 0.320000 
0.058333  -0.785556  939 0.320000 
0.073889  -0.742222  940 0.320000 
-0.057778  -0.740000  941 0.320000 
0.077222  -0.780000  942 0.320000 
-0.014444  -0.771111  943 0.320000 
-0.041111  -0.772222  944 0.320000 
-0.077222  -0.783333  945 0.320000 
-0.018333  -0.730000  946 0.320000 
0.039444  -0.748889  947 0.320000 
-0.063333  -0.750000  948 0.320000 
0.052778  -0.790000  949 0.320000 
0.068889  -0.787778  950 0.320000 
0.060556  -0.811111  951 0.320000 
-0.044444  -0.807778  952 0.320000 
-0.068333  -0.826667  953 0.320000 
-0.059444  -0.780000  954 0.320000 
0.025000  -0.803333  955 0.320000 
-0.070000  -0.812222  956 0.320000 
-0.005000  -0.781111  957 0.320000 
-0.037778  -0.780000  958 0.320000 
0.030556  -0.736667  959 0.320000 
0.004444  -0.750000  960 0.320000 
-0.017222  -0.768889  961 0.320000 
-0.015556  -0.788889  962 0.320000 
0.022222  -0.738889  963 0.320000 
0.002778  -0.741111  964 0.320000 
-0.002222  -0.844444  965 0.320000 
0.002222  -0.774444  966 0.320000 
0.020000  -0.751111  967 0.320000 
0.033889  -0.813333  968 0.320000 
0.019444  -0.778889  969 0.320000 
0.024444  -0.787778  970 0.320000 
0.059444  -0.762222  971 0.320000 
-0.032222  -0.770000  972 0.320000 
-0.097778  -0.777778  973 0.320000 
0.026667  -0.790000  974 0.320000 
-0.074444  -0.762222  975 0.320000 
0.018889  -0.781111  976 0.320000 
-0.008333  -0.761111  977 0.320000 
0.135556  -0.776667  978 0.320000 
0.038333  -0.744444  979 0.320000 
-0.035000  -0.788889  980 0.320000 
-0.007222  -0.804444  981 0.320000 
0.011667  -0.726667  982 0.320000 
-0.038333  -0.803333  983 0.320000 
-0.029444  -0.775556  984 0.320000 
0.034444  -0.790000  985 0.320000 
-0.056667  -0.773333  986 0.320000 
-0.016667  -0.764444  987 0.320000 
-0.024444  -0.774444  988 0.320000 
-0.000556  -0.732222  989 0.320000 
0.018333  -0.820000  990 0.320000 
0.002778  -0.792222  991 0.320000 
0.150556  -0.796667  992 0.320000 
-0.072778  -0.806667  993 0.320000 
0.091667  -0.747778  994 0.320000 
0.087222  -0.754444  995 0.320000 
-0.020556  -0.725556  996 0.320000 
0.149444  -0.774444  997 0.320000 
-0.042778  -0.742222  998 0.320000 
0.008889  -0.782222  999 0.320000 
-0.034444  -0.764444  1000 0.320000 
0.077778  -0.771111  1001 0.320000 
-0.034444  -0.807778  1002 0.320000 
0.046111  -0.843333  1003 0.320000 
-0.014444  -0.818889  1004 0.320000 
-0.113333  -0.827778  1005 0.320000 
-0.035556  -0.776667  1006 0.320000 
-0.025000  -0.735556  1007 0.320000 
-0.037222  -0.776667  1008 0.320000 
0.105556  -0.806667  1009 0.320000 
-0.017222  -0.797778  1010 0.320000 
0.080000  -0.747778  1011 0.320000 
0.067222  -0.773333  1012 0.320000 
0.021111  -0.786667  1013 0.320000 
0.011667  -0.736667  1014 0.320000 
-0.030556  -0.788889  1015 0.320000 
-0.056667  -0.690000  1016 0.320000 
-0.036667  -0.711111  1017 0.320000 
-0.032222  -0.740000  1018 0.320000 
0.097778  -0.798889  1019 0.320000 
-0.030000  -0.787778  1020 0.320000 
0.051667  -0.766667  1021 0.320000 
-0.005000  -0.723333  1022 0.320000 
0.000556  -0.773333  1023 0.320000 
0.038889  -0.770000  1024 0.320000 
-0.041667  -0.750000  1025 0.320000 
0.037222  -0.705556  1026 0.320000 
0.018889  -0.796667  1027 0.320000 
-0.034444  -0.758889  1028 0.320000 
0.020556  -0.784444  1029 0.320000 
-0.018889  -0.748889  1030 0.320000 
0.042778  -0.726667  1031 0.320000 
-0.018889  -0.753333  1032 0.320000 
0.042222  -0.735556  1033 0.320000 
0.057778  -0.757778  1034 0.320000 
-0.031667  -0.772222  1035 0.320000 
-0.043333  -0.710000  1036 0.320000 
-0.021111  -0.765556  1037 0.320000 
0.048889  -0.803333  1038 0.320000 
0.046667  -0.740000  1039 0.320000 
0.042778  -0.753333  1040 0.320000 
-0.030556  -0.790000  1041 0.320000 
-0.065000  -0.780000  1042 0.320000 
-0.018889  -0.784444  1043 0.320000 
-0.008333  -0.781111  1044 0.320000 
0.012778  -0.714444  1045 0.320000 
0.053889  -0.808889  1046 0.320000 
0.007222  -0.820000  1047 0.320000 
-0.022778  -0.751111  1048 0.320000 
-0.027222  -0.756667  1049 0.320000 
0.027778  -0.740000  1050 0.320000 
-0.041667  -0.711111  1051 0.320000 
-0.111111  -0.832222  1052 0.320000 
0.056667  -0.797778  1053 0.320000 
0.011667  -0.795556  1054 0.320000 
-0.042222  -0.770000  1055 0.320000 
-0.120556  -0.786667  1056 0.320000 
0.012222  -0.757778  1057 0.320000 
0.017778  -0.750000  1058 0.320000 
0.029444  -0.803333  1059 0.320000 
-0.008889  -0.701111  1060 0.320000 
0.001111  -0.791111  1061 0.320000 
-0.063889  -0.784444  1062 0.320000 
-0.141667  -0.870000  1063 0.320000 
-0.058889  -0.797778  1064 0.320000 
0.062778  -0.735556  1065 0.320000 
0.053889  -0.796667  1066 0.320000 
0.073889  -0.763333  1067 0.320000 
-0.002778  -0.776667  1068 0.320000 
-0.000556  -0.791111  1069 0.320000 
0.005000  -0.756667  1070 0.320000 
-0.109444  -0.823333  1071 0.320000 
-0.070556  -0.772222  1072 0.320000 
-0.068889  -0.735556  1073 0.320000 
-0.048333  -0.835556  1074 0.320000 
0.042778  -0.778889  1075 0.320000 
-0.000556  -0.772222  1076 0.320000 
0.038333  -0.751111  1077 0.320000 
0.007778  -0.783333  1078 0.320000 
0.026111  -0.762222  1079 0.320000 
-0.025556  -0.777778  1080 0.320000 
-0.035000  -0.778889  1081 0.320000 
0.013333  -0.747778  1082 0.320000 
-0.077778  -0.734444  1083 0.320000 
-0.019444  -0.758889  1084 0.320000 
-0.000556  -0.758889  1085 0.320000 
-0.030000  -0.787778  1086 0.320000 
-0.023333  -0.758889  1087 0.320000 
-0.015556  -0.741111  1088 0.320000 
-0.003889  -0.735556  1089 0.320000 
-0.046667  -0.688889  1090 0.320000 
-0.032222  -0.774444  1091 0.320000 
-0.007778  -0.778889  1092 0.320000 
0.037778  -0.725556  1093 0.320000 
-0.125000  -0.788889  1094 0.320000 
0.055556  -0.774444  1095 0.320000 
-0.077778  -0.734444  1096 0.320000 
0.057222  -0.778889  1097 0.320000 
-0.006667  -0.754444  1098 0.320000 
0.062778  -0.724444  1099 0.320000 
-0.059444  -0.781111  1100 0.320000 
-0.040000  -0.788889  1101 0.320000 
0.061667  -0.761111  1102 0.320000 
-0.010000  -0.760000  1103 0.320000 
-0.022222  -0.830000  1104 0.320000 
0.037222  -0.761111  1105 0.320000 
0.035556  -0.778889  1106 0.320000 
-0.103889  -0.786667  1107 0.320000 
0.087222  -0.761111  1108 0.320000 
0.043333  -0.746667  1109 0.320000 
-0.005000  -0.762222  1110 0.320000 
0.005556  -0.754444  1111 0.320000 
0.023889  -0.717778  1112 0.320000 
0.069444  -0.776667  1113 0.320000 
-0.040000  -0.745556  1114 0.320000 
-0.067222  -0.752222  1115 0.320000 
-0.014444  -0.732222  1116 0.320000 
-0.140000  -0.764444  1117 0.320000 
0.027778  -0.734444  1118 0.320000 
0.003333  -0.772222  1119 0.320000 
0.050556  -0.767778  1120 0.320000 
-0.024444  -0.812222  1121 0.320000 
0.070556  -0.731111  1122 0.320000 
-0.001667  -0.767778  1123 0.320000 
0.042222  -0.722222  1124 0.320000 
-0.079444  -0.761111  1125 0.320000 
-0.030000  -0.820000  1126 0.320000 
0.099444  -0.767778  1127 0.320000 
0.003889  -0.701111  1128 0.320000 
0.025000  -0.778889  1129 0.320000 
-0.032222  -0.787778  1130 0.320000 
0.031667  -0.728889  1131 0.320000 
0.038889  -0.734444  1132 0.320000 
0.012778  -0.785556  1133 0.320000 
0.006111  -0.744444  1134 0.320000 
-0.012778  -0.812222  1135 0.320000 
-0.000556  -0.761111  1136 0.320000 
0.019444  -0.863333  1137 0.320000 
-0.036667  -0.813333  1138 0.320000 
-0.021667  -0.770000  1139 0.320000 
0.011667  -0.704444  1140 0.320000 
-0.007222  -0.783333  1141 0.320000 
0.000556  -0.833333  1142 0.320000 
0.008333  -0.814444  1143 0.320000 
-0.022778  -0.743333  1144 0.320000 
-0.043889  -0.773333  1145 0.320000 
0.010556  -0.783333  1146 0.320000 
-0.052778  -0.791111  1147 0.320000 
0.004444  -0.747778  1148 0.320000 
0.103333  -0.781111  1149 0.320000 
-0.046111  -0.785556  1150 0.320000 
0.068889  -0.774444  1151 0.320000 
0.002778  -0.817778  1152 0.320000 
0.044444  -0.774444  1153 0.320000 
0.046111  -0.775556  1154 0.320000 
-0.097222  -0.760000  1155 0.320000 
-0.077222  -0.826667  1156 0.320000 
-0.015556  -0.782222  1157 0.320000 
-0.055556  -0.764444  1158 0.320000 
0.036667  -0.746667  1159 0.320000 
0.039444  -0.756667  1160 0.320000 
-0.045000  -0.746667  1161 0.320000 
-0.056667  -0.738889  1162 0.320000 
0.019444  -0.794444  1163 0.320000 
-0.057778  -0.815556  1164 0.320000 
0.021111  -0.760000  1165 0.320000 
0.088333  -0.765556  1166 0.320000 
-0.021111  -0.800000  1167 0.320000 
-0.036111  -0.771111  1168 0.320000 
-0.013889  -0.786667  1169 0.320000 
0.069444  -0.722222  1170 0.320000 
-0.023333  -0.745556  1171 0.320000 
0.000000  -0.796667  1172 0.320000 
0.010556  -0.741111  1173 0.320000 
-0.040000  -0.766667  1174 0.320000 
0.006667  -0.775556  1175 0.320000 
-0.044444  -0.800000  1176 0.320000 
0.013889  -0.776667  1177 0.320000 
-0.001111  -0.734444  1178 0.320000 
-0.021667  -0.753333  1179 0.320000 
0.031667  -0.724444  1180 0.320000 
0.046111  -0.762222  1181 0.320000 
0.168889  -0.765556  1182 0.320000 
-0.008889  -0.786667  1183 0.320000 
0.001111  -0.766667  1184 0.320000 
0.040000  -0.786667  1185 0.320000 
-0.038889  -0.777778  1186 0.320000 
0.060556  -0.763333  1187 0.320000 
0.007222  -0.788889  1188 0.320000 
-0.099444  -0.762222  1189 0.320000 
0.005000  -0.792222  1190 0.320000 
0.042222  -0.794444  1191 0.320000 
0.009444  -0.735556  1192 0.320000 
-0.001667  -0.741111  1193 0.320000 
-0.033333  -0.784444  1194 0.320000 
0.096111  -0.781111  1195 0.320000 
0.036111  -0.802222  1196 0.320000 
0.042222  -0.794444  1197 0.320000 
0.008333  -0.760000  1198 0.320000 
0.079444  -0.770000  1199 0.320000 
0.067778  -0.786667  1200 0.320000 
0.042778  -0.752222  1201 0.320000 
-0.014444  -0.753333  1202 0.320000 
0.137222  -0.744444  1203 0.320000 
-0.032222  -0.770000  1204 0.320000 
0.044444  -0.765556  1205 0.320000 
-0.003333  -0.746667  1206 0.320000 
0.105556  -0.763333  1207 0.320000 
-0.030000  -0.811111  1208 0.320000 
0.078333  -0.802222  1209 0.320000 
-0.001111  -0.725556  1210 0.320000 
0.091111  -0.734444  1211 0.320000 
0.060556  -0.807778  1212 0.320000 
-0.034444  -0.808889  1213 0.320000 
0.142778  -0.784444  1214 0.320000 
0.087778  -0.765556  1215 0.320000 
-0.035556  -0.744444  1216 0.320000 
-0.013889  -0.781111  1217 0.320000 
-0.072222  -0.755556  1218 0.320000 
-0.018333  -0.761111  1219 0.320000 
0.042778  -0.772222  1220 0.320000 
-0.027222  -0.791111  1221 0.320000 
-0.014444  -0.771111  1222 0.320000 
0.097778  -0.810000  1223 0.320000 
-0.025000  -0.732222  1224 0.320000 
0.005000  -0.824444  1225 0.320000 
-0.044444  -0.802222  1226 0.320000 
-0.075556  -0.768889  1227 0.320000 
-0.065556  -0.784444  1228 0.320000 
0.058333  -0.713333  1229 0.320000 
-0.068333  -0.796667  1230 0.320000 
-0.103333  -0.723333  1231 0.320000 
0.008889  -0.714444  1232 0.320000 
-0.031667  -0.733333  1233 0.320000 
-0.030556  -0.771111  1234 0.320000 
0.007222  -0.764444  1235 0.320000 
0.050556  -0.745556  1236 0.320000 
-0.055556  -0.806667  1237 0.320000 
-0.032778  -0.675556  1238 0.320000 
0.010556  -0.820000  1239 0.320000 
-0.015556  -0.733333  1240 0.320000 
0.046667  -0.796667  1241 0.320000 
-0.028889  -0.812222  1242 0.320000 
-0.050000  -0.784444  1243 0.320000 
0.017222  -0.771111  1244 0.320000 
-0.151111  -0.783333  1245 0.320000 
0.065556  -0.760000  1246 0.320000 
0.123889  -0.770000  1247 0.320000 
0.017778  -0.748889  1248 0.320000 
-0.128333  -0.736667  1249 0.320000 
0.023333  -0.775556  1250 0.320000 
0.066667  -0.771111  1251 0.320000 
-0.013333  -0.762222  1252 0.320000 
0.037778  -0.871111  1253 0.320000 
-0.018333  -0.776667  1254 0.320000 
0.043333  -0.796667  1255 0.320000 
-0.048333  -0.757778  1256 0.320000 
-0.028333  -0.792222  1257 0.320000 
0.035556  -0.787778  1258 0.320000 
0.002778  -0.752222  1259 0.320000 
-0.070000  -0.778889  1260 0.320000 
-0.036111  -0.785556  1261 0.320000 
-0.001111  -0.795556  1262 0.320000 
-0.018333  -0.754444  1263 0.320000 
0.044444  -0.767778  1264 0.320000 
0.003333  -0.794444  1265 0.320000 
0.005000  -0.731111  1266 0.320000 
-0.047778  -0.783333  1267 0.320000 
-0.046667  -0.727778  1268 0.320000 
0.002778  -0.825556  1269 0.320000 
-0.000556  -0.755556  1270 0.320000 
0.023333  -0.742222  1271 0.320000 
-0.021667  -0.795556  1272 0.320000 
-0.049444  -0.737778  1273 0.320000 
-0.028889  -0.783333  1274 0.320000 
0.007778  -0.762222  1275 0.320000 
-0.039444  -0.782222  1276 0.320000 
-0.033333  -0.822222  1277 0.320000 
0.027778  -0.718889  1278 0.320000 
0.052222  -0.761111  1279 0.320000 
-0.037778  -0.772222  1280 0.320000 
0.013889  -0.692222  1281 0.320000 
0.025556  -0.816667  1282 0.320000 
0.005556  -0.836667  1283 0.320000 
-0.024444  -0.715556  1284 0.320000 
-0.012222  -0.765556  1285 0.320000 
-0.017222  -0.784444  1286 0.320000 
0.028889  -0.733333  1287 0.320000 
0.029444  -0.786667  1288 0.320000 
-0.008889  -0.740000  1289 0.320000 
0.063333  -0.760000  1290 0.320000 
0.055556  -0.786667  1291 0.320000 
0.045556  -0.822222  1292 0.320000 
-0.002778  -0.713333  1293 0.320000 
-0.023333  -0.747778  1294 0.320000 
-0.000556  -0.777778  1295 0.320000 
0.020000  -0.790000  1296 0.320000 
0.068333  -0.745556  1297 0.320000 
0.033333  -0.761111  1298 0.320000 
0.006111  -0.748889  1299 0.320000 
0.018333  -0.730000  1300 0.320000 
0.001111  -0.756667  1301 0.320000 
-0.000556  -0.751111  1302 0.320000 
0.095000  -0.751111  1303 0.320000 
-0.037222  -0.777778  1304 0.320000 
-0.065556  -0.775556  1305 0.320000 
-0.017778  -0.752222  1306 0.320000 
-0.035556  -0.754444  1307 0.320000 
-0.030556  -0.787778  1308 0.320000 
-0.035556  -0.854444  1309 0.320000 
-0.008889  -0.771111  1310 0.320000 
0.071111  -0.756667  1311 0.320000 
0.000000  -0.767778  1312 0.320000 
-0.013333  -0.751111  1313 0.320000 
-0.042778  -0.825556  1314 0.320000 
-0.001667  -0.781111  1315 0.320000 
0.030556  -0.752222  1316 0.320000 
0.030000  -0.777778  1317 0.320000 
0.036111  -0.808889  1318 0.320000 
0.052222  -0.764444  1319 0.320000 
0.064444  -0.771111  1320 0.320000 
0.061111  -0.753333  1321 0.320000 
0.011111  -0.784444  1322 0.320000 
-0.043889  -0.763333  1323 0.320000 
0.058333  -0.746667  1324 0.320000 
-0.065000  -0.766667  1325 0.320000 
0.028333  -0.763333  1326 0.320000 
-0.004444  -0.757778  1327 0.320000 
0.014444  -0.780000  1328 0.320000 
-0.088333  -0.714444  1329 0.320000 
-0.040000  -0.786667  1330 0.320000 
0.000000  -0.757778  1331 0.320000 
-0.002778  -0.777778  1332 0.320000 
0.000000  -0.762222  1333 0.320000 
0.071111  -0.747778  1334 0.320000 
-0.002778  -0.738889  1335 0.320000 
0.003333  -0.754444  1336 0.320000 
0.041667  -0.773333  1337 0.320000 
-0.053889  -0.752222  1338 0.320000 
-0.024444  -0.716667  1339 0.320000 
-0.030556  -0.746667  1340 0.320000 
0.061667  -0.745556  1341 0.320000 
0.066111  -0.764444  1342 0.320000 
-0.050000  -0.783333  1343 0.320000 
-0.001667  -0.776667  1344 0.320000 
0.024444  -0.768889  1345 0.320000 
-0.082778  -0.762222  1346 0.320000 
0.008889  -0.774444  1347 0.320000 
-0.096667  -0.834444  1348 0.320000 
-0.018333  -0.757778  1349 0.320000 
-0.065000  -0.811111  1350 0.320000 
0.104444  -0.774444  1351 0.320000 
-0.046111  -0.771111  1352 0.320000 
0.002778  -0.794444  1353 0.320000 
-0.078333  -0.757778  1354 0.320000 
-0.012222  -0.770000  1355 0.320000 
0.038333  -0.756667  1356 0.320000 
-0.006667  -0.823333  1357 0.320000 
-0.030000  -0.750000  1358 0.320000 
0.065000  -0.710000  1359 0.320000 
-0.050556  -0.761111  1360 0.320000 
0.095000  -0.745556  1361 0.320000 
-0.026111  -0.811111  1362 0.320000 
-0.055556  -0.790000  1363 0.320000 
-0.008889  -0.784444  1364 0.320000 
0.002222  -0.706667  1365 0.320000 
-0.063889  -0.755556  1366 0.320000 
-0.070000  -0.780000  1367 0.320000 
-0.045000  -0.758889  1368 0.320000 
0.016111  -0.808889  1369 0.320000 
-0.063333  -0.732222  1370 0.320000 
0.021111  -0.748889  1371 0.320000 
-0.090000  -0.743333  1372 0.320000 
0.058333  -0.838889  1373 0.320000 
-0.082222  -0.794444  1374 0.320000 
0.135000  -0.738889  1375 0.320000 
-0.107222  -0.737778  1376 0.320000 
0.048889  -0.762222  1377 0.320000 
0.003889  -0.763333  1378 0.320000 
-0.021111  -0.801111  1379 0.320000 
0.003889  -0.792222  1380 0.320000 
-0.003889  -0.774444  1381 0.320000 
-0.005556  -0.821111  1382 0.320000 
0.059444  -0.778889  1383 0.320000 
0.145556  -0.804444  1384 0.320000 
-0.016111  -0.745556  1385 0.320000 
-0.009444  -0.803333  1386 0.320000 
0.031667  -0.682222  1387 0.320000 
-0.021667  -0.804444  1388 0.320000 
-0.012222  -0.775556  1389 0.320000 
-0.035556  -0.782222  1390 0.320000 
0.053889  -0.775556  1391 0.320000 
0.007778  -0.768889  1392 0.320000 
-0.045000  -0.707778  1393 0.320000 
0.025556  -0.793333  1394 0.320000 
0.028333  -0.767778  1395 0.320000 
-0.097222  -0.738889  1396 0.320000 
0.017222  -0.831111  1397 0.320000 
0.006111  -0.746667  1398 0.320000 
-0.031667  -0.814444  1399 0.320000 
0.032222  -0.821111  1400 0.320000 
-0.048333  -0.788889  1401 0.320000 
-0.085000  -0.792222  1402 0.320000 
-0.041111  -0.751111  1403 0.320000 
0.016111  -0.746667  1404 0.320000 
0.018333  -0.767778  1405 0.320000 
0.000556  -0.814444  1406 0.320000 
0.032778  -0.804444  1407 0.320000 
0.060000  -0.741111  1408 0.320000 
-0.030556  -0.690000  1409 0.320000 
-0.022222  -0.775556  1410 0.320000 
-0.094444  -0.808889  1411 0.320000 
0.071111  -0.711111  1412 0.320000 
0.047778  -0.768889  1413 0.320000 
-0.128889  -0.796667  1414 0.320000 
-0.000556  -0.772222  1415 0.320000 
-0.037778  -0.761111  1416 0.320000 
0.005556  -0.776667  1417 0.320000 
0.053333  -0.811111  1418 0.320000 
-0.081667  -0.803333  1419 0.320000 
0.065556  -0.783333  1420 0.320000 
-0.043889  -0.807778  1421 0.320000 
0.050556  -0.825556  1422 0.320000 
-0.016111  -0.765556  1423 0.320000 
0.058333  -0.813333  1424 0.320000 
0.015556  -0.728889  1425 0.320000 
-0.045000  -0.738889  1426 0.320000 
-0.020000  -0.761111  1427 0.320000 
-0.015000  -0.784444  1428 0.320000 
0.006667  -0.822222  1429 0.320000 
-0.004444  -0.783333  1430 0.320000 
0.026111  -0.772222  1431 0.320000 
0.031667  -0.737778  1432 0.320000 
-0.058889  -0.844444  1433 0.320000 
0.028889  -0.765556  1434 0.320000 
0.081111  -0.770000  1435 0.320000 
0.048333  -0.766667  1436 0.320000 
0.038333  -0.776667  1437 0.320000 
-0.034444  -0.781111  1438 0.320000 
-0.042222  -0.744444  1439 0.320000 
0.095556  -0.803333  1440 0.320000 
0.002222  -0.773333  1441 0.320000 
0.008889  -0.791111  1442 0.320000 
-0.033889  -0.775556  1443 0.320000 
0.103889  -0.778889  1444 0.320000 
-0.145000  -0.817778  1445 0.320000 
0.013889  -0.752222  1446 0.320000 
-0.027778  -0.764444  1447 0.320000 
0.070556  -0.753333  1448 0.320000 
0.053333  -0.747778  1449 0.320000 
-0.056667  -0.776667  1450 0.320000 
0.019444  -0.741111  1451 0.320000 
-0.082222  -0.796667  1452 0.320000 
-0.057778  -0.770000  1453 0.320000 
-0.036111  -0.785556  1454 0.320000 
0.005556  -0.722222  1455 0.320000 
-0.033889  -0.761111  1456 0.320000 
-0.035000  -0.801111  1457 0.320000 
0.045000  -0.857778  1458 0.320000 
-0.009444  -0.712222  1459 0.320000 
0.012778  -0.746667  1460 0.320000 
0.033333  -0.806667  1461 0.320000 
0.118889  -0.797778  1462 0.320000 
-0.053333  -0.793333  1463 0.320000 
-0.011111  -0.728889  1464 0.320000 
0.000000  -0.754444  1465 0.320000 
0.046111  -0.776667  1466 0.320000 
-0.071111  -0.830000  1467 0.320000 
-0.011667  -0.785556  1468 0.320000 
-0.085556  -0.710000  1469 0.320000 
0.120556  -0.835556  1470 0.320000 
0.043889  -0.734444  1471 0.320000 
0.091667  -0.766667  1472 0.320000 
0.106667  -0.806667  1473 0.320000 
-0.066111  -0.727778  1474 0.320000 
-0.051111  -0.715556  1475 0.320000 
0.045556  -0.757778  1476 0.320000 
-0.015556  -0.778889  1477 0.320000 
0.016667  -0.805556  1478 0.320000 
-0.055556  -0.775556  1479 0.320000 
-0.043889  -0.783333  1480 0.320000 
0.035000  -0.790000  1481 0.320000 
0.007222  -0.791111  1482 0.320000 
-0.016667  -0.796667  1483 0.320000 
0.038889  -0.740000  1484 0.320000 
-0.025000  -0.784444  1485 0.320000 
0.037778  -0.785556  1486 0.320000 
-0.010556  -0.762222  1487 0.320000 
0.030556  -0.820000  1488 0.320000 
0.027778  -0.772222  1489 0.320000 
-0.080000  -0.825556  1490 0.320000 
0.050556  -0.741111  1491 0.320000 
-0.026667  -0.731111  1492 0.320000 
0.033889  -0.733333  1493 0.320000 
0.053889  -0.760000  1494 0.320000 
-0.004444  -0.787778  1495 0.320000 
-0.025000  -0.763333  1496 0.320000 
-0.013889  -0.791111  1497 0.320000 
-0.076111  -0.714444  1498 0.320000 
-0.042222  -0.747778  1499 0.320000 
-0.033333  -0.778889  1500 0.320000 
0.000000  -0.751111  1501 0.320000 
-0.000556  -0.787778  1502 0.320000 
-0.011667  -0.755556  1503 0.320000 
0.002222  -0.777778  1504 0.320000 
-0.006667  -0.797778  1505 0.320000 
-0.037778  -0.783333  1506 0.320000 
0.028333  -0.770000  1507 0.320000 
0.120000  -0.783333  1508 0.320000 
-0.048333  -0.756667  1509 0.320000 
-0.041111  -0.740000  1510 0.320000 
-0.044444  -0.730000  1511 0.320000 
-0.112222  -0.794444  1512 0.320000 
-0.039444  -0.770000  1513 0.320000 
0.052778  -0.723333  1514 0.320000 
-0.070000  -0.847778  1515 0.320000 
-0.050556  -0.785556  1516 0.320000 
0.052778  -0.766667  1517 0.320000 
-0.009444  -0.793333  1518 0.320000 
0.025000  -0.767778  1519 0.320000 
0.032778  -0.758889  1520 0.320000 
-0.072778  -0.768889  1521 0.320000 
0.055000  -0.783333  1522 0.320000 
-0.028889  -0.730000  1523 0.320000 
0.013333  -0.792222  1524 0.320000 
0.022778  -0.738889  1525 0.320000 
0.085000  -0.816667  1526 0.320000 
-0.033333  -0.755556  1527 0.320000 
0.023889  -0.790000  1528 0.320000 
0.080556  -0.841111  1529 0.320000 
0.002222  -0.754444  1530 0.320000 
-0.017222  -0.801111  1531 0.320000 
0.075000  -0.795556  1532 0.320000 
-0.074444  -0.815556  1533 0.320000 
-0.092222  -0.752222  1534 0.320000 
0.016111  -0.786667  1535 0.320000 
-0.015000  -0.835556  1536 0.320000 
-0.067222  -0.774444  1537 0.320000 
0.060000  -0.724444  1538 0.320000 
-0.091111  -0.812222  1539 0.320000 
-0.007222  -0.776667  1540 0.320000 
-0.042778  -0.760000  1541 0.320000 
-0.003333  -0.753333  1542 0.320000 
-0.070556  -0.796667  1543 0.320000 
-0.031667  -0.817778  1544 0.320000 
0.063889  -0.790000  1545 0.320000 
0.021111  -0.781111  1546 0.320000 
-0.038889  -0.802222  1547 0.320000 
0.025556  -0.791111  1548 0.320000 
0.033889  -0.797778  1549 0.320000 
0.010000  -0.806667  1550 0.320000 
0.007778  -0.760000  1551 0.320000 
-0.017778  -0.812222  1552 0.320000 
-0.036111  -0.750000  1553 0.320000 
0.096111  -0.826667  1554 0.320000 
0.023889  -0.794444  1555 0.320000 
0.022778  -0.830000  1556 0.320000 
-0.025000  -0.784444  1557 0.320000 
0.105000  -0.777778  1558 0.320000 
0.007778  -0.773333  1559 0.320000 
-0.076667  -0.777778  1560 0.320000 
-0.050556  -0.760000  1561 0.320000 
-0.009444  -0.755556  1562 0.320000 
-0.076667  -0.814444  1563 0.320000 
0.017222  -0.726667  1564 0.320000 
0.009444  -0.836667  1565 0.320000 
-0.066111  -0.788889  1566 0.320000 
-0.003333  -0.803333  1567 0.320000 
-0.027222  -0.762222  1568 0.320000 
-0.046111  -0.798889  1569 0.320000 
0.026111  -0.736667  1570 0.320000 
-0.046111  -0.778889  1571 0.320000 
-0.003889  -0.721111  1572 0.320000 
0.053333  -0.831111  1573 0.320000 
0.008333  -0.720000  1574 0.320000 
-0.026667  -0.761111  1575 0.320000 
0.005000  -0.746667  1576 0.320000 
0.021111  -0.783333  1577 0.320000 
-0.073889  -0.795556  1578 0.320000 
-0.031667  -0.750000  1579 0.320000 
0.052222  -0.753333  1580 0.320000 
-0.020556  -0.760000  1581 0.320000 
0.006111  -0.766667  1582 0.320000 
0.026667  -0.816667  1583 0.320000 
-0.030556  -0.785556  1584 0.320000 
0.018889  -0.747778  1585 0.320000 
0.033889  -0.802222  1586 0.320000 
0.008333  -0.755556  1587 0.320000 
0.018889  -0.774444  1588 0.320000 
-0.024444  -0.785556  1589 0.320000 
-0.034444  -0.754444  1590 0.320000 
0.040556  -0.810000  1591 0.320000 
0.046667  -0.805556  1592 0.320000 
0.024444  -0.806667  1593 0.320000 
0.051667  -0.778889  1594 0.320000 
-0.022778  -0.735556  1595 0.320000 
0.011111  -0.807778  1596 0.320000 
-0.007778  -0.773333  1597 0.320000 
0.053889  -0.784444  1598 0.320000 
0.004444  -0.790000  1599 0.320000 
-0.022778  -0.783333  1600 0.320000 
0.009444  -0.780000  1601 0.320000 
-0.061111  -0.811111  1602 0.320000 
0.006111  -0.720000  1603 0.320000 
-0.030556  -0.776667  1604 0.320000 
-0.093333  -0.834444  1605 0.320000 
0.035556  -0.770000  1606 0.320000 
-0.105556  -0.747778  1607 0.320000 
-0.007778  -0.846667  1608 0.320000 
-0.086111  -0.780000  1609 0.320000 
-0.025000  -0.774444  1610 0.320000 
0.048333  -0.734444  1611 0.320000 
-0.021667  -0.805556  1612 0.320000 
-0.003889  -0.735556  1613 0.320000 
-0.030556  -0.810000  1614 0.320000 
-0.051111  -0.748889  1615 0.320000 
0.024444  -0.850000  1616 0.320000 
0.017222  -0.724444  1617 0.320000 
0.030556  -0.767778  1618 0.320000 
-0.080556  -0.822222  1619 0.320000 
0.050556  -0.815556  1620 0.320000 
0.004444  -0.758889  1621 0.320000 
0.021111  -0.806667  1622 0.320000 
-0.084444  -0.751111  1623 0.320000 
0.038889  -0.753333  1624 0.320000 
-0.011667  -0.697778  1625 0.320000 
0.077222  -0.760000  1626 0.320000 
0.008333  -0.813333  1627 0.320000 
0.012778  -0.753333  1628 0.320000 
-0.004444  -0.787778  1629 0.320000 
0.016111  -0.755556  1630 0.320000 
0.025000  -0.797778  1631 0.320000 
0.005000  -0.743333  1632 0.320000 
0.031667  -0.731111  1633 0.320000 
0.035556  -0.736667  1634 0.320000 
0.037778  -0.777778  1635 0.320000 
-0.031667  -0.826667  1636 0.320000 
-0.022222  -0.740000  1637 0.320000 
-0.015556  -0.800000  1638 0.320000 
-0.053889  -0.725556  1639 0.320000 
0.080556  -0.738889  1640 0.320000 
-0.060000  -0.820000  1641 0.320000 
0.037778  -0.793333  1642 0.320000 
-0.043333  -0.732222  1643 0.320000 
-0.154444  -0.832222  1644 0.320000 
0.053333  -0.825556  1645 0.320000 
0.003333  -0.741111  1646 0.320000 
-0.038889  -0.808889  1647 0.320000 
0.020000  -0.850000  1648 0.320000 
0.056667  -0.755556  1649 0.320000 
0.081667  -0.738889  1650 0.320000 
-0.084444  -0.776667  1651 0.320000 
-0.007778  -0.818889  1652 0.320000 
-0.032778  -0.745556  1653 0.320000 
-0.055556  -0.758889  1654 0.320000 
-0.033333  -0.691111  1655 0.320000 
0.045000  -0.784444  1656 0.320000 
-0.008889  -0.747778  1657 0.320000 
0.024444  -0.783333  1658 0.320000 
-0.021111  -0.734444  1659 0.320000 
-0.011111  -0.757778  1660 0.320000 
0.046111  -0.782222  1661 0.320000 
-0.065000  -0.753333  1662 0.320000 
0.003889  -0.834444  1663 0.320000 
0.010556  -0.746667  1664 0.320000 
-0.019444  -0.764444  1665 0.320000 
0.020556  -0.697778  1666 0.320000 
-0.152222  -0.775556  1667 0.320000 
-0.058889  -0.752222  1668 0.320000 
0.058333  -0.744444  1669 0.320000 
-0.052222  -0.796667  1670 0.320000 
-0.031111  -0.830000  1671 0.320000 
-0.003889  -0.767778  1672 0.320000 
-0.042222  -0.742222  1673 0.320000 
0.008333  -0.786667  1674 0.320000 
-0.067778  -0.763333  1675 0.320000 
-0.065000  -0.733333  1676 0.320000 
0.003333  -0.731111  1677 0.320000 
-0.068333  -0.762222  1678 0.320000 
0.013333  -0.828889  1679 0.320000 
0.010556  -0.717778  1680 0.320000 
0.047222  -0.778889  1681 0.320000 
-0.005556  -0.757778  1682 0.320000 
-0.108333  -0.781111  1683 0.320000 
0.006667  -0.780000  1684 0.320000 
-0.073333  -0.790000  1685 0.320000 
-0.055000  -0.828889  1686 0.320000 
-0.003333  -0.751111  1687 0.320000 
0.050000  -0.767778  1688 0.320000 
0.021111  -0.842222  1689 0.320000 
-0.011667  -0.748889  1690 0.320000 
-0.010000  -0.772222  1691 0.320000 
0.054444  -0.777778  1692 0.320000 
-0.086667  -0.781111  1693 0.320000 
-0.034444  -0.755556  1694 0.320000 
0.056111  -0.745556  1695 0.320000 
0.067778  -0.852222  1696 0.320000 
0.018889  -0.800000  1697 0.320000 
-0.041111  -0.757778  1698 0.320000 
-0.118333  -0.795556  1699 0.320000 
0.023889  -0.795556  1700 0.320000 
-0.093333  -0.737778  1701 0.320000 
0.027222  -0.750000  1702 0.320000 
0.003889  -0.722222  1703 0.320000 
0.073889  -0.807778  1704 0.320000 
-0.016667  -0.735556  1705 0.320000 
0.003333  -0.842222  1706 0.320000 
-0.031111  -0.758889  1707 0.320000 
-0.062778  -0.784444  1708 0.320000 
0.016667  -0.752222  1709 0.320000 
-0.061667  -0.756667  1710 0.320000 
0.045556  -0.746667  1711 0.320000 
-0.019444  -0.807778  1712 0.320000 
-0.022778  -0.797778  1713 0.320000 
0.085000  -0.796667  1714 0.320000 
0.033333  -0.765556  1715 0.320000 
0.033889  -0.748889  1716 0.320000 
0.010556  -0.791111  1717 0.320000 
0.047222  -0.684444  1718 0.320000 
0.001667  -0.756667  1719 0.320000 
-0.012778  -0.765556  1720 0.320000 
-0.036667  -0.734444  1721 0.320000 
-0.148889  -0.795556  1722 0.320000 
-0.013889  -0.788889  1723 0.320000 
-0.064444  -0.813333  1724 0.320000 
0.032222  -0.688889  1725 0.320000 
0.027222  -0.746667  1726 0.320000 
0.098889  -0.823333  1727 0.320000 
0.015556  -0.782222  1728 0.320000 
-0.034444  -0.753333  1729 0.320000 
-0.050000  -0.780000  1730 0.320000 
-0.033889  -0.754444  1731 0.320000 
-0.010000  -0.825556  1732 0.320000 
-0.010556  -0.696667  1733 0.320000 
-0.035000  -0.786667  1734 0.320000 
0.025556  -0.740000  1735 0.320000 
0.054444  -0.754444  1736 0.320000 
-0.011111  -0.741111  1737 0.320000 
-0.118889  -0.782222  1738 0.320000 
0.063333  -0.817778  1739 0.320000 
-0.020000  -0.741111  1740 0.320000 
0.035556  -0.692222  1741 0.320000 
0.030556  -0.738889  1742 0.320000 
0.059444  -0.815556  1743 0.320000 
-0.033889  -0.748889  1744 0.320000 
0.032222  -0.763333  1745 0.320000 
-0.068333  -0.783333  1746 0.320000 
0.077222  -0.737778  1747 0.320000 
0.098889  -0.762222  1748 0.320000 
0.006111  -0.837778  1749 0.320000 
-0.055556  -0.740000  1750 0.320000 
-0.027778  -0.765556  1751 0.320000 
-0.002222  -0.773333  1752 0.320000 
0.012778  -0.795556  1753 0.320000 
-0.031111  -0.774444  1754 0.320000 
-0.031111  -0.758889  1755 0.320000 
-0.073889  -0.798889  1756 0.320000 
0.025556  -0.801111  1757 0.320000 
0.040556  -0.856667  1758 0.320000 
0.032222  -0.771111  1759 0.320000 
-0.071111  -0.775556  1760 0.320000 
0.068333  -0.706667  1761 0.320000 
-0.110000  -0.776667  1762 0.320000 
0.085000  -0.766667  1763 0.320000 
-0.032222  -0.731111  1764 0.320000 
-0.017778  -0.738889  1765 0.320000 
0.014444  -0.783333  1766 0.320000 
0.046111  -0.777778  1767 0.320000 
-0.057222  -0.746667  1768 0.320000 
0.048333  -0.775556  1769 0.320000 
-0.037222  -0.721111  1770 0.320000 
0.031667  -0.775556  1771 0.320000 
0.050556  -0.790000  1772 0.320000 
0.003333  -0.767778  1773 0.320000 
-0.084444  -0.721111  1774 0.320000 
0.061111  -0.795556  1775 0.320000 
-0.076111  -0.803333  1776 0.320000 
0.007778  -0.782222  1777 0.320000 
-0.047222  -0.785556  1778 0.320000 
0.018889  -0.756667  1779 0.320000 
-0.001111  -0.788889  1780 0.320000 
0.048889  -0.765556  1781 0.320000 
-0.091111  -0.782222  1782 0.320000 
-0.041111  -0.783333  1783 0.320000 
0.028333  -0.726667  1784 0.320000 
-0.004444  -0.773333  1785 0.320000 
0.093333  -0.704444  1786 0.320000 
0.061667  -0.726667  1787 0.320000 
-0.027222  -0.743333  1788 0.320000 
0.038889  -0.787778  1789 0.320000 
-0.012222  -0.822222  1790 0.320000 
0.032778  -0.743333  1791 0.320000 
-0.048889  -0.777778  1792 0.320000 
0.017222  -0.746667  1793 0.320000 
-0.068333  -0.741111  1794 0.320000 
0.016667  -0.803333  1795 0.320000 
-0.013889  -0.770000  1796 0.320000 
-0.050000  -0.765556  1797 0.320000 
0.027778  -0.741111  1798 0.320000 
0.044444  -0.757778  1799 0.320000 
-0.020000  -0.752222  1800 0.320000 
-0.020000  -0.744444  1801 0.320000 
0.053889  -0.773333  1802 0.320000 
-0.047778  -0.740000  1803 0.320000 
0.008889  -0.711111  1804 0.320000 
0.095000  -0.737778  1805 0.320000 
-0.070000  -0.713333  1806 0.320000 
0.045000  -0.746667  1807 0.320000 
0.007778  -0.744444  1808 0.320000 
-0.032222  -0.741111  1809 0.320000 
0.045556  -0.753333  1810 0.320000 
0.001667  -0.772222  1811 0.320000 
-0.005556  -0.742222  1812 0.320000 
0.001111  -0.768889  1813 0.320000 
0.004444  -0.780000  1814 0.320000 
0.052778  -0.761111  1815 0.320000 
-0.006111  -0.783333  1816 0.320000 
-0.063333  -0.771111  1817 0.320000 
-0.021111  -0.736667  1818 0.320000 
0.037222  -0.751111  1819 0.320000 
-0.026111  -0.743333  1820 0.320000 
0.048889  -0.832222  1821 0.320000 
-0.023333  -0.776667  1822 0.320000 
-0.071111  -0.755556  1823 0.320000 
-0.032778  -0.786667  1824 0.320000 
-0.002222  -0.762222  1825 0.320000 
-0.060556  -0.746667  1826 0.320000 
0.017222  -0.728889  1827 0.320000 
-0.120000  -0.718889  1828 0.320000 
-0.050000  -0.798889  1829 0.320000 
-0.098333  -0.788889  1830 0.320000 
0.016667  -0.728889  1831 0.320000 
0.010556  -0.723333  1832 0.320000 
0.016111  -0.760000  1833 0.320000 
-0.019444  -0.800000  1834 0.320000 
0.028333  -0.733333  1835 0.320000 
-0.075556  -0.734444  1836 0.320000 
-0.078889  -0.783333  1837 0.320000 
0.063333  -0.754444  1838 0.320000 
-0.037778  -0.773333  1839 0.320000 
0.036667  -0.728889  1840 0.320000 
0.047778  -0.762222  1841 0.320000 
-0.033889  -0.712222  1842 0.320000 
0.001667  -0.746667  1843 0.320000 
-0.036111  -0.732222  1844 0.320000 
-0.062778  -0.811111  1845 0.320000 
0.049444  -0.786667  1846 0.320000 
0.011667  -0.748889  1847 0.320000 
0.031667  -0.731111  1848 0.320000 
0.055556  -0.788889  1849 0.320000 
-0.077222  -0.808889  1850 0.320000 
0.008333  -0.805556  1851 0.320000 
0.073889  -0.746667  1852 0.320000 
-0.089444  -0.776667  1853 0.320000 
0.003889  -0.775556  1854 0.320000 
-0.006111  -0.791111  1855 0.320000 
0.027222  -0.783333  1856 0.320000 
-0.041111  -0.840000  1857 0.320000 
-0.011111  -0.787778  1858 0.320000 
0.016667  -0.748889  1859 0.320000 
-0.065000  -0.718889  1860 0.320000 
-0.052778  -0.777778  1861 0.320000 
-0.058333  -0.761111  1862 0.320000 
0.028333  -0.765556  1863 0.320000 
-0.001111  -0.768889  1864 0.320000 
0.013889  -0.773333  1865 0.320000 
0.023333  -0.753333  1866 0.320000 
-0.007778  -0.842222  1867 0.320000 
-0.008889  -0.757778  1868 0.320000 
0.033889  -0.784444  1869 0.320000 
-0.062222  -0.725556  1870 0.320000 
0.025556  -0.783333  1871 0.320000 
-0.029444  -0.772222  1872 0.320000 
-0.005556  -0.736667  1873 0.320000 
-0.048333  -0.794444  1874 0.320000 
0.028889  -0.755556  1875 0.320000 
0.000000  -0.755556  1876 0.320000 
-0.059444  -0.742222  1877 0.320000 
-0.007778  -0.826667  1878 0.320000 
0.106111  -0.748889  1879 0.320000 
0.057222  -0.748889  1880 0.320000 
-0.106667  -0.811111  1881 0.320000 
0.033333  -0.812222  1882 0.320000 
0.099444  -0.774444  1883 0.320000 
0.030556  -0.762222  1884 0.320000 
-0.011667  -0.765556  1885 0.320000 
-0.087222  -0.822222  1886 0.320000 
-0.035556  -0.757778  1887 0.320000 
-0.023889  -0.748889  1888 0.320000 
-0.038889  -0.716667  1889 0.320000 
-0.066667  -0.787778  1890 0.320000 
-0.016111  -0.790000  1891 0.320000 
0.057778  -0.754444  1892 0.320000 
0.023889  -0.776667  1893 0.320000 
0.025000  -0.737778  1894 0.320000 
-0.021111  -0.783333  1895 0.320000 
-0.046667  -0.755556  1896 0.320000 
0.022222  -0.803333  1897 0.320000 
-0.120000  -0.745556  1898 0.320000 
0.039444  -0.715556  1899 0.320000 
0.002778  -0.808889  1900 0.320000 
-0.021111  -0.814444  1901 0.320000 
0.010556  -0.737778  1902 0.320000 
-0.040000  -0.804444  1903 0.320000 
-0.077778  -0.753333  1904 0.320000 
-0.060556  -0.827778  1905 0.320000 
0.030556  -0.758889  1906 0.320000 
0.000000  -0.763333  1907 0.320000 
-0.016111  -0.727778  1908 0.320000 
-0.030556  -0.741111  1909 0.320000 
-0.053889  -0.780000  1910 0.320000 
0.011111  -0.766667  1911 0.320000 
-0.065556  -0.752222  1912 0.320000 
0.087222  -0.791111  1913 0.320000 
-0.051667  -0.768889  1914 0.320000 
-0.039444  -0.740000  1915 0.320000 
-0.044444  -0.742222  1916 0.320000 
0.044444  -0.754444  1917 0.320000 
0.014444  -0.764444  1918 0.320000 
0.011667  -0.771111  1919 0.320000 
0.072222  -0.727778  1920 0.320000 
0.016667  -0.787778  1921 0.320000 
-0.065556  -0.742222  1922 0.320000 
-0.040000  -0.737778  1923 0.320000 
-0.057222  -0.748889  1924 0.320000 
0.059444  -0.800000  1925 0.320000 
-0.014444  -0.747778  1926 0.320000 
0.022778  -0.790000  1927 0.320000 
-0.038889  -0.777778  1928 0.320000 
0.066667  -0.763333  1929 0.320000 
-0.047222  -0.727778  1930 0.320000 
0.116111  -0.756667  1931 0.320000 
0.002222  -0.821111  1932 0.320000 
-0.001667  -0.775556  1933 0.320000 
-0.006667  -0.741111  1934 0.320000 
0.023889  -0.786667  1935 0.320000 
0.006667  -0.794444  1936 0.320000 
0.023889  -0.806667  1937 0.320000 
-0.052222  -0.76222