 0.000149 -0.770291 0.320000 
 0.000025 -0.805272 0.330000 
 -0.000207 -0.841711 0.340000 
 0.000449 -0.879550 0.350000 
 -0.000244 -0.919807 0.360000 
 0.000249 -0.961418 0.370000 
 -0.000337 -1.006746 0.380000 
 -0.000313 -1.054574 0.390000 
 0.001876 -1.106111 0.400000 
 0.003066 -1.163030 0.410000 
 -0.006989 -1.226425 0.420000 
 -0.004785 -1.246827 0.423000 
 -0.011165 -1.269161 0.426000 
 0.006340 -1.301595 0.430000 
 -0.020512 -1.328695 0.433000 
 -0.000171 -1.360184 0.436000 
 -0.000619 -1.412666 0.440000 
 -0.684762 -1.469040 0.445000 
 0.748395 -1.512851 0.450000 
 -0.813614 -1.581139 0.460000 
 -0.847532 -1.633446 0.470000 
 0.876664 -1.677332 0.480000 
 -0.894463 -1.714118 0.490000 
 -0.910728 -1.745249 0.500000 
 0.914772 -1.771647 0.510000 
 -0.931882 -1.795939 0.520000 
 0.940660 -1.816574 0.530000 
