 -0.001184 -0.769242 0.320000 
 -0.000406 -0.806140 0.330000 
 -0.000928 -0.842392 0.340000 
 0.001271 -0.880355 0.350000 
 0.000217 -0.922016 0.360000 
 -0.002912 -0.961741 0.370000 
 0.001408 -1.005859 0.380000 
 -0.002941 -1.054621 0.390000 
 -0.003082 -1.108192 0.400000 
 -0.003665 -1.168320 0.410000 
 0.002101 -1.239358 0.420000 
 -0.001308 -1.267395 0.423000 
 0.018450 -1.292210 0.426000 
 0.000318 -1.332745 0.430000 
 -0.052129 -1.359518 0.433000 
 -0.009771 -1.390753 0.436000 
 0.011785 -1.426777 0.440000 
 0.040488 -1.476073 0.445000 
 -0.078549 -1.514296 0.450000 
 -0.448998 -1.581739 0.460000 
 0.850490 -1.632613 0.470000 
 -0.876808 -1.677672 0.480000 
 -0.896435 -1.713671 0.490000 
 0.910933 -1.745806 0.500000 
 0.923293 -1.772604 0.510000 
 -0.933173 -1.796664 0.520000 
 0.941006 -1.817175 0.530000 
