 0.000499 -0.770391 0.320000 
 -0.000352 -0.805707 0.330000 
 -0.000366 -0.841824 0.340000 
 0.000244 -0.880438 0.350000 
 0.000096 -0.919555 0.360000 
 0.000720 -0.961742 0.370000 
 0.000234 -1.006710 0.380000 
 0.001559 -1.055144 0.390000 
 0.000471 -1.106231 0.400000 
 0.001109 -1.162748 0.410000 
 0.000601 -1.226136 0.420000 
 -0.011720 -1.247232 0.423000 
 -0.001038 -1.269530 0.426000 
 0.025472 -1.301419 0.430000 
 -0.007439 -1.329507 0.433000 
 -0.038705 -1.363226 0.436000 
 0.134713 -1.411688 0.440000 
 -0.301930 -1.467716 0.445000 
 0.747291 -1.512046 0.450000 
 0.814027 -1.581143 0.460000 
 -0.851384 -1.634265 0.470000 
 -0.876480 -1.677672 0.480000 
 0.896035 -1.714279 0.490000 
 -0.905119 -1.745031 0.500000 
 -0.921953 -1.772405 0.510000 
 0.931714 -1.795878 0.520000 
 0.940917 -1.816805 0.530000 
