 -0.000513 -0.771457 0.320000 
 -0.002339 -0.806188 0.330000 
 0.001347 -0.841868 0.340000 
 -0.000424 -0.880289 0.350000 
 0.002667 -0.919247 0.360000 
 0.000821 -0.961060 0.370000 
 0.000715 -1.008615 0.380000 
 -0.008786 -1.060436 0.390000 
 0.001456 -1.117206 0.400000 
 -0.004711 -1.184517 0.410000 
 -0.015007 -1.264126 0.420000 
 -0.031662 -1.293212 0.423000 
 -0.010586 -1.315033 0.426000 
 -0.002207 -1.351261 0.430000 
 -0.015814 -1.376876 0.433000 
 -0.025709 -1.407307 0.436000 
 0.004799 -1.435800 0.440000 
 0.024451 -1.478534 0.445000 
 0.108281 -1.517911 0.450000 
 0.086192 -1.580696 0.460000 
 0.343204 -1.634940 0.470000 
 -0.584453 -1.677848 0.480000 
 0.896257 -1.713389 0.490000 
 0.911706 -1.746078 0.500000 
 -0.923402 -1.773320 0.510000 
 0.932987 -1.796615 0.520000 
 0.941426 -1.817219 0.530000 
