 0.000000 0.000000 0.200000 
 0.000000 0.000000 0.250000 
 0.000000 0.000000 0.300000 
 0.000000 0.000000 0.360000 
 0.000000 0.035000 0.370000 
 0.000000 0.207000 0.375000 
 0.000000 0.593000 0.380000 
 0.000000 0.926000 0.385000 
 0.000000 0.991000 0.390000 
 0.000000 1.000000 0.395000 
 0.000000 1.000000 0.400000 
 0.000000 1.000000 0.410000 
 0.000000 1.000000 0.420000 
 0.000000 1.000000 0.425000 
 0.000000 1.000000 0.430000 
 0.000000 1.000000 0.433000 
 0.000000 1.000000 0.436000 
 0.000000 1.000000 0.439000 
 0.000000 1.000000 0.440000 
 0.000000 1.000000 0.442000 
 0.000000 1.000000 0.443000 
 0.000000 1.000000 0.444000 
 0.000000 1.000000 0.445000 
 0.000000 1.000000 0.446000 
 0.000000 1.000000 0.448000 
 0.000000 1.000000 0.500000 
