 0.000000 0.000000 0.200000 
 0.000000 0.004000 0.250000 
 0.000000 0.069000 0.300000 
 0.000000 0.399000 0.360000 
 0.000000 0.490000 0.370000 
 0.000000 0.541000 0.375000 
 0.000000 0.583000 0.380000 
 0.001000 0.624000 0.385000 
 0.000000 0.689000 0.390000 
 0.000000 0.721000 0.395000 
 0.000000 0.778000 0.400000 
 0.002000 0.842000 0.410000 
 0.003000 0.890000 0.420000 
 0.009000 0.920000 0.425000 
 0.004000 0.942000 0.430000 
 0.004000 0.952000 0.433000 
 0.010000 0.969000 0.436000 
 0.010000 0.966000 0.439000 
 0.009000 0.971000 0.440000 
 0.010000 0.976000 0.442000 
 0.013000 0.985000 0.443000 
 0.009000 0.980000 0.444000 
 0.013000 0.985000 0.445000 
 0.010000 0.986000 0.446000 
 0.013000 0.986000 0.448000 
 0.087000 1.087000 0.500000 
