 0.000211 -0.769739 0.320000 
 0.000730 -0.805314 0.330000 
 -0.001183 -0.841885 0.340000 
 -0.000792 -0.879478 0.350000 
 -0.001176 -0.919204 0.360000 
 0.000826 -0.962625 0.370000 
 0.001146 -1.006838 0.380000 
 0.004419 -1.055073 0.390000 
 0.002364 -1.106532 0.400000 
 -0.001345 -1.163601 0.410000 
 -0.002241 -1.230875 0.420000 
 0.032050 -1.255856 0.423000 
 -0.006370 -1.280581 0.426000 
 -0.003303 -1.318712 0.430000 
 0.004734 -1.347369 0.433000 
 0.019378 -1.380569 0.436000 
 0.053838 -1.424674 0.440000 
 0.177388 -1.471077 0.445000 
 -0.125247 -1.512973 0.450000 
 0.813188 -1.580698 0.460000 
 -0.851802 -1.634646 0.470000 
 0.876451 -1.677484 0.480000 
 0.896414 -1.713585 0.490000 
 0.910813 -1.745054 0.500000 
 -0.923178 -1.772355 0.510000 
 0.933245 -1.796791 0.520000 
 -0.941148 -1.816921 0.530000 
