-0.030000  -0.720000  0 0.320000 
0.115000  -0.760000  1 0.320000 
-0.075000  -0.700000  2 0.320000 
-0.300000  -0.910000  3 0.320000 
-0.110000  -0.840000  4 0.320000 
-0.095000  -0.670000  5 0.320000 
-0.035000  -0.780000  6 0.320000 
0.035000  -0.690000  7 0.320000 
-0.235000  -0.670000  8 0.320000 
0.105000  -0.870000  9 0.320000 
0.040000  -0.800000  10 0.320000 
-0.040000  -0.680000  11 0.320000 
0.060000  -0.670000  12 0.320000 
-0.085000  -0.700000  13 0.320000 
-0.115000  -0.660000  14 0.320000 
-0.085000  -0.810000  15 0.320000 
-0.150000  -0.830000  16 0.320000 
-0.095000  -0.750000  17 0.320000 
0.080000  -0.610000  18 0.320000 
0.120000  -0.840000  19 0.320000 
-0.030000  -0.830000  20 0.320000 
0.065000  -0.880000  21 0.320000 
0.170000  -0.650000  22 0.320000 
0.010000  -0.670000  23 0.320000 
-0.395000  -0.810000  24 0.320000 
-0.085000  -0.720000  25 0.320000 
0.015000  -0.770000  26 0.320000 
-0.075000  -0.770000  27 0.320000 
-0.115000  -0.750000  28 0.320000 
-0.140000  -0.690000  29 0.320000 
-0.040000  -0.780000  30 0.320000 
-0.060000  -0.940000  31 0.320000 
-0.035000  -0.790000  32 0.320000 
-0.155000  -0.910000  33 0.320000 
0.030000  -1.010000  34 0.320000 
-0.070000  -0.800000  35 0.320000 
0.275000  -0.880000  36 0.320000 
0.240000  -0.800000  37 0.320000 
-0.060000  -0.590000  38 0.320000 
0.035000  -0.710000  39 0.320000 
0.195000  -0.620000  40 0.320000 
0.060000  -0.830000  41 0.320000 
-0.080000  -0.810000  42 0.320000 
-0.210000  -0.740000  43 0.320000 
0.000000  -0.680000  44 0.320000 
0.080000  -0.580000  45 0.320000 
-0.045000  -0.760000  46 0.320000 
0.030000  -0.920000  47 0.320000 
0.165000  -0.700000  48 0.320000 
0.325000  -0.830000  49 0.320000 
0.110000  -0.800000  50 0.320000 
-0.360000  -1.000000  51 0.320000 
0.055000  -0.710000  52 0.320000 
-0.070000  -0.690000  53 0.320000 
-0.045000  -0.840000  54 0.320000 
-0.200000  -0.930000  55 0.320000 
-0.075000  -0.640000  56 0.320000 
-0.265000  -0.750000  57 0.320000 
0.060000  -0.740000  58 0.320000 
-0.170000  -0.900000  59 0.320000 
0.005000  -0.810000  60 0.320000 
-0.160000  -0.800000  61 0.320000 
0.165000  -0.770000  62 0.320000 
-0.010000  -0.820000  63 0.320000 
-0.195000  -0.820000  64 0.320000 
0.160000  -0.850000  65 0.320000 
0.020000  -0.780000  66 0.320000 
0.005000  -0.540000  67 0.320000 
0.085000  -0.760000  68 0.320000 
0.175000  -0.820000  69 0.320000 
-0.040000  -0.730000  70 0.320000 
-0.115000  -0.740000  71 0.320000 
0.210000  -0.710000  72 0.320000 
0.140000  -0.720000  73 0.320000 
-0.135000  -0.860000  74 0.320000 
0.025000  -0.780000  75 0.320000 
-0.040000  -0.800000  76 0.320000 
0.315000  -0.940000  77 0.320000 
0.015000  -0.750000  78 0.320000 
0.210000  -0.860000  79 0.320000 
0.140000  -0.940000  80 0.320000 
0.135000  -0.900000  81 0.320000 
0.045000  -0.900000  82 0.320000 
0.215000  -0.780000  83 0.320000 
-0.220000  -0.780000  84 0.320000 
0.225000  -0.820000  85 0.320000 
-0.105000  -0.790000  86 0.320000 
0.375000  -0.900000  87 0.320000 
-0.160000  -0.830000  88 0.320000 
-0.210000  -0.740000  89 0.320000 
0.070000  -0.750000  90 0.320000 
0.245000  -0.730000  91 0.320000 
0.015000  -0.720000  92 0.320000 
-0.180000  -0.740000  93 0.320000 
-0.035000  -0.700000  94 0.320000 
0.130000  -0.790000  95 0.320000 
-0.175000  -0.720000  96 0.320000 
0.180000  -0.690000  97 0.320000 
-0.160000  -0.730000  98 0.320000 
0.030000  -0.770000  99 0.320000 
0.040000  -0.770000  100 0.320000 
0.085000  -0.660000  101 0.320000 
0.190000  -0.630000  102 0.320000 
-0.020000  -0.900000  103 0.320000 
0.070000  -0.810000  104 0.320000 
0.155000  -0.700000  105 0.320000 
-0.125000  -0.770000  106 0.320000 
-0.215000  -0.770000  107 0.320000 
0.300000  -0.700000  108 0.320000 
0.010000  -0.730000  109 0.320000 
-0.035000  -0.800000  110 0.320000 
-0.090000  -0.620000  111 0.320000 
0.240000  -0.660000  112 0.320000 
0.365000  -0.920000  113 0.320000 
0.060000  -0.640000  114 0.320000 
-0.020000  -0.620000  115 0.320000 
-0.010000  -0.730000  116 0.320000 
-0.135000  -0.530000  117 0.320000 
-0.215000  -0.750000  118 0.320000 
-0.020000  -0.840000  119 0.320000 
0.260000  -0.770000  120 0.320000 
0.085000  -0.860000  121 0.320000 
0.190000  -0.770000  122 0.320000 
0.065000  -0.680000  123 0.320000 
0.285000  -0.660000  124 0.320000 
0.010000  -0.930000  125 0.320000 
-0.085000  -0.830000  126 0.320000 
-0.005000  -0.890000  127 0.320000 
0.295000  -1.070000  128 0.320000 
0.120000  -0.730000  129 0.320000 
-0.290000  -0.830000  130 0.320000 
-0.035000  -0.550000  131 0.320000 
0.290000  -0.860000  132 0.320000 
0.260000  -0.780000  133 0.320000 
-0.155000  -0.720000  134 0.320000 
-0.305000  -0.830000  135 0.320000 
-0.395000  -0.910000  136 0.320000 
-0.100000  -0.920000  137 0.320000 
0.235000  -0.670000  138 0.320000 
0.000000  -0.980000  139 0.320000 
0.050000  -0.740000  140 0.320000 
0.095000  -0.880000  141 0.320000 
-0.145000  -0.850000  142 0.320000 
-0.045000  -0.650000  143 0.320000 
-0.095000  -0.810000  144 0.320000 
0.225000  -0.840000  145 0.320000 
0.045000  -0.830000  146 0.320000 
0.085000  -0.880000  147 0.320000 
0.205000  -0.830000  148 0.320000 
0.035000  -0.830000  149 0.320000 
0.065000  -0.890000  150 0.320000 
0.025000  -0.730000  151 0.320000 
0.095000  -0.700000  152 0.320000 
0.035000  -0.760000  153 0.320000 
-0.090000  -0.690000  154 0.320000 
0.180000  -0.810000  155 0.320000 
-0.040000  -0.910000  156 0.320000 
-0.165000  -0.730000  157 0.320000 
0.010000  -0.590000  158 0.320000 
0.035000  -0.710000  159 0.320000 
-0.150000  -0.890000  160 0.320000 
0.095000  -0.720000  161 0.320000 
0.020000  -0.890000  162 0.320000 
0.130000  -0.890000  163 0.320000 
0.095000  -0.760000  164 0.320000 
-0.135000  -0.940000  165 0.320000 
0.345000  -0.960000  166 0.320000 
-0.080000  -0.740000  167 0.320000 
0.020000  -0.740000  168 0.320000 
0.055000  -0.780000  169 0.320000 
0.000000  -0.760000  170 0.320000 
-0.100000  -0.690000  171 0.320000 
-0.065000  -0.710000  172 0.320000 
-0.030000  -0.700000  173 0.320000 
-0.020000  -0.720000  174 0.320000 
0.010000  -0.780000  175 0.320000 
0.195000  -0.710000  176 0.320000 
-0.250000  -0.910000  177 0.320000 
0.050000  -0.780000  178 0.320000 
0.060000  -0.790000  179 0.320000 
0.015000  -0.720000  180 0.320000 
-0.125000  -0.630000  181 0.320000 
-0.230000  -0.920000  182 0.320000 
0.035000  -0.670000  183 0.320000 
0.240000  -0.690000  184 0.320000 
0.100000  -0.840000  185 0.320000 
-0.050000  -0.720000  186 0.320000 
0.055000  -0.790000  187 0.320000 
-0.110000  -0.890000  188 0.320000 
0.095000  -0.890000  189 0.320000 
0.125000  -0.790000  190 0.320000 
-0.040000  -0.830000  191 0.320000 
0.015000  -0.680000  192 0.320000 
-0.220000  -0.840000  193 0.320000 
-0.095000  -0.760000  194 0.320000 
-0.055000  -1.060000  195 0.320000 
-0.010000  -0.670000  196 0.320000 
0.120000  -0.750000  197 0.320000 
-0.210000  -0.720000  198 0.320000 
0.055000  -0.900000  199 0.320000 
0.260000  -0.870000  200 0.320000 
0.075000  -0.730000  201 0.320000 
0.175000  -0.760000  202 0.320000 
-0.060000  -0.600000  203 0.320000 
-0.060000  -0.780000  204 0.320000 
0.045000  -0.880000  205 0.320000 
0.025000  -0.750000  206 0.320000 
0.165000  -0.800000  207 0.320000 
-0.170000  -0.730000  208 0.320000 
-0.125000  -0.740000  209 0.320000 
-0.185000  -0.980000  210 0.320000 
0.050000  -0.780000  211 0.320000 
-0.380000  -0.900000  212 0.320000 
0.120000  -0.720000  213 0.320000 
0.205000  -0.700000  214 0.320000 
-0.215000  -0.810000  215 0.320000 
0.095000  -0.770000  216 0.320000 
0.130000  -0.740000  217 0.320000 
0.165000  -0.840000  218 0.320000 
-0.015000  -0.690000  219 0.320000 
0.190000  -0.810000  220 0.320000 
0.185000  -0.680000  221 0.320000 
-0.165000  -0.750000  222 0.320000 
-0.190000  -0.800000  223 0.320000 
-0.060000  -0.770000  224 0.320000 
-0.215000  -0.760000  225 0.320000 
-0.055000  -0.800000  226 0.320000 
-0.050000  -0.660000  227 0.320000 
-0.205000  -0.720000  228 0.320000 
0.015000  -0.710000  229 0.320000 
-0.005000  -0.760000  230 0.320000 
0.015000  -0.710000  231 0.320000 
-0.300000  -0.940000  232 0.320000 
-0.005000  -0.950000  233 0.320000 
-0.145000  -0.770000  234 0.320000 
-0.150000  -0.680000  235 0.320000 
-0.020000  -0.800000  236 0.320000 
0.130000  -0.760000  237 0.320000 
-0.085000  -0.690000  238 0.320000 
0.035000  -0.800000  239 0.320000 
0.000000  -0.780000  240 0.320000 
0.130000  -0.830000  241 0.320000 
0.155000  -0.670000  242 0.320000 
-0.070000  -0.680000  243 0.320000 
-0.020000  -0.670000  244 0.320000 
0.140000  -0.890000  245 0.320000 
0.040000  -0.930000  246 0.320000 
0.240000  -0.800000  247 0.320000 
-0.125000  -0.890000  248 0.320000 
-0.290000  -0.900000  249 0.320000 
0.090000  -0.760000  250 0.320000 
0.080000  -0.690000  251 0.320000 
0.110000  -0.800000  252 0.320000 
-0.090000  -0.710000  253 0.320000 
-0.355000  -0.950000  254 0.320000 
-0.200000  -0.710000  255 0.320000 
-0.025000  -0.730000  256 0.320000 
0.075000  -0.740000  257 0.320000 
0.085000  -0.730000  258 0.320000 
-0.090000  -0.830000  259 0.320000 
0.150000  -0.930000  260 0.320000 
0.100000  -0.730000  261 0.320000 
-0.020000  -0.810000  262 0.320000 
0.040000  -0.760000  263 0.320000 
0.165000  -0.670000  264 0.320000 
-0.195000  -0.830000  265 0.320000 
-0.090000  -0.770000  266 0.320000 
-0.070000  -0.640000  267 0.320000 
0.165000  -0.840000  268 0.320000 
0.090000  -0.710000  269 0.320000 
-0.060000  -0.720000  270 0.320000 
0.055000  -0.740000  271 0.320000 
0.125000  -0.800000  272 0.320000 
0.000000  -0.860000  273 0.320000 
-0.075000  -0.770000  274 0.320000 
0.195000  -0.660000  275 0.320000 
0.355000  -0.730000  276 0.320000 
0.015000  -0.640000  277 0.320000 
-0.335000  -0.940000  278 0.320000 
0.045000  -0.750000  279 0.320000 
0.235000  -0.830000  280 0.320000 
0.085000  -0.700000  281 0.320000 
-0.175000  -0.750000  282 0.320000 
-0.005000  -0.750000  283 0.320000 
-0.325000  -1.030000  284 0.320000 
-0.165000  -0.640000  285 0.320000 
0.265000  -0.750000  286 0.320000 
-0.130000  -0.860000  287 0.320000 
0.240000  -0.640000  288 0.320000 
0.065000  -0.680000  289 0.320000 
0.185000  -0.650000  290 0.320000 
-0.125000  -0.820000  291 0.320000 
-0.170000  -0.610000  292 0.320000 
-0.345000  -0.880000  293 0.320000 
-0.100000  -0.750000  294 0.320000 
-0.105000  -0.710000  295 0.320000 
-0.055000  -0.830000  296 0.320000 
0.040000  -0.820000  297 0.320000 
-0.025000  -0.730000  298 0.320000 
0.185000  -0.740000  299 0.320000 
0.175000  -0.720000  300 0.320000 
-0.035000  -0.930000  301 0.320000 
0.090000  -0.870000  302 0.320000 
-0.245000  -0.750000  303 0.320000 
-0.010000  -0.700000  304 0.320000 
0.115000  -0.890000  305 0.320000 
-0.150000  -0.850000  306 0.320000 
0.025000  -0.770000  307 0.320000 
-0.165000  -0.800000  308 0.320000 
0.070000  -0.760000  309 0.320000 
-0.275000  -0.640000  310 0.320000 
-0.020000  -0.710000  311 0.320000 
-0.145000  -0.690000  312 0.320000 
0.115000  -0.840000  313 0.320000 
0.155000  -0.810000  314 0.320000 
0.310000  -0.850000  315 0.320000 
-0.155000  -0.810000  316 0.320000 
-0.165000  -0.810000  317 0.320000 
-0.055000  -0.660000  318 0.320000 
0.160000  -0.960000  319 0.320000 
-0.135000  -0.800000  320 0.320000 
-0.075000  -0.860000  321 0.320000 
0.055000  -0.660000  322 0.320000 
-0.045000  -0.800000  323 0.320000 
-0.235000  -0.720000  324 0.320000 
0.285000  -0.840000  325 0.320000 
0.140000  -0.840000  326 0.320000 
-0.040000  -0.860000  327 0.320000 
-0.115000  -0.820000  328 0.320000 
0.175000  -0.840000  329 0.320000 
-0.255000  -0.770000  330 0.320000 
-0.115000  -0.820000  331 0.320000 
0.270000  -0.770000  332 0.320000 
-0.015000  -0.730000  333 0.320000 
0.115000  -0.700000  334 0.320000 
0.065000  -0.750000  335 0.320000 
0.180000  -0.860000  336 0.320000 
-0.110000  -0.760000  337 0.320000 
-0.030000  -0.840000  338 0.320000 
-0.005000  -0.900000  339 0.320000 
0.010000  -0.740000  340 0.320000 
-0.110000  -0.700000  341 0.320000 
0.115000  -0.910000  342 0.320000 
-0.020000  -0.800000  343 0.320000 
0.130000  -0.920000  344 0.320000 
0.150000  -0.840000  345 0.320000 
0.005000  -0.770000  346 0.320000 
-0.020000  -0.910000  347 0.320000 
0.155000  -0.790000  348 0.320000 
-0.085000  -0.810000  349 0.320000 
0.205000  -0.750000  350 0.320000 
0.085000  -0.680000  351 0.320000 
-0.025000  -0.670000  352 0.320000 
-0.120000  -0.700000  353 0.320000 
0.115000  -0.790000  354 0.320000 
0.060000  -0.700000  355 0.320000 
0.290000  -0.980000  356 0.320000 
-0.120000  -0.820000  357 0.320000 
0.035000  -0.880000  358 0.320000 
-0.185000  -0.830000  359 0.320000 
-0.030000  -0.660000  360 0.320000 
0.155000  -0.920000  361 0.320000 
-0.080000  -0.830000  362 0.320000 
-0.140000  -0.780000  363 0.320000 
0.080000  -0.850000  364 0.320000 
0.035000  -0.780000  365 0.320000 
0.010000  -0.740000  366 0.320000 
0.015000  -0.620000  367 0.320000 
0.085000  -0.760000  368 0.320000 
-0.230000  -0.640000  369 0.320000 
0.055000  -0.730000  370 0.320000 
-0.060000  -0.720000  371 0.320000 
-0.290000  -0.630000  372 0.320000 
0.085000  -0.780000  373 0.320000 
0.140000  -0.680000  374 0.320000 
0.135000  -0.840000  375 0.320000 
0.090000  -0.820000  376 0.320000 
-0.080000  -0.760000  377 0.320000 
-0.295000  -0.790000  378 0.320000 
0.315000  -0.830000  379 0.320000 
0.240000  -0.910000  380 0.320000 
0.015000  -0.800000  381 0.320000 
-0.155000  -0.780000  382 0.320000 
-0.030000  -0.850000  383 0.320000 
0.040000  -0.820000  384 0.320000 
0.190000  -0.850000  385 0.320000 
-0.180000  -0.750000  386 0.320000 
0.045000  -0.770000  387 0.320000 
0.185000  -0.740000  388 0.320000 
-0.055000  -0.630000  389 0.320000 
0.015000  -0.840000  390 0.320000 
0.010000  -0.670000  391 0.320000 
0.155000  -0.720000  392 0.320000 
-0.050000  -0.790000  393 0.320000 
0.370000  -0.820000  394 0.320000 
0.105000  -0.830000  395 0.320000 
-0.230000  -0.910000  396 0.320000 
-0.175000  -0.920000  397 0.320000 
0.270000  -0.940000  398 0.320000 
0.025000  -0.640000  399 0.320000 
0.165000  -0.760000  400 0.320000 
-0.030000  -0.690000  401 0.320000 
0.135000  -0.760000  402 0.320000 
0.120000  -1.010000  403 0.320000 
-0.285000  -0.890000  404 0.320000 
0.160000  -1.040000  405 0.320000 
0.190000  -0.790000  406 0.320000 
0.070000  -0.790000  407 0.320000 
0.245000  -0.930000  408 0.320000 
-0.100000  -0.640000  409 0.320000 
-0.075000  -0.760000  410 0.320000 
0.125000  -0.740000  411 0.320000 
0.000000  -0.700000  412 0.320000 
-0.275000  -0.570000  413 0.320000 
0.160000  -0.810000  414 0.320000 
-0.080000  -0.830000  415 0.320000 
-0.115000  -0.860000  416 0.320000 
0.115000  -0.800000  417 0.320000 
0.210000  -0.690000  418 0.320000 
0.170000  -0.810000  419 0.320000 
0.525000  -1.000000  420 0.320000 
-0.085000  -0.720000  421 0.320000 
-0.070000  -0.770000  422 0.320000 
-0.170000  -0.920000  423 0.320000 
-0.135000  -0.850000  424 0.320000 
0.055000  -0.760000  425 0.320000 
0.070000  -0.860000  426 0.320000 
0.010000  -0.770000  427 0.320000 
0.225000  -0.750000  428 0.320000 
-0.105000  -0.810000  429 0.320000 
0.115000  -0.850000  430 0.320000 
-0.200000  -0.690000  431 0.320000 
-0.080000  -0.780000  432 0.320000 
0.030000  -0.880000  433 0.320000 
0.075000  -0.730000  434 0.320000 
-0.030000  -0.850000  435 0.320000 
-0.045000  -0.790000  436 0.320000 
0.130000  -1.050000  437 0.320000 
0.005000  -0.810000  438 0.320000 
-0.120000  -0.860000  439 0.320000 
-0.155000  -0.770000  440 0.320000 
-0.150000  -0.760000  441 0.320000 
0.240000  -0.890000  442 0.320000 
-0.090000  -0.690000  443 0.320000 
0.230000  -0.720000  444 0.320000 
-0.065000  -0.740000  445 0.320000 
-0.355000  -0.720000  446 0.320000 
0.000000  -0.720000  447 0.320000 
0.030000  -0.790000  448 0.320000 
-0.125000  -0.790000  449 0.320000 
0.255000  -0.820000  450 0.320000 
0.050000  -0.870000  451 0.320000 
0.175000  -0.750000  452 0.320000 
0.300000  -0.720000  453 0.320000 
0.045000  -0.780000  454 0.320000 
0.090000  -0.640000  455 0.320000 
0.080000  -0.800000  456 0.320000 
-0.085000  -0.650000  457 0.320000 
0.180000  -0.770000  458 0.320000 
0.005000  -0.800000  459 0.320000 
-0.040000  -0.820000  460 0.320000 
-0.030000  -0.840000  461 0.320000 
0.205000  -0.650000  462 0.320000 
0.010000  -0.910000  463 0.320000 
-0.010000  -0.830000  464 0.320000 
0.125000  -0.660000  465 0.320000 
0.035000  -0.630000  466 0.320000 
-0.115000  -0.750000  467 0.320000 
0.125000  -0.780000  468 0.320000 
-0.035000  -0.790000  469 0.320000 
-0.025000  -0.650000  470 0.320000 
0.105000  -0.640000  471 0.320000 
0.005000  -0.680000  472 0.320000 
-0.135000  -0.640000  473 0.320000 
0.015000  -0.690000  474 0.320000 
-0.050000  -0.790000  475 0.320000 
-0.015000  -0.840000  476 0.320000 
0.000000  -0.640000  477 0.320000 
-0.190000  -0.590000  478 0.320000 
0.055000  -0.720000  479 0.320000 
-0.115000  -0.710000  480 0.320000 
0.005000  -0.870000  481 0.320000 
-0.045000  -0.840000  482 0.320000 
0.145000  -0.790000  483 0.320000 
-0.080000  -0.690000  484 0.320000 
-0.115000  -0.750000  485 0.320000 
-0.145000  -0.810000  486 0.320000 
0.095000  -0.640000  487 0.320000 
0.375000  -0.970000  488 0.320000 
0.175000  -0.710000  489 0.320000 
0.160000  -0.770000  490 0.320000 
0.265000  -0.840000  491 0.320000 
0.130000  -0.710000  492 0.320000 
-0.210000  -0.800000  493 0.320000 
0.015000  -0.820000  494 0.320000 
0.105000  -0.810000  495 0.320000 
-0.100000  -0.870000  496 0.320000 
0.330000  -0.880000  497 0.320000 
-0.080000  -0.750000  498 0.320000 
-0.130000  -0.720000  499 0.320000 
-0.075000  -0.710000  500 0.320000 
-0.230000  -0.790000  501 0.320000 
0.020000  -0.790000  502 0.320000 
-0.190000  -0.620000  503 0.320000 
0.180000  -0.710000  504 0.320000 
0.165000  -0.880000  505 0.320000 
0.220000  -0.820000  506 0.320000 
-0.090000  -0.720000  507 0.320000 
0.035000  -1.020000  508 0.320000 
-0.185000  -0.770000  509 0.320000 
-0.085000  -0.740000  510 0.320000 
-0.140000  -0.810000  511 0.320000 
-0.305000  -0.770000  512 0.320000 
-0.410000  -0.750000  513 0.320000 
0.170000  -0.620000  514 0.320000 
0.175000  -0.770000  515 0.320000 
0.180000  -0.690000  516 0.320000 
-0.155000  -0.710000  517 0.320000 
-0.045000  -0.800000  518 0.320000 
-0.130000  -0.770000  519 0.320000 
0.040000  -1.010000  520 0.320000 
0.040000  -0.710000  521 0.320000 
-0.085000  -0.800000  522 0.320000 
-0.050000  -0.770000  523 0.320000 
0.020000  -0.840000  524 0.320000 
-0.030000  -0.840000  525 0.320000 
0.235000  -0.700000  526 0.320000 
0.090000  -0.710000  527 0.320000 
0.155000  -0.680000  528 0.320000 
0.170000  -0.690000  529 0.320000 
0.040000  -0.650000  530 0.320000 
-0.035000  -0.590000  531 0.320000 
0.050000  -0.830000  532 0.320000 
0.075000  -0.650000  533 0.320000 
-0.230000  -0.800000  534 0.320000 
-0.005000  -0.720000  535 0.320000 
0.045000  -0.850000  536 0.320000 
-0.055000  -0.710000  537 0.320000 
0.015000  -0.730000  538 0.320000 
0.020000  -0.780000  539 0.320000 
-0.050000  -0.810000  540 0.320000 
-0.125000  -0.770000  541 0.320000 
-0.195000  -0.860000  542 0.320000 
0.040000  -0.780000  543 0.320000 
0.045000  -0.740000  544 0.320000 
-0.250000  -0.740000  545 0.320000 
0.385000  -0.790000  546 0.320000 
-0.290000  -0.830000  547 0.320000 
0.000000  -0.740000  548 0.320000 
-0.260000  -0.790000  549 0.320000 
0.310000  -0.930000  550 0.320000 
-0.020000  -0.740000  551 0.320000 
-0.200000  -0.700000  552 0.320000 
0.085000  -0.760000  553 0.320000 
0.275000  -0.740000  554 0.320000 
0.055000  -0.690000  555 0.320000 
-0.155000  -0.810000  556 0.320000 
0.000000  -0.640000  557 0.320000 
0.295000  -0.860000  558 0.320000 
0.015000  -0.880000  559 0.320000 
0.030000  -0.750000  560 0.320000 
0.075000  -0.830000  561 0.320000 
-0.040000  -0.530000  562 0.320000 
0.110000  -0.730000  563 0.320000 
-0.125000  -0.660000  564 0.320000 
0.015000  -0.800000  565 0.320000 
0.025000  -0.610000  566 0.320000 
0.345000  -0.690000  567 0.320000 
-0.350000  -0.840000  568 0.320000 
0.095000  -0.770000  569 0.320000 
-0.150000  -0.670000  570 0.320000 
-0.215000  -0.680000  571 0.320000 
-0.005000  -0.680000  572 0.320000 
0.000000  -0.800000  573 0.320000 
0.250000  -0.860000  574 0.320000 
0.160000  -0.870000  575 0.320000 
0.145000  -0.890000  576 0.320000 
0.035000  -0.500000  577 0.320000 
-0.005000  -0.650000  578 0.320000 
0.190000  -0.920000  579 0.320000 
-0.100000  -0.870000  580 0.320000 
0.090000  -0.860000  581 0.320000 
-0.075000  -0.840000  582 0.320000 
-0.055000  -0.750000  583 0.320000 
0.155000  -0.880000  584 0.320000 
0.015000  -0.670000  585 0.320000 
-0.070000  -0.730000  586 0.320000 
-0.245000  -0.780000  587 0.320000 
-0.250000  -0.880000  588 0.320000 
0.015000  -0.630000  589 0.320000 
0.145000  -0.760000  590 0.320000 
-0.195000  -0.790000  591 0.320000 
-0.140000  -0.750000  592 0.320000 
-0.245000  -0.990000  593 0.320000 
0.055000  -0.740000  594 0.320000 
0.125000  -0.740000  595 0.320000 
-0.010000  -0.860000  596 0.320000 
-0.180000  -0.830000  597 0.320000 
-0.200000  -0.820000  598 0.320000 
0.235000  -0.780000  599 0.320000 
0.430000  -1.060000  600 0.320000 
-0.080000  -0.730000  601 0.320000 
-0.050000  -0.860000  602 0.320000 
0.240000  -0.710000  603 0.320000 
0.190000  -0.750000  604 0.320000 
-0.065000  -0.790000  605 0.320000 
-0.015000  -0.730000  606 0.320000 
-0.080000  -0.740000  607 0.320000 
-0.200000  -0.650000  608 0.320000 
0.215000  -0.740000  609 0.320000 
-0.120000  -0.800000  610 0.320000 
-0.170000  -0.870000  611 0.320000 
-0.015000  -0.850000  612 0.320000 
0.110000  -0.730000  613 0.320000 
0.390000  -0.710000  614 0.320000 
0.025000  -0.860000  615 0.320000 
-0.215000  -0.830000  616 0.320000 
0.010000  -0.710000  617 0.320000 
-0.020000  -0.580000  618 0.320000 
0.010000  -0.730000  619 0.320000 
0.305000  -0.850000  620 0.320000 
0.015000  -0.690000  621 0.320000 
-0.180000  -0.780000  622 0.320000 
0.230000  -0.780000  623 0.320000 
-0.010000  -0.880000  624 0.320000 
0.135000  -0.900000  625 0.320000 
0.050000  -0.870000  626 0.320000 
0.145000  -0.780000  627 0.320000 
-0.250000  -0.690000  628 0.320000 
0.020000  -0.790000  629 0.320000 
0.075000  -0.640000  630 0.320000 
-0.105000  -0.850000  631 0.320000 
-0.025000  -0.660000  632 0.320000 
0.015000  -0.820000  633 0.320000 
0.245000  -0.780000  634 0.320000 
0.020000  -0.790000  635 0.320000 
0.185000  -0.990000  636 0.320000 
-0.045000  -0.630000  637 0.320000 
-0.035000  -0.750000  638 0.320000 
0.025000  -0.770000  639 0.320000 
-0.115000  -0.800000  640 0.320000 
0.045000  -0.730000  641 0.320000 
-0.155000  -0.780000  642 0.320000 
0.015000  -0.880000  643 0.320000 
-0.005000  -0.720000  644 0.320000 
0.025000  -0.760000  645 0.320000 
-0.045000  -0.820000  646 0.320000 
0.375000  -0.820000  647 0.320000 
-0.190000  -0.860000  648 0.320000 
-0.040000  -0.690000  649 0.320000 
0.145000  -0.680000  650 0.320000 
-0.125000  -0.630000  651 0.320000 
0.175000  -0.750000  652 0.320000 
0.115000  -0.780000  653 0.320000 
0.270000  -1.010000  654 0.320000 
0.030000  -0.760000  655 0.320000 
-0.015000  -0.800000  656 0.320000 
-0.040000  -0.830000  657 0.320000 
-0.060000  -0.720000  658 0.320000 
-0.030000  -1.060000  659 0.320000 
0.175000  -0.790000  660 0.320000 
-0.155000  -0.740000  661 0.320000 
-0.040000  -0.700000  662 0.320000 
-0.355000  -0.850000  663 0.320000 
0.045000  -0.820000  664 0.320000 
-0.200000  -0.690000  665 0.320000 
-0.055000  -0.870000  666 0.320000 
0.170000  -0.700000  667 0.320000 
0.100000  -0.740000  668 0.320000 
0.215000  -1.000000  669 0.320000 
0.020000  -0.740000  670 0.320000 
-0.100000  -0.620000  671 0.320000 
0.060000  -0.630000  672 0.320000 
-0.020000  -0.690000  673 0.320000 
-0.180000  -0.690000  674 0.320000 
-0.220000  -0.680000  675 0.320000 
0.140000  -0.630000  676 0.320000 
0.055000  -0.610000  677 0.320000 
-0.020000  -0.730000  678 0.320000 
-0.005000  -0.820000  679 0.320000 
-0.115000  -0.830000  680 0.320000 
0.095000  -0.800000  681 0.320000 
0.025000  -0.790000  682 0.320000 
0.005000  -0.770000  683 0.320000 
-0.265000  -0.780000  684 0.320000 
0.360000  -0.880000  685 0.320000 
0.180000  -0.710000  686 0.320000 
0.020000  -0.630000  687 0.320000 
-0.220000  -0.850000  688 0.320000 
0.190000  -0.840000  689 0.320000 
-0.045000  -0.960000  690 0.320000 
0.245000  -0.690000  691 0.320000 
-0.360000  -0.840000  692 0.320000 
0.030000  -0.690000  693 0.320000 
0.235000  -0.720000  694 0.320000 
-0.025000  -0.780000  695 0.320000 
0.090000  -0.730000  696 0.320000 
0.090000  -0.860000  697 0.320000 
-0.085000  -0.760000  698 0.320000 
-0.130000  -0.790000  699 0.320000 
-0.060000  -0.850000  700 0.320000 
-0.370000  -0.840000  701 0.320000 
-0.130000  -0.780000  702 0.320000 
0.010000  -0.900000  703 0.320000 
-0.030000  -0.690000  704 0.320000 
0.035000  -0.610000  705 0.320000 
-0.060000  -0.660000  706 0.320000 
0.130000  -0.830000  707 0.320000 
0.025000  -0.600000  708 0.320000 
-0.020000  -0.670000  709 0.320000 
0.170000  -0.790000  710 0.320000 
0.125000  -0.800000  711 0.320000 
0.015000  -0.660000  712 0.320000 
0.110000  -0.870000  713 0.320000 
0.195000  -0.780000  714 0.320000 
0.325000  -0.960000  715 0.320000 
-0.230000  -0.820000  716 0.320000 
0.075000  -0.570000  717 0.320000 
0.155000  -0.900000  718 0.320000 
-0.050000  -0.760000  719 0.320000 
0.000000  -0.740000  720 0.320000 
-0.035000  -0.690000  721 0.320000 
-0.340000  -0.930000  722 0.320000 
0.125000  -0.750000  723 0.320000 
0.135000  -0.870000  724 0.320000 
0.005000  -0.920000  725 0.320000 
0.235000  -0.780000  726 0.320000 
0.065000  -0.850000  727 0.320000 
0.120000  -0.550000  728 0.320000 
-0.020000  -0.690000  729 0.320000 
0.190000  -0.820000  730 0.320000 
-0.175000  -0.640000  731 0.320000 
0.005000  -1.010000  732 0.320000 
-0.045000  -0.900000  733 0.320000 
0.180000  -0.790000  734 0.320000 
0.055000  -0.780000  735 0.320000 
-0.045000  -0.750000  736 0.320000 
-0.270000  -0.740000  737 0.320000 
-0.005000  -0.740000  738 0.320000 
-0.130000  -0.830000  739 0.320000 
-0.410000  -1.030000  740 0.320000 
-0.175000  -0.800000  741 0.320000 
0.325000  -0.930000  742 0.320000 
-0.215000  -0.800000  743 0.320000 
0.090000  -0.910000  744 0.320000 
0.010000  -0.850000  745 0.320000 
0.190000  -0.650000  746 0.320000 
0.085000  -0.770000  747 0.320000 
-0.070000  -0.700000  748 0.320000 
-0.030000  -0.750000  749 0.320000 
-0.165000  -0.840000  750 0.320000 
-0.195000  -0.720000  751 0.320000 
-0.215000  -0.870000  752 0.320000 
0.000000  -0.860000  753 0.320000 
0.110000  -0.720000  754 0.320000 
0.200000  -0.820000  755 0.320000 
-0.120000  -0.690000  756 0.320000 
0.235000  -0.730000  757 0.320000 
-0.005000  -0.600000  758 0.320000 
-0.070000  -0.850000  759 0.320000 
-0.125000  -0.820000  760 0.320000 
0.155000  -0.820000  761 0.320000 
-0.125000  -0.720000  762 0.320000 
0.015000  -0.800000  763 0.320000 
0.075000  -0.900000  764 0.320000 
-0.155000  -0.790000  765 0.320000 
-0.020000  -0.760000  766 0.320000 
-0.015000  -0.750000  767 0.320000 
-0.145000  -0.750000  768 0.320000 
-0.260000  -0.810000  769 0.320000 
-0.005000  -0.700000  770 0.320000 
0.060000  -0.840000  771 0.320000 
0.005000  -0.840000  772 0.320000 
-0.165000  -0.720000  773 0.320000 
0.070000  -0.670000  774 0.320000 
0.110000  -0.760000  775 0.320000 
-0.135000  -0.770000  776 0.320000 
-0.355000  -0.800000  777 0.320000 
-0.055000  -0.680000  778 0.320000 
-0.160000  -0.780000  779 0.320000 
-0.150000  -0.850000  780 0.320000 
0.080000  -0.750000  781 0.320000 
0.030000  -0.740000  782 0.320000 
0.110000  -0.720000  783 0.320000 
0.050000  -0.930000  784 0.320000 
-0.210000  -0.750000  785 0.320000 
0.240000  -0.660000  786 0.320000 
0.070000  -0.760000  787 0.320000 
0.050000  -0.690000  788 0.320000 
0.295000  -0.710000  789 0.320000 
0.195000  -0.740000  790 0.320000 
0.395000  -1.020000  791 0.320000 
-0.175000  -0.590000  792 0.320000 
0.030000  -0.790000  793 0.320000 
0.060000  -0.800000  794 0.320000 
0.190000  -0.810000  795 0.320000 
0.235000  -1.010000  796 0.320000 
-0.190000  -0.670000  797 0.320000 
-0.135000  -0.870000  798 0.320000 
0.060000  -0.750000  799 0.320000 
-0.015000  -0.860000  800 0.320000 
0.050000  -0.670000  801 0.320000 
0.200000  -0.800000  802 0.320000 
-0.145000  -0.710000  803 0.320000 
0.105000  -0.660000  804 0.320000 
0.065000  -0.680000  805 0.320000 
0.035000  -0.840000  806 0.320000 
-0.060000  -0.680000  807 0.320000 
0.135000  -0.720000  808 0.320000 
0.070000  -0.730000  809 0.320000 
-0.060000  -0.600000  810 0.320000 
-0.025000  -0.770000  811 0.320000 
0.135000  -0.810000  812 0.320000 
-0.010000  -1.010000  813 0.320000 
-0.080000  -0.640000  814 0.320000 
-0.065000  -0.720000  815 0.320000 
-0.050000  -0.690000  816 0.320000 
-0.110000  -0.830000  817 0.320000 
0.110000  -0.740000  818 0.320000 
-0.140000  -0.780000  819 0.320000 
0.145000  -0.810000  820 0.320000 
0.135000  -0.680000  821 0.320000 
0.200000  -0.750000  822 0.320000 
0.130000  -0.650000  823 0.320000 
0.115000  -0.820000  824 0.320000 
-0.020000  -0.680000  825 0.320000 
-0.040000  -0.980000  826 0.320000 
0.130000  -0.600000  827 0.320000 
0.040000  -0.690000  828 0.320000 
-0.075000  -0.790000  829 0.320000 
0.105000  -0.790000  830 0.320000 
0.115000  -0.900000  831 0.320000 
0.100000  -0.800000  832 0.320000 
-0.045000  -0.800000  833 0.320000 
0.040000  -0.770000  834 0.320000 
0.020000  -1.020000  835 0.320000 
-0.030000  -0.780000  836 0.320000 
-0.060000  -0.790000  837 0.320000 
-0.035000  -0.710000  838 0.320000 
0.185000  -0.710000  839 0.320000 
-0.120000  -0.640000  840 0.320000 
-0.140000  -0.730000  841 0.320000 
0.265000  -0.710000  842 0.320000 
0.135000  -0.750000  843 0.320000 
0.080000  -0.760000  844 0.320000 
-0.080000  -0.770000  845 0.320000 
-0.095000  -0.680000  846 0.320000 
0.120000  -0.700000  847 0.320000 
-0.030000  -0.640000  848 0.320000 
0.070000  -0.770000  849 0.320000 
-0.010000  -0.790000  850 0.320000 
0.220000  -0.850000  851 0.320000 
-0.085000  -0.920000  852 0.320000 
0.205000  -0.790000  853 0.320000 
-0.045000  -0.820000  854 0.320000 
-0.155000  -0.680000  855 0.320000 
0.050000  -0.770000  856 0.320000 
0.275000  -0.910000  857 0.320000 
0.045000  -0.770000  858 0.320000 
0.040000  -0.810000  859 0.320000 
0.045000  -0.620000  860 0.320000 
-0.140000  -0.930000  861 0.320000 
-0.165000  -0.780000  862 0.320000 
-0.060000  -0.820000  863 0.320000 
0.145000  -0.720000  864 0.320000 
-0.300000  -0.720000  865 0.320000 
0.275000  -0.900000  866 0.320000 
0.185000  -0.750000  867 0.320000 
0.065000  -0.720000  868 0.320000 
0.085000  -0.730000  869 0.320000 
0.165000  -0.760000  870 0.320000 
-0.230000  -0.790000  871 0.320000 
0.000000  -0.600000  872 0.320000 
0.375000  -0.850000  873 0.320000 
-0.125000  -0.730000  874 0.320000 
-0.325000  -0.880000  875 0.320000 
0.030000  -0.610000  876 0.320000 
-0.090000  -0.780000  877 0.320000 
-0.095000  -0.670000  878 0.320000 
-0.030000  -0.870000  879 0.320000 
-0.235000  -0.790000  880 0.320000 
-0.345000  -0.830000  881 0.320000 
0.135000  -0.880000  882 0.320000 
-0.115000  -0.780000  883 0.320000 
0.030000  -0.640000  884 0.320000 
-0.065000  -0.740000  885 0.320000 
-0.060000  -0.710000  886 0.320000 
-0.030000  -0.600000  887 0.320000 
-0.090000  -0.770000  888 0.320000 
0.000000  -0.850000  889 0.320000 
0.030000  -0.690000  890 0.320000 
0.060000  -0.740000  891 0.320000 
0.150000  -0.630000  892 0.320000 
0.075000  -0.730000  893 0.320000 
-0.080000  -0.880000  894 0.320000 
-0.010000  -0.660000  895 0.320000 
0.060000  -0.770000  896 0.320000 
0.105000  -0.730000  897 0.320000 
0.175000  -0.730000  898 0.320000 
0.005000  -0.740000  899 0.320000 
0.045000  -0.670000  900 0.320000 
-0.015000  -0.670000  901 0.320000 
0.290000  -0.850000  902 0.320000 
-0.120000  -0.820000  903 0.320000 
0.225000  -0.720000  904 0.320000 
-0.030000  -0.700000  905 0.320000 
-0.240000  -0.710000  906 0.320000 
0.150000  -0.650000  907 0.320000 
0.045000  -0.720000  908 0.320000 
-0.115000  -0.820000  909 0.320000 
-0.115000  -0.750000  910 0.320000 
0.240000  -0.770000  911 0.320000 
0.210000  -0.870000  912 0.320000 
0.295000  -0.840000  913 0.320000 
-0.115000  -0.740000  914 0.320000 
-0.165000  -0.820000  915 0.320000 
0.010000  -0.630000  916 0.320000 
0.210000  -0.870000  917 0.320000 
0.390000  -0.830000  918 0.320000 
-0.050000  -0.510000  919 0.320000 
0.015000  -0.580000  920 0.320000 
0.120000  -0.800000  921 0.320000 
-0.025000  -0.720000  922 0.320000 
0.260000  -0.890000  923 0.320000 
-0.030000  -0.790000  924 0.320000 
0.190000  -0.730000  925 0.320000 
-0.035000  -0.760000  926 0.320000 
-0.015000  -0.710000  927 0.320000 
0.130000  -0.680000  928 0.320000 
-0.080000  -0.740000  929 0.320000 
0.365000  -0.830000  930 0.320000 
-0.130000  -0.680000  931 0.320000 
-0.195000  -0.840000  932 0.320000 
-0.045000  -0.890000  933 0.320000 
0.080000  -0.770000  934 0.320000 
-0.045000  -0.750000  935 0.320000 
-0.200000  -0.920000  936 0.320000 
-0.195000  -0.680000  937 0.320000 
-0.055000  -0.670000  938 0.320000 
0.125000  -0.720000  939 0.320000 
0.120000  -0.760000  940 0.320000 
0.185000  -0.650000  941 0.320000 
-0.015000  -0.640000  942 0.320000 
0.100000  -0.790000  943 0.320000 
0.040000  -0.910000  944 0.320000 
-0.135000  -0.700000  945 0.320000 
0.315000  -0.730000  946 0.320000 
-0.005000  -0.770000  947 0.320000 
0.185000  -0.820000  948 0.320000 
-0.245000  -0.700000  949 0.320000 
0.000000  -0.780000  950 0.320000 
0.010000  -0.820000  951 0.320000 
0.025000  -0.790000  952 0.320000 
0.150000  -0.810000  953 0.320000 
0.335000  -0.780000  954 0.320000 
0.155000  -0.850000  955 0.320000 
-0.120000  -0.700000  956 0.320000 
-0.020000  -0.840000  957 0.320000 
0.005000  -0.660000  958 0.320000 
0.190000  -0.820000  959 0.320000 
0.175000  -0.680000  960 0.320000 
0.035000  -0.630000  961 0.320000 
-0.040000  -0.710000  962 0.320000 
-0.290000  -1.100000  963 0.320000 
0.020000  -0.700000  964 0.320000 
0.160000  -0.930000  965 0.320000 
-0.030000  -0.850000  966 0.320000 
0.180000  -0.740000  967 0.320000 
0.070000  -0.650000  968 0.320000 
-0.335000  -0.870000  969 0.320000 
-0.070000  -0.770000  970 0.320000 
-0.140000  -0.750000  971 0.320000 
0.025000  -0.620000  972 0.320000 
0.255000  -0.660000  973 0.320000 
0.070000  -0.670000  974 0.320000 
0.230000  -0.770000  975 0.320000 
-0.085000  -0.860000  976 0.320000 
-0.280000  -0.870000  977 0.320000 
0.085000  -0.730000  978 0.320000 
0.100000  -0.890000  979 0.320000 
0.170000  -0.710000  980 0.320000 
0.205000  -0.890000  981 0.320000 
0.020000  -0.710000  982 0.320000 
0.180000  -0.820000  983 0.320000 
0.060000  -0.660000  984 0.320000 
0.135000  -0.630000  985 0.320000 
0.160000  -0.750000  986 0.320000 
0.100000  -0.560000  987 0.320000 
-0.415000  -1.040000  988 0.320000 
-0.030000  -0.730000  989 0.320000 
-0.045000  -0.990000  990 0.320000 
0.080000  -0.670000  991 0.320000 
-0.155000  -0.640000  992 0.320000 
0.145000  -0.840000  993 0.320000 
0.035000  -0.580000  994 0.320000 
-0.130000  -0.770000  995 0.320000 
0.070000  -0.550000  996 0.320000 
-0.155000  -0.720000  997 0.320000 
-0.300000  -0.830000  998 0.320000 
-0.125000  -0.590000  999 0.320000 
