0.785000  -1.470000  0 0.444000 
0.805000  -1.580000  1 0.444000 
0.640000  -1.380000  2 0.444000 
0.905000  -1.700000  3 0.444000 
0.825000  -1.550000  4 0.444000 
0.435000  -1.360000  5 0.444000 
0.720000  -1.420000  6 0.444000 
0.790000  -1.480000  7 0.444000 
0.670000  -1.310000  8 0.444000 
0.690000  -1.400000  9 0.444000 
0.820000  -1.550000  10 0.444000 
0.805000  -1.490000  11 0.444000 
0.715000  -1.430000  12 0.444000 
0.830000  -1.500000  13 0.444000 
0.870000  -1.640000  14 0.444000 
0.850000  -1.590000  15 0.444000 
0.865000  -1.690000  16 0.444000 
0.875000  -1.630000  17 0.444000 
0.620000  -1.260000  18 0.444000 
0.850000  -1.590000  19 0.444000 
0.605000  -1.350000  20 0.444000 
0.700000  -1.420000  21 0.444000 
0.875000  -1.620000  22 0.444000 
0.735000  -1.340000  23 0.444000 
0.790000  -1.510000  24 0.444000 
0.810000  -1.520000  25 0.444000 
0.870000  -1.680000  26 0.444000 
0.770000  -1.420000  27 0.444000 
0.810000  -1.560000  28 0.444000 
0.825000  -1.560000  29 0.444000 
0.850000  -1.590000  30 0.444000 
0.815000  -1.460000  31 0.444000 
0.700000  -1.290000  32 0.444000 
0.800000  -1.550000  33 0.444000 
0.790000  -1.420000  34 0.444000 
0.770000  -1.540000  35 0.444000 
0.835000  -1.690000  36 0.444000 
0.830000  -1.540000  37 0.444000 
0.765000  -1.620000  38 0.444000 
0.885000  -1.630000  39 0.444000 
0.870000  -1.570000  40 0.444000 
0.740000  -1.420000  41 0.444000 
0.820000  -1.560000  42 0.444000 
0.720000  -1.440000  43 0.444000 
0.915000  -1.730000  44 0.444000 
0.890000  -1.670000  45 0.444000 
0.860000  -1.630000  46 0.444000 
0.675000  -1.350000  47 0.444000 
0.560000  -1.230000  48 0.444000 
0.700000  -1.420000  49 0.444000 
0.875000  -1.630000  50 0.444000 
0.840000  -1.560000  51 0.444000 
0.745000  -1.430000  52 0.444000 
0.825000  -1.540000  53 0.444000 
0.795000  -1.590000  54 0.444000 
0.790000  -1.560000  55 0.444000 
0.865000  -1.610000  56 0.444000 
0.775000  -1.370000  57 0.444000 
0.180000  -1.210000  58 0.444000 
0.020000  -1.270000  59 0.444000 
0.850000  -1.580000  60 0.444000 
0.880000  -1.640000  61 0.444000 
0.695000  -1.430000  62 0.444000 
0.835000  -1.550000  63 0.444000 
0.750000  -1.350000  64 0.444000 
0.765000  -1.440000  65 0.444000 
0.715000  -1.430000  66 0.444000 
0.460000  -1.390000  67 0.444000 
0.840000  -1.510000  68 0.444000 
0.700000  -1.350000  69 0.444000 
0.480000  -1.390000  70 0.444000 
0.815000  -1.550000  71 0.444000 
0.550000  -1.250000  72 0.444000 
0.795000  -1.500000  73 0.444000 
0.775000  -1.440000  74 0.444000 
0.730000  -1.360000  75 0.444000 
0.720000  -1.430000  76 0.444000 
0.790000  -1.500000  77 0.444000 
0.410000  -1.220000  78 0.444000 
0.740000  -1.550000  79 0.444000 
0.825000  -1.590000  80 0.444000 
0.890000  -1.640000  81 0.444000 
0.735000  -1.420000  82 0.444000 
0.850000  -1.510000  83 0.444000 
0.720000  -1.400000  84 0.444000 
0.580000  -1.380000  85 0.444000 
0.725000  -1.360000  86 0.444000 
0.535000  -1.190000  87 0.444000 
0.605000  -1.310000  88 0.444000 
0.875000  -1.630000  89 0.444000 
0.635000  -1.340000  90 0.444000 
0.700000  -1.400000  91 0.444000 
0.745000  -1.360000  92 0.444000 
0.845000  -1.560000  93 0.444000 
0.785000  -1.380000  94 0.444000 
0.905000  -1.750000  95 0.444000 
0.780000  -1.460000  96 0.444000 
0.645000  -1.440000  97 0.444000 
0.835000  -1.580000  98 0.444000 
0.785000  -1.410000  99 0.444000 
0.280000  -1.240000  100 0.444000 
0.895000  -1.690000  101 0.444000 
0.845000  -1.500000  102 0.444000 
0.770000  -1.390000  103 0.444000 
0.870000  -1.670000  104 0.444000 
0.615000  -1.300000  105 0.444000 
0.670000  -1.340000  106 0.444000 
0.850000  -1.640000  107 0.444000 
0.485000  -1.310000  108 0.444000 
0.780000  -1.390000  109 0.444000 
0.825000  -1.600000  110 0.444000 
0.510000  -1.290000  111 0.444000 
0.690000  -1.480000  112 0.444000 
0.635000  -1.270000  113 0.444000 
0.750000  -1.400000  114 0.444000 
0.815000  -1.510000  115 0.444000 
0.790000  -1.480000  116 0.444000 
0.790000  -1.440000  117 0.444000 
0.380000  -1.300000  118 0.444000 
0.860000  -1.580000  119 0.444000 
0.825000  -1.570000  120 0.444000 
0.730000  -1.410000  121 0.444000 
0.820000  -1.490000  122 0.444000 
0.790000  -1.540000  123 0.444000 
0.330000  -1.170000  124 0.444000 
0.850000  -1.550000  125 0.444000 
0.790000  -1.440000  126 0.444000 
0.745000  -1.400000  127 0.444000 
0.705000  -1.290000  128 0.444000 
0.605000  -1.290000  129 0.444000 
0.695000  -1.370000  130 0.444000 
-0.640000  -1.460000  131 0.444000 
-0.820000  -1.550000  132 0.444000 
-0.860000  -1.580000  133 0.444000 
-0.645000  -1.260000  134 0.444000 
-0.840000  -1.560000  135 0.444000 
-0.780000  -1.410000  136 0.444000 
0.265000  -1.230000  137 0.444000 
0.770000  -1.520000  138 0.444000 
0.845000  -1.480000  139 0.444000 
0.215000  -1.210000  140 0.444000 
0.720000  -1.440000  141 0.444000 
0.840000  -1.560000  142 0.444000 
0.640000  -1.410000  143 0.444000 
0.660000  -1.470000  144 0.444000 
0.865000  -1.550000  145 0.444000 
0.890000  -1.660000  146 0.444000 
0.735000  -1.330000  147 0.444000 
0.765000  -1.410000  148 0.444000 
0.775000  -1.420000  149 0.444000 
0.485000  -1.340000  150 0.444000 
0.840000  -1.590000  151 0.444000 
0.760000  -1.450000  152 0.444000 
0.880000  -1.670000  153 0.444000 
0.630000  -1.530000  154 0.444000 
0.695000  -1.370000  155 0.444000 
0.535000  -1.280000  156 0.444000 
0.650000  -1.270000  157 0.444000 
0.930000  -1.760000  158 0.444000 
0.655000  -1.300000  159 0.444000 
0.865000  -1.590000  160 0.444000 
0.645000  -1.470000  161 0.444000 
0.745000  -1.580000  162 0.444000 
0.820000  -1.540000  163 0.444000 
0.780000  -1.530000  164 0.444000 
0.585000  -1.350000  165 0.444000 
0.845000  -1.520000  166 0.444000 
0.825000  -1.520000  167 0.444000 
0.900000  -1.690000  168 0.444000 
0.760000  -1.420000  169 0.444000 
0.835000  -1.560000  170 0.444000 
0.575000  -1.430000  171 0.444000 
0.900000  -1.760000  172 0.444000 
0.730000  -1.470000  173 0.444000 
0.745000  -1.600000  174 0.444000 
0.770000  -1.560000  175 0.444000 
0.710000  -1.430000  176 0.444000 
0.510000  -1.160000  177 0.444000 
0.170000  -1.340000  178 0.444000 
0.750000  -1.320000  179 0.444000 
0.785000  -1.480000  180 0.444000 
0.790000  -1.530000  181 0.444000 
0.670000  -1.370000  182 0.444000 
0.855000  -1.640000  183 0.444000 
0.850000  -1.620000  184 0.444000 
0.655000  -1.370000  185 0.444000 
0.885000  -1.640000  186 0.444000 
0.865000  -1.510000  187 0.444000 
0.540000  -1.330000  188 0.444000 
0.740000  -1.440000  189 0.444000 
0.695000  -1.360000  190 0.444000 
0.880000  -1.630000  191 0.444000 
0.715000  -1.360000  192 0.444000 
0.680000  -1.460000  193 0.444000 
0.615000  -1.520000  194 0.444000 
0.840000  -1.660000  195 0.444000 
0.615000  -1.320000  196 0.444000 
0.885000  -1.610000  197 0.444000 
0.810000  -1.510000  198 0.444000 
0.830000  -1.560000  199 0.444000 
0.770000  -1.480000  200 0.444000 
0.860000  -1.630000  201 0.444000 
0.410000  -1.280000  202 0.444000 
0.255000  -1.150000  203 0.444000 
-0.335000  -1.370000  204 0.444000 
-0.830000  -1.620000  205 0.444000 
-0.895000  -1.670000  206 0.444000 
-0.820000  -1.510000  207 0.444000 
-0.880000  -1.590000  208 0.444000 
-0.695000  -1.440000  209 0.444000 
-0.785000  -1.500000  210 0.444000 
-0.735000  -1.520000  211 0.444000 
-0.670000  -1.390000  212 0.444000 
-0.870000  -1.620000  213 0.444000 
-0.710000  -1.550000  214 0.444000 
-0.590000  -1.280000  215 0.444000 
-0.800000  -1.490000  216 0.444000 
-0.815000  -1.490000  217 0.444000 
-0.875000  -1.620000  218 0.444000 
-0.705000  -1.410000  219 0.444000 
-0.830000  -1.560000  220 0.444000 
-0.620000  -1.440000  221 0.444000 
-0.770000  -1.550000  222 0.444000 
-0.540000  -1.310000  223 0.444000 
-0.570000  -1.340000  224 0.444000 
-0.780000  -1.440000  225 0.444000 
-0.850000  -1.560000  226 0.444000 
-0.705000  -1.280000  227 0.444000 
-0.755000  -1.420000  228 0.444000 
-0.820000  -1.510000  229 0.444000 
-0.880000  -1.650000  230 0.444000 
-0.765000  -1.390000  231 0.444000 
-0.830000  -1.570000  232 0.444000 
-0.770000  -1.470000  233 0.444000 
-0.795000  -1.490000  234 0.444000 
-0.800000  -1.480000  235 0.444000 
-0.840000  -1.650000  236 0.444000 
-0.695000  -1.220000  237 0.444000 
-0.660000  -1.410000  238 0.444000 
-0.790000  -1.490000  239 0.444000 
-0.905000  -1.710000  240 0.444000 
-0.795000  -1.540000  241 0.444000 
-0.830000  -1.540000  242 0.444000 
-0.395000  -1.260000  243 0.444000 
-0.820000  -1.540000  244 0.444000 
-0.890000  -1.630000  245 0.444000 
-0.615000  -1.310000  246 0.444000 
-0.810000  -1.610000  247 0.444000 
-0.765000  -1.400000  248 0.444000 
-0.790000  -1.540000  249 0.444000 
-0.835000  -1.590000  250 0.444000 
-0.795000  -1.560000  251 0.444000 
-0.740000  -1.460000  252 0.444000 
-0.750000  -1.510000  253 0.444000 
-0.605000  -1.360000  254 0.444000 
-0.750000  -1.400000  255 0.444000 
-0.830000  -1.660000  256 0.444000 
-0.810000  -1.540000  257 0.444000 
-0.830000  -1.530000  258 0.444000 
-0.655000  -1.350000  259 0.444000 
-0.690000  -1.490000  260 0.444000 
-0.845000  -1.490000  261 0.444000 
-0.825000  -1.560000  262 0.444000 
-0.630000  -1.420000  263 0.444000 
-0.885000  -1.690000  264 0.444000 
-0.695000  -1.290000  265 0.444000 
-0.825000  -1.590000  266 0.444000 
-0.860000  -1.710000  267 0.444000 
-0.795000  -1.460000  268 0.444000 
-0.375000  -1.390000  269 0.444000 
-0.680000  -1.380000  270 0.444000 
-0.510000  -1.370000  271 0.444000 
-0.370000  -1.160000  272 0.444000 
-0.610000  -1.580000  273 0.444000 
-0.775000  -1.430000  274 0.444000 
-0.335000  -1.330000  275 0.444000 
-0.815000  -1.560000  276 0.444000 
-0.795000  -1.490000  277 0.444000 
-0.830000  -1.530000  278 0.444000 
-0.700000  -1.500000  279 0.444000 
-0.675000  -1.270000  280 0.444000 
-0.760000  -1.450000  281 0.444000 
-0.880000  -1.590000  282 0.444000 
-0.760000  -1.410000  283 0.444000 
-0.770000  -1.380000  284 0.444000 
-0.785000  -1.410000  285 0.444000 
-0.335000  -1.300000  286 0.444000 
-0.830000  -1.550000  287 0.444000 
-0.840000  -1.550000  288 0.444000 
-0.825000  -1.570000  289 0.444000 
-0.525000  -1.340000  290 0.444000 
-0.600000  -1.290000  291 0.444000 
-0.855000  -1.540000  292 0.444000 
-0.660000  -1.480000  293 0.444000 
-0.710000  -1.490000  294 0.444000 
-0.745000  -1.440000  295 0.444000 
-0.780000  -1.460000  296 0.444000 
-0.645000  -1.360000  297 0.444000 
-0.775000  -1.480000  298 0.444000 
-0.640000  -1.470000  299 0.444000 
-0.680000  -1.320000  300 0.444000 
-0.815000  -1.550000  301 0.444000 
-0.660000  -1.330000  302 0.444000 
-0.875000  -1.660000  303 0.444000 
-0.450000  -1.350000  304 0.444000 
-0.780000  -1.400000  305 0.444000 
-0.865000  -1.600000  306 0.444000 
-0.900000  -1.680000  307 0.444000 
-0.625000  -1.350000  308 0.444000 
-0.840000  -1.590000  309 0.444000 
-0.895000  -1.720000  310 0.444000 
-0.865000  -1.560000  311 0.444000 
-0.740000  -1.390000  312 0.444000 
-0.790000  -1.400000  313 0.444000 
-0.885000  -1.720000  314 0.444000 
-0.770000  -1.540000  315 0.444000 
-0.795000  -1.510000  316 0.444000 
-0.900000  -1.700000  317 0.444000 
-0.865000  -1.570000  318 0.444000 
-0.820000  -1.560000  319 0.444000 
-0.845000  -1.510000  320 0.444000 
-0.305000  -1.110000  321 0.444000 
-0.865000  -1.590000  322 0.444000 
-0.905000  -1.680000  323 0.444000 
-0.860000  -1.620000  324 0.444000 
-0.755000  -1.460000  325 0.444000 
-0.725000  -1.330000  326 0.444000 
-0.460000  -1.310000  327 0.444000 
-0.765000  -1.510000  328 0.444000 
-0.585000  -1.390000  329 0.444000 
-0.590000  -1.380000  330 0.444000 
-0.760000  -1.490000  331 0.444000 
-0.815000  -1.490000  332 0.444000 
-0.805000  -1.590000  333 0.444000 
-0.445000  -1.310000  334 0.444000 
-0.635000  -1.490000  335 0.444000 
-0.820000  -1.510000  336 0.444000 
-0.705000  -1.440000  337 0.444000 
-0.720000  -1.470000  338 0.444000 
-0.590000  -1.310000  339 0.444000 
-0.590000  -1.260000  340 0.444000 
-0.840000  -1.600000  341 0.444000 
-0.640000  -1.340000  342 0.444000 
-0.885000  -1.620000  343 0.444000 
-0.790000  -1.470000  344 0.444000 
-0.655000  -1.410000  345 0.444000 
-0.845000  -1.630000  346 0.444000 
-0.825000  -1.510000  347 0.444000 
-0.465000  -1.370000  348 0.444000 
-0.885000  -1.640000  349 0.444000 
-0.930000  -1.770000  350 0.444000 
-0.775000  -1.430000  351 0.444000 
-0.880000  -1.630000  352 0.444000 
-0.815000  -1.530000  353 0.444000 
-0.475000  -1.360000  354 0.444000 
0.805000  -1.430000  355 0.444000 
0.845000  -1.590000  356 0.444000 
0.895000  -1.680000  357 0.444000 
0.850000  -1.550000  358 0.444000 
0.820000  -1.480000  359 0.444000 
0.830000  -1.610000  360 0.444000 
0.960000  -1.870000  361 0.444000 
0.855000  -1.590000  362 0.444000 
0.295000  -1.410000  363 0.444000 
-0.015000  -0.980000  364 0.444000 
0.555000  -1.440000  365 0.444000 
0.770000  -1.440000  366 0.444000 
0.710000  -1.360000  367 0.444000 
0.870000  -1.600000  368 0.444000 
0.665000  -1.380000  369 0.444000 
0.795000  -1.510000  370 0.444000 
0.900000  -1.690000  371 0.444000 
0.565000  -1.340000  372 0.444000 
0.885000  -1.620000  373 0.444000 
0.510000  -1.300000  374 0.444000 
0.860000  -1.600000  375 0.444000 
0.700000  -1.410000  376 0.444000 
0.835000  -1.620000  377 0.444000 
0.720000  -1.300000  378 0.444000 
0.665000  -1.310000  379 0.444000 
-0.275000  -1.120000  380 0.444000 
0.475000  -1.400000  381 0.444000 
0.820000  -1.450000  382 0.444000 
0.880000  -1.610000  383 0.444000 
0.900000  -1.720000  384 0.444000 
0.745000  -1.470000  385 0.444000 
0.560000  -1.300000  386 0.444000 
0.805000  -1.510000  387 0.444000 
0.795000  -1.540000  388 0.444000 
0.730000  -1.480000  389 0.444000 
0.740000  -1.450000  390 0.444000 
0.865000  -1.630000  391 0.444000 
0.790000  -1.490000  392 0.444000 
0.820000  -1.540000  393 0.444000 
0.855000  -1.590000  394 0.444000 
0.425000  -1.220000  395 0.444000 
0.835000  -1.550000  396 0.444000 
0.740000  -1.530000  397 0.444000 
0.695000  -1.370000  398 0.444000 
0.835000  -1.560000  399 0.444000 
0.755000  -1.360000  400 0.444000 
0.740000  -1.420000  401 0.444000 
0.040000  -1.260000  402 0.444000 
0.765000  -1.400000  403 0.444000 
0.910000  -1.710000  404 0.444000 
0.470000  -1.180000  405 0.444000 
0.640000  -1.300000  406 0.444000 
0.750000  -1.420000  407 0.444000 
0.855000  -1.650000  408 0.444000 
0.695000  -1.340000  409 0.444000 
0.815000  -1.490000  410 0.444000 
0.900000  -1.680000  411 0.444000 
0.795000  -1.480000  412 0.444000 
0.745000  -1.520000  413 0.444000 
0.760000  -1.420000  414 0.444000 
0.650000  -1.170000  415 0.444000 
0.860000  -1.590000  416 0.444000 
0.785000  -1.470000  417 0.444000 
0.440000  -1.300000  418 0.444000 
0.845000  -1.570000  419 0.444000 
0.590000  -1.380000  420 0.444000 
0.820000  -1.440000  421 0.444000 
0.645000  -1.310000  422 0.444000 
0.745000  -1.450000  423 0.444000 
0.535000  -1.300000  424 0.444000 
0.870000  -1.540000  425 0.444000 
0.820000  -1.480000  426 0.444000 
0.755000  -1.390000  427 0.444000 
0.625000  -1.380000  428 0.444000 
0.825000  -1.520000  429 0.444000 
0.875000  -1.650000  430 0.444000 
0.805000  -1.680000  431 0.444000 
0.640000  -1.360000  432 0.444000 
0.640000  -1.270000  433 0.444000 
0.880000  -1.620000  434 0.444000 
0.690000  -1.250000  435 0.444000 
0.755000  -1.500000  436 0.444000 
0.905000  -1.690000  437 0.444000 
0.875000  -1.620000  438 0.444000 
0.595000  -1.370000  439 0.444000 
0.490000  -1.310000  440 0.444000 
0.885000  -1.740000  441 0.444000 
0.850000  -1.580000  442 0.444000 
0.820000  -1.710000  443 0.444000 
0.805000  -1.430000  444 0.444000 
0.840000  -1.550000  445 0.444000 
0.855000  -1.620000  446 0.444000 
0.810000  -1.560000  447 0.444000 
0.630000  -1.440000  448 0.444000 
0.760000  -1.480000  449 0.444000 
0.660000  -1.440000  450 0.444000 
0.820000  -1.560000  451 0.444000 
0.125000  -1.260000  452 0.444000 
0.800000  -1.550000  453 0.444000 
0.865000  -1.570000  454 0.444000 
0.840000  -1.620000  455 0.444000 
0.855000  -1.620000  456 0.444000 
0.790000  -1.490000  457 0.444000 
0.465000  -1.320000  458 0.444000 
0.595000  -1.300000  459 0.444000 
0.790000  -1.510000  460 0.444000 
0.855000  -1.600000  461 0.444000 
0.545000  -1.300000  462 0.444000 
0.830000  -1.500000  463 0.444000 
0.835000  -1.580000  464 0.444000 
0.925000  -1.750000  465 0.444000 
0.725000  -1.430000  466 0.444000 
0.300000  -1.290000  467 0.444000 
0.835000  -1.580000  468 0.444000 
0.875000  -1.620000  469 0.444000 
0.870000  -1.660000  470 0.444000 
0.460000  -1.340000  471 0.444000 
0.805000  -1.500000  472 0.444000 
0.405000  -1.260000  473 0.444000 
-0.430000  -1.300000  474 0.444000 
-0.795000  -1.590000  475 0.444000 
-0.765000  -1.470000  476 0.444000 
-0.895000  -1.660000  477 0.444000 
-0.815000  -1.500000  478 0.444000 
-0.885000  -1.680000  479 0.444000 
-0.705000  -1.420000  480 0.444000 
-0.920000  -1.760000  481 0.444000 
-0.820000  -1.540000  482 0.444000 
-0.730000  -1.430000  483 0.444000 
-0.810000  -1.580000  484 0.444000 
-0.700000  -1.370000  485 0.444000 
-0.885000  -1.640000  486 0.444000 
-0.830000  -1.610000  487 0.444000 
-0.900000  -1.720000  488 0.444000 
-0.880000  -1.640000  489 0.444000 
-0.750000  -1.490000  490 0.444000 
-0.790000  -1.580000  491 0.444000 
-0.840000  -1.580000  492 0.444000 
-0.795000  -1.570000  493 0.444000 
-0.845000  -1.630000  494 0.444000 
0.075000  -1.350000  495 0.444000 
0.425000  -1.260000  496 0.444000 
0.805000  -1.450000  497 0.444000 
0.565000  -1.320000  498 0.444000 
0.105000  -1.380000  499 0.444000 
0.130000  -1.250000  500 0.444000 
0.790000  -1.520000  501 0.444000 
0.740000  -1.480000  502 0.444000 
0.560000  -1.180000  503 0.444000 
0.895000  -1.690000  504 0.444000 
0.875000  -1.660000  505 0.444000 
0.670000  -1.420000  506 0.444000 
0.365000  -1.340000  507 0.444000 
0.785000  -1.430000  508 0.444000 
0.870000  -1.610000  509 0.444000 
0.665000  -1.470000  510 0.444000 
0.810000  -1.500000  511 0.444000 
0.340000  -1.250000  512 0.444000 
0.635000  -1.360000  513 0.444000 
0.550000  -1.170000  514 0.444000 
0.560000  -1.200000  515 0.444000 
0.585000  -1.380000  516 0.444000 
0.815000  -1.470000  517 0.444000 
0.575000  -1.320000  518 0.444000 
0.765000  -1.460000  519 0.444000 
0.910000  -1.730000  520 0.444000 
0.580000  -1.120000  521 0.444000 
0.780000  -1.540000  522 0.444000 
0.745000  -1.340000  523 0.444000 
0.825000  -1.550000  524 0.444000 
0.755000  -1.500000  525 0.444000 
0.860000  -1.680000  526 0.444000 
0.875000  -1.660000  527 0.444000 
0.525000  -1.330000  528 0.444000 
0.700000  -1.390000  529 0.444000 
0.720000  -1.440000  530 0.444000 
0.650000  -1.360000  531 0.444000 
0.850000  -1.630000  532 0.444000 
0.795000  -1.490000  533 0.444000 
0.895000  -1.650000  534 0.444000 
0.810000  -1.530000  535 0.444000 
0.740000  -1.350000  536 0.444000 
0.700000  -1.520000  537 0.444000 
0.750000  -1.490000  538 0.444000 
0.750000  -1.540000  539 0.444000 
-0.420000  -1.380000  540 0.444000 
-0.825000  -1.590000  541 0.444000 
-0.800000  -1.500000  542 0.444000 
-0.245000  -1.190000  543 0.444000 
-0.750000  -1.510000  544 0.444000 
-0.830000  -1.630000  545 0.444000 
-0.795000  -1.470000  546 0.444000 
-0.885000  -1.670000  547 0.444000 
-0.680000  -1.460000  548 0.444000 
-0.835000  -1.480000  549 0.444000 
-0.815000  -1.550000  550 0.444000 
-0.865000  -1.600000  551 0.444000 
-0.835000  -1.570000  552 0.444000 
-0.685000  -1.320000  553 0.444000 
-0.780000  -1.550000  554 0.444000 
-0.790000  -1.500000  555 0.444000 
-0.700000  -1.370000  556 0.444000 
-0.610000  -1.370000  557 0.444000 
-0.650000  -1.460000  558 0.444000 
-0.735000  -1.390000  559 0.444000 
0.140000  -1.320000  560 0.444000 
-0.745000  -1.550000  561 0.444000 
-0.855000  -1.580000  562 0.444000 
-0.925000  -1.750000  563 0.444000 
-0.660000  -1.390000  564 0.444000 
-0.605000  -1.350000  565 0.444000 
-0.030000  -1.300000  566 0.444000 
0.115000  -1.150000  567 0.444000 
-0.295000  -1.300000  568 0.444000 
-0.830000  -1.550000  569 0.444000 
-0.835000  -1.580000  570 0.444000 
-0.545000  -1.380000  571 0.444000 
-0.150000  -1.270000  572 0.444000 
-0.775000  -1.390000  573 0.444000 
-0.750000  -1.450000  574 0.444000 
-0.800000  -1.540000  575 0.444000 
-0.770000  -1.520000  576 0.444000 
-0.690000  -1.470000  577 0.444000 
-0.805000  -1.530000  578 0.444000 
-0.620000  -1.360000  579 0.444000 
-0.845000  -1.600000  580 0.444000 
-0.515000  -1.270000  581 0.444000 
-0.800000  -1.470000  582 0.444000 
-0.900000  -1.680000  583 0.444000 
-0.855000  -1.630000  584 0.444000 
-0.730000  -1.600000  585 0.444000 
-0.910000  -1.730000  586 0.444000 
-0.800000  -1.500000  587 0.444000 
-0.835000  -1.470000  588 0.444000 
-0.870000  -1.630000  589 0.444000 
-0.805000  -1.540000  590 0.444000 
-0.845000  -1.590000  591 0.444000 
-0.905000  -1.660000  592 0.444000 
-0.790000  -1.550000  593 0.444000 
-0.670000  -1.230000  594 0.444000 
-0.810000  -1.470000  595 0.444000 
-0.780000  -1.410000  596 0.444000 
-0.855000  -1.590000  597 0.444000 
-0.865000  -1.600000  598 0.444000 
-0.830000  -1.560000  599 0.444000 
-0.610000  -1.260000  600 0.444000 
-0.775000  -1.520000  601 0.444000 
-0.790000  -1.460000  602 0.444000 
-0.305000  -1.180000  603 0.444000 
-0.785000  -1.560000  604 0.444000 
-0.765000  -1.480000  605 0.444000 
-0.780000  -1.440000  606 0.444000 
-0.715000  -1.430000  607 0.444000 
-0.920000  -1.720000  608 0.444000 
-0.680000  -1.390000  609 0.444000 
-0.820000  -1.430000  610 0.444000 
-0.710000  -1.470000  611 0.444000 
-0.615000  -1.420000  612 0.444000 
-0.490000  -1.320000  613 0.444000 
-0.805000  -1.440000  614 0.444000 
-0.845000  -1.520000  615 0.444000 
-0.535000  -1.150000  616 0.444000 
-0.850000  -1.540000  617 0.444000 
-0.835000  -1.530000  618 0.444000 
-0.580000  -1.320000  619 0.444000 
-0.830000  -1.460000  620 0.444000 
-0.785000  -1.540000  621 0.444000 
-0.640000  -1.420000  622 0.444000 
-0.835000  -1.560000  623 0.444000 
-0.855000  -1.600000  624 0.444000 
-0.880000  -1.590000  625 0.444000 
-0.745000  -1.490000  626 0.444000 
-0.635000  -1.390000  627 0.444000 
-0.590000  -1.160000  628 0.444000 
-0.860000  -1.580000  629 0.444000 
-0.735000  -1.390000  630 0.444000 
-0.805000  -1.500000  631 0.444000 
0.060000  -1.060000  632 0.444000 
-0.085000  -1.240000  633 0.444000 
-0.640000  -1.370000  634 0.444000 
-0.755000  -1.490000  635 0.444000 
-0.645000  -1.400000  636 0.444000 
-0.535000  -1.140000  637 0.444000 
-0.900000  -1.750000  638 0.444000 
-0.365000  -1.070000  639 0.444000 
0.155000  -1.300000  640 0.444000 
0.595000  -1.260000  641 0.444000 
0.845000  -1.560000  642 0.444000 
0.770000  -1.520000  643 0.444000 
0.805000  -1.540000  644 0.444000 
0.820000  -1.490000  645 0.444000 
0.620000  -1.390000  646 0.444000 
0.800000  -1.490000  647 0.444000 
0.785000  -1.490000  648 0.444000 
0.910000  -1.710000  649 0.444000 
0.830000  -1.500000  650 0.444000 
0.845000  -1.580000  651 0.444000 
0.815000  -1.550000  652 0.444000 
0.870000  -1.620000  653 0.444000 
0.755000  -1.450000  654 0.444000 
0.865000  -1.610000  655 0.444000 
0.770000  -1.500000  656 0.444000 
0.860000  -1.590000  657 0.444000 
0.860000  -1.580000  658 0.444000 
0.595000  -1.340000  659 0.444000 
0.915000  -1.720000  660 0.444000 
0.590000  -1.430000  661 0.444000 
0.790000  -1.520000  662 0.444000 
0.820000  -1.490000  663 0.444000 
0.725000  -1.410000  664 0.444000 
0.895000  -1.640000  665 0.444000 
0.690000  -1.430000  666 0.444000 
0.860000  -1.630000  667 0.444000 
0.765000  -1.470000  668 0.444000 
0.845000  -1.530000  669 0.444000 
0.845000  -1.570000  670 0.444000 
0.685000  -1.370000  671 0.444000 
0.820000  -1.550000  672 0.444000 
0.630000  -1.350000  673 0.444000 
0.120000  -1.130000  674 0.444000 
0.695000  -1.420000  675 0.444000 
0.840000  -1.550000  676 0.444000 
0.415000  -1.140000  677 0.444000 
0.605000  -1.250000  678 0.444000 
0.490000  -1.210000  679 0.444000 
0.590000  -1.320000  680 0.444000 
0.840000  -1.620000  681 0.444000 
0.415000  -1.370000  682 0.444000 
-0.080000  -1.240000  683 0.444000 
-0.810000  -1.540000  684 0.444000 
-0.820000  -1.570000  685 0.444000 
-0.850000  -1.540000  686 0.444000 
-0.825000  -1.580000  687 0.444000 
-0.795000  -1.450000  688 0.444000 
-0.685000  -1.350000  689 0.444000 
-0.715000  -1.340000  690 0.444000 
-0.660000  -1.570000  691 0.444000 
-0.860000  -1.630000  692 0.444000 
-0.725000  -1.390000  693 0.444000 
-0.695000  -1.370000  694 0.444000 
-0.850000  -1.640000  695 0.444000 
-0.625000  -1.220000  696 0.444000 
-0.770000  -1.490000  697 0.444000 
-0.820000  -1.610000  698 0.444000 
-0.580000  -1.290000  699 0.444000 
-0.835000  -1.610000  700 0.444000 
-0.890000  -1.630000  701 0.444000 
-0.595000  -1.180000  702 0.444000 
-0.680000  -1.220000  703 0.444000 
-0.600000  -1.380000  704 0.444000 
-0.485000  -1.380000  705 0.444000 
-0.360000  -1.320000  706 0.444000 
-0.380000  -1.210000  707 0.444000 
-0.905000  -1.700000  708 0.444000 
-0.785000  -1.550000  709 0.444000 
-0.570000  -1.200000  710 0.444000 
-0.740000  -1.380000  711 0.444000 
-0.450000  -1.190000  712 0.444000 
-0.605000  -1.390000  713 0.444000 
-0.740000  -1.400000  714 0.444000 
-0.845000  -1.540000  715 0.444000 
-0.765000  -1.480000  716 0.444000 
-0.660000  -1.370000  717 0.444000 
-0.755000  -1.420000  718 0.444000 
-0.730000  -1.530000  719 0.444000 
-0.830000  -1.570000  720 0.444000 
-0.735000  -1.400000  721 0.444000 
-0.840000  -1.670000  722 0.444000 
-0.840000  -1.460000  723 0.444000 
-0.595000  -1.420000  724 0.444000 
-0.660000  -1.390000  725 0.444000 
-0.855000  -1.520000  726 0.444000 
-0.765000  -1.470000  727 0.444000 
-0.640000  -1.240000  728 0.444000 
-0.655000  -1.350000  729 0.444000 
0.000000  -1.250000  730 0.444000 
-0.315000  -1.250000  731 0.444000 
-0.755000  -1.410000  732 0.444000 
-0.880000  -1.680000  733 0.444000 
-0.715000  -1.360000  734 0.444000 
-0.900000  -1.670000  735 0.444000 
-0.755000  -1.470000  736 0.444000 
-0.810000  -1.510000  737 0.444000 
-0.775000  -1.380000  738 0.444000 
-0.750000  -1.370000  739 0.444000 
-0.730000  -1.530000  740 0.444000 
-0.630000  -1.300000  741 0.444000 
-0.820000  -1.570000  742 0.444000 
-0.610000  -1.400000  743 0.444000 
-0.805000  -1.520000  744 0.444000 
-0.725000  -1.370000  745 0.444000 
-0.915000  -1.750000  746 0.444000 
-0.825000  -1.530000  747 0.444000 
-0.630000  -1.410000  748 0.444000 
-0.740000  -1.480000  749 0.444000 
-0.655000  -1.310000  750 0.444000 
-0.440000  -1.180000  751 0.444000 
-0.855000  -1.670000  752 0.444000 
-0.805000  -1.580000  753 0.444000 
-0.765000  -1.450000  754 0.444000 
-0.860000  -1.570000  755 0.444000 
-0.855000  -1.560000  756 0.444000 
-0.675000  -1.440000  757 0.444000 
-0.730000  -1.550000  758 0.444000 
-0.605000  -1.580000  759 0.444000 
-0.730000  -1.320000  760 0.444000 
-0.845000  -1.660000  761 0.444000 
0.160000  -1.510000  762 0.444000 
-0.635000  -1.420000  763 0.444000 
-0.835000  -1.500000  764 0.444000 
-0.135000  -1.190000  765 0.444000 
-0.550000  -1.400000  766 0.444000 
-0.495000  -1.290000  767 0.444000 
-0.640000  -1.340000  768 0.444000 
-0.830000  -1.500000  769 0.444000 
-0.675000  -1.320000  770 0.444000 
0.440000  -1.320000  771 0.444000 
0.750000  -1.490000  772 0.444000 
0.755000  -1.380000  773 0.444000 
0.530000  -1.510000  774 0.444000 
0.765000  -1.390000  775 0.444000 
0.870000  -1.670000  776 0.444000 
0.815000  -1.530000  777 0.444000 
0.775000  -1.520000  778 0.444000 
0.620000  -1.290000  779 0.444000 
0.850000  -1.550000  780 0.444000 
0.805000  -1.520000  781 0.444000 
0.785000  -1.410000  782 0.444000 
0.680000  -1.320000  783 0.444000 
0.650000  -1.470000  784 0.444000 
0.605000  -1.330000  785 0.444000 
0.745000  -1.460000  786 0.444000 
0.315000  -1.330000  787 0.444000 
0.720000  -1.470000  788 0.444000 
0.920000  -1.710000  789 0.444000 
0.710000  -1.350000  790 0.444000 
0.880000  -1.690000  791 0.444000 
0.595000  -1.360000  792 0.444000 
0.685000  -1.290000  793 0.444000 
0.760000  -1.550000  794 0.444000 
0.885000  -1.660000  795 0.444000 
0.585000  -1.360000  796 0.444000 
0.795000  -1.580000  797 0.444000 
0.775000  -1.590000  798 0.444000 
0.555000  -1.220000  799 0.444000 
0.815000  -1.530000  800 0.444000 
0.860000  -1.630000  801 0.444000 
0.765000  -1.450000  802 0.444000 
-0.855000  -1.590000  803 0.444000 
-0.875000  -1.600000  804 0.444000 
-0.785000  -1.410000  805 0.444000 
-0.890000  -1.630000  806 0.444000 
-0.765000  -1.420000  807 0.444000 
-0.725000  -1.410000  808 0.444000 
-0.910000  -1.710000  809 0.444000 
-0.925000  -1.720000  810 0.444000 
-0.490000  -1.440000  811 0.444000 
-0.840000  -1.590000  812 0.444000 
-0.805000  -1.480000  813 0.444000 
-0.825000  -1.580000  814 0.444000 
-0.760000  -1.530000  815 0.444000 
-0.940000  -1.800000  816 0.444000 
-0.860000  -1.540000  817 0.444000 
-0.530000  -1.360000  818 0.444000 
-0.535000  -1.250000  819 0.444000 
-0.730000  -1.570000  820 0.444000 
-0.835000  -1.550000  821 0.444000 
-0.575000  -1.380000  822 0.444000 
-0.825000  -1.490000  823 0.444000 
-0.520000  -1.340000  824 0.444000 
-0.850000  -1.540000  825 0.444000 
-0.885000  -1.660000  826 0.444000 
-0.760000  -1.550000  827 0.444000 
-0.890000  -1.660000  828 0.444000 
-0.830000  -1.510000  829 0.444000 
-0.880000  -1.610000  830 0.444000 
-0.830000  -1.550000  831 0.444000 
-0.775000  -1.530000  832 0.444000 
-0.805000  -1.450000  833 0.444000 
-0.755000  -1.420000  834 0.444000 
-0.800000  -1.540000  835 0.444000 
-0.815000  -1.580000  836 0.444000 
-0.875000  -1.610000  837 0.444000 
-0.775000  -1.490000  838 0.444000 
-0.755000  -1.530000  839 0.444000 
-0.850000  -1.620000  840 0.444000 
-0.065000  -1.260000  841 0.444000 
-0.050000  -1.290000  842 0.444000 
0.845000  -1.490000  843 0.444000 
0.950000  -1.830000  844 0.444000 
0.805000  -1.480000  845 0.444000 
0.645000  -1.340000  846 0.444000 
0.875000  -1.650000  847 0.444000 
0.910000  -1.680000  848 0.444000 
0.700000  -1.440000  849 0.444000 
0.405000  -1.270000  850 0.444000 
0.815000  -1.530000  851 0.444000 
0.855000  -1.630000  852 0.444000 
0.720000  -1.430000  853 0.444000 
0.645000  -1.340000  854 0.444000 
0.885000  -1.700000  855 0.444000 
0.765000  -1.400000  856 0.444000 
0.790000  -1.450000  857 0.444000 
0.655000  -1.490000  858 0.444000 
0.800000  -1.530000  859 0.444000 
0.055000  -1.330000  860 0.444000 
0.380000  -1.230000  861 0.444000 
0.665000  -1.260000  862 0.444000 
0.735000  -1.480000  863 0.444000 
0.865000  -1.590000  864 0.444000 
0.795000  -1.540000  865 0.444000 
0.710000  -1.300000  866 0.444000 
0.215000  -1.390000  867 0.444000 
-0.180000  -1.250000  868 0.444000 
-0.310000  -1.120000  869 0.444000 
-0.790000  -1.550000  870 0.444000 
-0.910000  -1.730000  871 0.444000 
-0.920000  -1.730000  872 0.444000 
-0.735000  -1.420000  873 0.444000 
-0.850000  -1.580000  874 0.444000 
-0.645000  -1.430000  875 0.444000 
-0.845000  -1.600000  876 0.444000 
-0.810000  -1.480000  877 0.444000 
-0.790000  -1.490000  878 0.444000 
-0.755000  -1.430000  879 0.444000 
-0.815000  -1.520000  880 0.444000 
-0.785000  -1.450000  881 0.444000 
-0.770000  -1.440000  882 0.444000 
-0.795000  -1.520000  883 0.444000 
-0.835000  -1.530000  884 0.444000 
-0.680000  -1.400000  885 0.444000 
-0.335000  -1.330000  886 0.444000 
-0.860000  -1.590000  887 0.444000 
-0.040000  -1.380000  888 0.444000 
-0.815000  -1.530000  889 0.444000 
-0.760000  -1.460000  890 0.444000 
-0.800000  -1.450000  891 0.444000 
-0.745000  -1.400000  892 0.444000 
-0.395000  -1.280000  893 0.444000 
-0.600000  -1.440000  894 0.444000 
-0.650000  -1.440000  895 0.444000 
-0.905000  -1.660000  896 0.444000 
-0.850000  -1.550000  897 0.444000 
-0.865000  -1.630000  898 0.444000 
-0.675000  -1.350000  899 0.444000 
-0.720000  -1.460000  900 0.444000 
-0.495000  -1.360000  901 0.444000 
-0.615000  -1.330000  902 0.444000 
-0.580000  -1.340000  903 0.444000 
-0.655000  -1.410000  904 0.444000 
-0.925000  -1.760000  905 0.444000 
-0.910000  -1.700000  906 0.444000 
-0.855000  -1.640000  907 0.444000 
-0.730000  -1.470000  908 0.444000 
-0.090000  -1.120000  909 0.444000 
-0.745000  -1.530000  910 0.444000 
-0.690000  -1.360000  911 0.444000 
-0.875000  -1.680000  912 0.444000 
-0.880000  -1.580000  913 0.444000 
-0.690000  -1.390000  914 0.444000 
-0.815000  -1.470000  915 0.444000 
-0.680000  -1.400000  916 0.444000 
-0.820000  -1.460000  917 0.444000 
-0.850000  -1.560000  918 0.444000 
-0.695000  -1.450000  919 0.444000 
-0.860000  -1.640000  920 0.444000 
-0.885000  -1.660000  921 0.444000 
-0.745000  -1.530000  922 0.444000 
-0.900000  -1.650000  923 0.444000 
-0.695000  -1.390000  924 0.444000 
-0.865000  -1.620000  925 0.444000 
-0.485000  -1.430000  926 0.444000 
-0.055000  -1.310000  927 0.444000 
0.145000  -1.160000  928 0.444000 
0.805000  -1.480000  929 0.444000 
0.680000  -1.400000  930 0.444000 
0.640000  -1.310000  931 0.444000 
0.795000  -1.480000  932 0.444000 
0.845000  -1.580000  933 0.444000 
0.435000  -1.310000  934 0.444000 
0.230000  -1.290000  935 0.444000 
0.660000  -1.340000  936 0.444000 
0.890000  -1.650000  937 0.444000 
0.760000  -1.440000  938 0.444000 
0.710000  -1.420000  939 0.444000 
0.825000  -1.580000  940 0.444000 
0.880000  -1.670000  941 0.444000 
0.775000  -1.520000  942 0.444000 
0.825000  -1.470000  943 0.444000 
0.645000  -1.620000  944 0.444000 
0.735000  -1.570000  945 0.444000 
0.860000  -1.560000  946 0.444000 
0.725000  -1.350000  947 0.444000 
0.690000  -1.530000  948 0.444000 
0.790000  -1.440000  949 0.444000 
0.710000  -1.440000  950 0.444000 
0.435000  -1.220000  951 0.444000 
0.675000  -1.360000  952 0.444000 
0.605000  -1.310000  953 0.444000 
0.640000  -1.330000  954 0.444000 
0.745000  -1.510000  955 0.444000 
0.385000  -1.180000  956 0.444000 
0.765000  -1.440000  957 0.444000 
0.745000  -1.460000  958 0.444000 
0.800000  -1.440000  959 0.444000 
0.795000  -1.420000  960 0.444000 
0.735000  -1.350000  961 0.444000 
0.855000  -1.590000  962 0.444000 
0.810000  -1.600000  963 0.444000 
0.310000  -1.120000  964 0.444000 
0.660000  -1.350000  965 0.444000 
0.885000  -1.630000  966 0.444000 
0.710000  -1.390000  967 0.444000 
0.790000  -1.610000  968 0.444000 
0.800000  -1.550000  969 0.444000 
0.785000  -1.510000  970 0.444000 
0.835000  -1.560000  971 0.444000 
0.755000  -1.450000  972 0.444000 
0.600000  -1.280000  973 0.444000 
0.670000  -1.380000  974 0.444000 
0.905000  -1.690000  975 0.444000 
0.865000  -1.640000  976 0.444000 
0.865000  -1.550000  977 0.444000 
0.850000  -1.580000  978 0.444000 
0.220000  -1.220000  979 0.444000 
-0.235000  -1.230000  980 0.444000 
-0.805000  -1.580000  981 0.444000 
-0.650000  -1.220000  982 0.444000 
-0.705000  -1.360000  983 0.444000 
-0.765000  -1.500000  984 0.444000 
-0.655000  -1.240000  985 0.444000 
-0.465000  -1.140000  986 0.444000 
-0.785000  -1.440000  987 0.444000 
-0.765000  -1.500000  988 0.444000 
-0.730000  -1.360000  989 0.444000 
-0.085000  -1.260000  990 0.444000 
-0.770000  -1.470000  991 0.444000 
-0.825000  -1.510000  992 0.444000 
-0.535000  -1.300000  993 0.444000 
-0.765000  -1.440000  994 0.444000 
-0.580000  -1.230000  995 0.444000 
-0.740000  -1.500000  996 0.444000 
-0.915000  -1.730000  997 0.444000 
-0.735000  -1.390000  998 0.444000 
-0.790000  -1.460000  999 0.444000 
