-0.365000  -1.320000  0 0.430000 
-0.635000  -1.350000  1 0.430000 
-0.785000  -1.500000  2 0.430000 
-0.580000  -1.370000  3 0.430000 
-0.765000  -1.510000  4 0.430000 
-0.545000  -1.300000  5 0.430000 
-0.730000  -1.540000  6 0.430000 
-0.890000  -1.650000  7 0.430000 
-0.865000  -1.580000  8 0.430000 
-0.700000  -1.390000  9 0.430000 
-0.545000  -1.210000  10 0.430000 
-0.630000  -1.460000  11 0.430000 
-0.835000  -1.540000  12 0.430000 
-0.545000  -1.180000  13 0.430000 
-0.620000  -1.470000  14 0.430000 
-0.720000  -1.410000  15 0.430000 
0.300000  -1.240000  16 0.430000 
0.405000  -1.190000  17 0.430000 
0.845000  -1.590000  18 0.430000 
0.580000  -1.200000  19 0.430000 
0.780000  -1.460000  20 0.430000 
0.285000  -1.230000  21 0.430000 
0.345000  -1.240000  22 0.430000 
0.335000  -1.250000  23 0.430000 
0.760000  -1.430000  24 0.430000 
0.395000  -1.220000  25 0.430000 
0.675000  -1.410000  26 0.430000 
0.735000  -1.400000  27 0.430000 
0.540000  -1.250000  28 0.430000 
0.700000  -1.320000  29 0.430000 
0.480000  -1.170000  30 0.430000 
0.350000  -1.220000  31 0.430000 
0.735000  -1.380000  32 0.430000 
-0.225000  -1.340000  33 0.430000 
-0.795000  -1.500000  34 0.430000 
-0.735000  -1.420000  35 0.430000 
-0.915000  -1.710000  36 0.430000 
-0.790000  -1.460000  37 0.430000 
-0.850000  -1.660000  38 0.430000 
-0.760000  -1.400000  39 0.430000 
-0.685000  -1.310000  40 0.430000 
-0.690000  -1.460000  41 0.430000 
-0.225000  -1.210000  42 0.430000 
-0.720000  -1.360000  43 0.430000 
-0.690000  -1.340000  44 0.430000 
-0.620000  -1.340000  45 0.430000 
-0.650000  -1.220000  46 0.430000 
-0.640000  -1.260000  47 0.430000 
-0.435000  -1.380000  48 0.430000 
-0.030000  -1.200000  49 0.430000 
0.705000  -1.440000  50 0.430000 
0.685000  -1.500000  51 0.430000 
0.555000  -1.330000  52 0.430000 
0.835000  -1.560000  53 0.430000 
0.190000  -1.120000  54 0.430000 
0.150000  -1.180000  55 0.430000 
0.660000  -1.430000  56 0.430000 
0.655000  -1.390000  57 0.430000 
0.335000  -1.210000  58 0.430000 
0.315000  -1.210000  59 0.430000 
0.405000  -1.130000  60 0.430000 
0.675000  -1.280000  61 0.430000 
0.765000  -1.370000  62 0.430000 
0.800000  -1.590000  63 0.430000 
0.225000  -1.220000  64 0.430000 
-0.110000  -0.970000  65 0.430000 
-0.325000  -1.230000  66 0.430000 
0.180000  -1.190000  67 0.430000 
-0.405000  -1.220000  68 0.430000 
-0.765000  -1.450000  69 0.430000 
-0.775000  -1.550000  70 0.430000 
-0.795000  -1.510000  71 0.430000 
-0.615000  -1.380000  72 0.430000 
-0.460000  -1.290000  73 0.430000 
-0.590000  -1.250000  74 0.430000 
-0.855000  -1.570000  75 0.430000 
-0.665000  -1.350000  76 0.430000 
-0.515000  -1.330000  77 0.430000 
-0.695000  -1.360000  78 0.430000 
0.175000  -0.990000  79 0.430000 
-0.470000  -1.310000  80 0.430000 
-0.240000  -1.370000  81 0.430000 
-0.800000  -1.530000  82 0.430000 
-0.845000  -1.620000  83 0.430000 
-0.665000  -1.320000  84 0.430000 
-0.185000  -1.220000  85 0.430000 
-0.260000  -1.200000  86 0.430000 
-0.415000  -1.310000  87 0.430000 
-0.700000  -1.410000  88 0.430000 
-0.620000  -1.340000  89 0.430000 
-0.790000  -1.470000  90 0.430000 
-0.640000  -1.280000  91 0.430000 
-0.320000  -1.030000  92 0.430000 
-0.710000  -1.450000  93 0.430000 
-0.010000  -1.230000  94 0.430000 
-0.025000  -1.100000  95 0.430000 
0.320000  -1.320000  96 0.430000 
0.440000  -1.060000  97 0.430000 
0.910000  -1.720000  98 0.430000 
0.760000  -1.470000  99 0.430000 
0.725000  -1.420000  100 0.430000 
0.810000  -1.490000  101 0.430000 
0.420000  -1.090000  102 0.430000 
0.840000  -1.560000  103 0.430000 
0.585000  -1.210000  104 0.430000 
0.625000  -1.410000  105 0.430000 
0.690000  -1.320000  106 0.430000 
0.810000  -1.480000  107 0.430000 
0.830000  -1.480000  108 0.430000 
0.700000  -1.300000  109 0.430000 
0.860000  -1.620000  110 0.430000 
0.490000  -1.260000  111 0.430000 
-0.290000  -1.280000  112 0.430000 
-0.550000  -1.120000  113 0.430000 
-0.445000  -1.180000  114 0.430000 
-0.805000  -1.550000  115 0.430000 
-0.715000  -1.330000  116 0.430000 
-0.820000  -1.550000  117 0.430000 
-0.875000  -1.650000  118 0.430000 
-0.760000  -1.410000  119 0.430000 
-0.735000  -1.310000  120 0.430000 
-0.285000  -1.100000  121 0.430000 
-0.815000  -1.550000  122 0.430000 
-0.870000  -1.620000  123 0.430000 
-0.810000  -1.510000  124 0.430000 
-0.845000  -1.590000  125 0.430000 
-0.535000  -1.240000  126 0.430000 
-0.510000  -1.190000  127 0.430000 
-0.680000  -1.440000  128 0.430000 
-0.805000  -1.580000  129 0.430000 
-0.610000  -1.330000  130 0.430000 
-0.660000  -1.340000  131 0.430000 
-0.575000  -1.360000  132 0.430000 
-0.255000  -1.450000  133 0.430000 
-0.640000  -1.410000  134 0.430000 
-0.840000  -1.580000  135 0.430000 
-0.810000  -1.470000  136 0.430000 
-0.825000  -1.600000  137 0.430000 
-0.785000  -1.360000  138 0.430000 
-0.075000  -1.140000  139 0.430000 
0.330000  -1.380000  140 0.430000 
-0.020000  -1.090000  141 0.430000 
-0.645000  -1.440000  142 0.430000 
0.230000  -1.290000  143 0.430000 
0.335000  -1.350000  144 0.430000 
0.700000  -1.360000  145 0.430000 
0.730000  -1.340000  146 0.430000 
0.820000  -1.550000  147 0.430000 
0.790000  -1.560000  148 0.430000 
0.850000  -1.570000  149 0.430000 
0.590000  -1.350000  150 0.430000 
-0.005000  -1.240000  151 0.430000 
-0.270000  -1.070000  152 0.430000 
0.380000  -1.290000  153 0.430000 
0.180000  -1.260000  154 0.430000 
0.835000  -1.600000  155 0.430000 
0.585000  -1.380000  156 0.430000 
0.395000  -1.060000  157 0.430000 
-0.595000  -1.370000  158 0.430000 
-0.330000  -1.100000  159 0.430000 
-0.490000  -1.250000  160 0.430000 
-0.690000  -1.440000  161 0.430000 
-0.850000  -1.520000  162 0.430000 
-0.690000  -1.230000  163 0.430000 
-0.720000  -1.460000  164 0.430000 
-0.650000  -1.360000  165 0.430000 
-0.620000  -1.340000  166 0.430000 
-0.740000  -1.350000  167 0.430000 
-0.765000  -1.450000  168 0.430000 
-0.760000  -1.400000  169 0.430000 
-0.875000  -1.600000  170 0.430000 
-0.425000  -1.430000  171 0.430000 
-0.705000  -1.490000  172 0.430000 
-0.860000  -1.560000  173 0.430000 
-0.780000  -1.510000  174 0.430000 
-0.820000  -1.500000  175 0.430000 
-0.840000  -1.530000  176 0.430000 
-0.695000  -1.390000  177 0.430000 
-0.695000  -1.480000  178 0.430000 
-0.465000  -1.260000  179 0.430000 
-0.805000  -1.440000  180 0.430000 
-0.535000  -1.270000  181 0.430000 
-0.690000  -1.270000  182 0.430000 
-0.710000  -1.330000  183 0.430000 
-0.755000  -1.390000  184 0.430000 
-0.895000  -1.690000  185 0.430000 
-0.760000  -1.360000  186 0.430000 
-0.785000  -1.460000  187 0.430000 
-0.210000  -1.210000  188 0.430000 
-0.155000  -1.230000  189 0.430000 
-0.745000  -1.370000  190 0.430000 
-0.895000  -1.690000  191 0.430000 
-0.735000  -1.490000  192 0.430000 
-0.635000  -1.230000  193 0.430000 
-0.700000  -1.360000  194 0.430000 
-0.800000  -1.450000  195 0.430000 
-0.800000  -1.540000  196 0.430000 
-0.210000  -1.010000  197 0.430000 
-0.295000  -1.250000  198 0.430000 
-0.240000  -1.340000  199 0.430000 
-0.710000  -1.370000  200 0.430000 
-0.670000  -1.320000  201 0.430000 
-0.140000  -1.300000  202 0.430000 
0.315000  -1.040000  203 0.430000 
0.650000  -1.420000  204 0.430000 
0.565000  -1.380000  205 0.430000 
0.675000  -1.290000  206 0.430000 
0.850000  -1.530000  207 0.430000 
0.670000  -1.240000  208 0.430000 
0.735000  -1.320000  209 0.430000 
0.590000  -1.360000  210 0.430000 
0.275000  -1.210000  211 0.430000 
-0.445000  -1.470000  212 0.430000 
-0.820000  -1.510000  213 0.430000 
-0.590000  -1.150000  214 0.430000 
-0.790000  -1.550000  215 0.430000 
-0.210000  -1.130000  216 0.430000 
0.055000  -1.180000  217 0.430000 
0.795000  -1.510000  218 0.430000 
0.285000  -1.200000  219 0.430000 
0.925000  -1.710000  220 0.430000 
0.725000  -1.390000  221 0.430000 
0.605000  -1.280000  222 0.430000 
0.405000  -1.200000  223 0.430000 
0.455000  -1.250000  224 0.430000 
0.745000  -1.330000  225 0.430000 
0.650000  -1.340000  226 0.430000 
0.870000  -1.590000  227 0.430000 
-0.050000  -1.040000  228 0.430000 
0.280000  -1.200000  229 0.430000 
0.380000  -1.290000  230 0.430000 
0.515000  -1.230000  231 0.430000 
0.785000  -1.380000  232 0.430000 
0.655000  -1.370000  233 0.430000 
0.500000  -1.260000  234 0.430000 
0.830000  -1.490000  235 0.430000 
0.555000  -1.250000  236 0.430000 
0.750000  -1.480000  237 0.430000 
0.675000  -1.320000  238 0.430000 
0.780000  -1.430000  239 0.430000 
0.810000  -1.500000  240 0.430000 
0.470000  -1.310000  241 0.430000 
0.645000  -1.320000  242 0.430000 
0.815000  -1.500000  243 0.430000 
0.145000  -1.200000  244 0.430000 
0.735000  -1.370000  245 0.430000 
0.650000  -1.240000  246 0.430000 
0.445000  -1.070000  247 0.430000 
0.725000  -1.510000  248 0.430000 
0.855000  -1.560000  249 0.430000 
0.625000  -1.410000  250 0.430000 
0.840000  -1.570000  251 0.430000 
-0.105000  -1.180000  252 0.430000 
0.770000  -1.360000  253 0.430000 
0.750000  -1.440000  254 0.430000 
0.065000  -1.260000  255 0.430000 
-0.420000  -1.170000  256 0.430000 
-0.895000  -1.700000  257 0.430000 
-0.650000  -1.330000  258 0.430000 
0.160000  -1.170000  259 0.430000 
-0.650000  -1.310000  260 0.430000 
-0.390000  -1.270000  261 0.430000 
-0.195000  -1.150000  262 0.430000 
-0.615000  -1.210000  263 0.430000 
-0.690000  -1.440000  264 0.430000 
-0.815000  -1.500000  265 0.430000 
-0.760000  -1.480000  266 0.430000 
-0.695000  -1.510000  267 0.430000 
-0.175000  -1.000000  268 0.430000 
0.030000  -1.190000  269 0.430000 
-0.240000  -1.350000  270 0.430000 
0.455000  -1.340000  271 0.430000 
0.460000  -1.210000  272 0.430000 
0.815000  -1.570000  273 0.430000 
0.650000  -1.350000  274 0.430000 
0.575000  -1.290000  275 0.430000 
0.365000  -1.340000  276 0.430000 
0.665000  -1.410000  277 0.430000 
0.815000  -1.480000  278 0.430000 
0.250000  -1.110000  279 0.430000 
0.815000  -1.450000  280 0.430000 
0.830000  -1.540000  281 0.430000 
0.750000  -1.310000  282 0.430000 
0.785000  -1.580000  283 0.430000 
0.770000  -1.490000  284 0.430000 
0.215000  -1.280000  285 0.430000 
0.675000  -1.280000  286 0.430000 
0.885000  -1.620000  287 0.430000 
0.640000  -1.420000  288 0.430000 
0.055000  -1.200000  289 0.430000 
0.080000  -1.240000  290 0.430000 
0.430000  -1.430000  291 0.430000 
0.495000  -1.330000  292 0.430000 
0.640000  -1.250000  293 0.430000 
0.705000  -1.320000  294 0.430000 
0.790000  -1.430000  295 0.430000 
0.740000  -1.390000  296 0.430000 
0.800000  -1.590000  297 0.430000 
0.865000  -1.590000  298 0.430000 
0.600000  -1.340000  299 0.430000 
0.815000  -1.560000  300 0.430000 
0.585000  -1.240000  301 0.430000 
0.810000  -1.460000  302 0.430000 
0.655000  -1.380000  303 0.430000 
0.750000  -1.350000  304 0.430000 
0.720000  -1.320000  305 0.430000 
0.845000  -1.630000  306 0.430000 
0.750000  -1.430000  307 0.430000 
0.550000  -1.150000  308 0.430000 
0.590000  -1.210000  309 0.430000 
-0.295000  -1.200000  310 0.430000 
-0.290000  -1.300000  311 0.430000 
-0.695000  -1.360000  312 0.430000 
-0.665000  -1.540000  313 0.430000 
-0.575000  -1.330000  314 0.430000 
-0.835000  -1.570000  315 0.430000 
-0.670000  -1.430000  316 0.430000 
-0.850000  -1.530000  317 0.430000 
-0.480000  -1.100000  318 0.430000 
-0.660000  -1.410000  319 0.430000 
-0.465000  -1.350000  320 0.430000 
-0.820000  -1.500000  321 0.430000 
-0.695000  -1.310000  322 0.430000 
-0.645000  -1.320000  323 0.430000 
-0.540000  -1.180000  324 0.430000 
-0.865000  -1.620000  325 0.430000 
-0.820000  -1.510000  326 0.430000 
-0.745000  -1.480000  327 0.430000 
-0.145000  -1.140000  328 0.430000 
-0.445000  -1.190000  329 0.430000 
-0.595000  -1.400000  330 0.430000 
-0.255000  -1.150000  331 0.430000 
-0.095000  -1.080000  332 0.430000 
-0.865000  -1.620000  333 0.430000 
-0.775000  -1.380000  334 0.430000 
-0.630000  -1.180000  335 0.430000 
-0.460000  -1.080000  336 0.430000 
-0.810000  -1.430000  337 0.430000 
-0.565000  -1.310000  338 0.430000 
-0.715000  -1.270000  339 0.430000 
-0.680000  -1.260000  340 0.430000 
-0.300000  -1.030000  341 0.430000 
-0.675000  -1.380000  342 0.430000 
-0.605000  -1.220000  343 0.430000 
-0.645000  -1.300000  344 0.430000 
-0.425000  -1.290000  345 0.430000 
-0.795000  -1.460000  346 0.430000 
-0.840000  -1.620000  347 0.430000 
-0.885000  -1.630000  348 0.430000 
-0.750000  -1.370000  349 0.430000 
-0.680000  -1.380000  350 0.430000 
-0.125000  -1.300000  351 0.430000 
0.050000  -1.100000  352 0.430000 
-0.200000  -1.260000  353 0.430000 
0.715000  -1.440000  354 0.430000 
0.620000  -1.300000  355 0.430000 
0.820000  -1.580000  356 0.430000 
0.525000  -1.400000  357 0.430000 
0.690000  -1.350000  358 0.430000 
0.685000  -1.320000  359 0.430000 
0.640000  -1.370000  360 0.430000 
0.815000  -1.510000  361 0.430000 
0.620000  -1.260000  362 0.430000 
0.815000  -1.490000  363 0.430000 
0.325000  -1.130000  364 0.430000 
0.780000  -1.570000  365 0.430000 
0.610000  -1.360000  366 0.430000 
0.680000  -1.420000  367 0.430000 
0.865000  -1.610000  368 0.430000 
0.810000  -1.500000  369 0.430000 
0.575000  -1.350000  370 0.430000 
0.830000  -1.500000  371 0.430000 
0.740000  -1.340000  372 0.430000 
0.285000  -1.360000  373 0.430000 
0.645000  -1.210000  374 0.430000 
0.880000  -1.600000  375 0.430000 
0.740000  -1.480000  376 0.430000 
0.605000  -1.360000  377 0.430000 
0.745000  -1.430000  378 0.430000 
0.685000  -1.370000  379 0.430000 
0.755000  -1.550000  380 0.430000 
0.815000  -1.510000  381 0.430000 
0.780000  -1.370000  382 0.430000 
0.770000  -1.440000  383 0.430000 
0.660000  -1.480000  384 0.430000 
0.500000  -1.290000  385 0.430000 
0.570000  -1.250000  386 0.430000 
0.460000  -1.400000  387 0.430000 
0.685000  -1.470000  388 0.430000 
0.800000  -1.430000  389 0.430000 
0.760000  -1.400000  390 0.430000 
0.655000  -1.300000  391 0.430000 
0.465000  -1.180000  392 0.430000 
0.890000  -1.650000  393 0.430000 
0.195000  -1.040000  394 0.430000 
0.670000  -1.350000  395 0.430000 
0.675000  -1.400000  396 0.430000 
0.910000  -1.700000  397 0.430000 
0.810000  -1.480000  398 0.430000 
0.230000  -1.280000  399 0.430000 
0.340000  -1.030000  400 0.430000 
0.605000  -1.160000  401 0.430000 
0.660000  -1.370000  402 0.430000 
0.640000  -1.380000  403 0.430000 
0.610000  -1.310000  404 0.430000 
0.680000  -1.310000  405 0.430000 
0.315000  -1.110000  406 0.430000 
-0.835000  -1.590000  407 0.430000 
-0.720000  -1.450000  408 0.430000 
-0.430000  -1.140000  409 0.430000 
-0.315000  -1.050000  410 0.430000 
-0.550000  -1.320000  411 0.430000 
-0.530000  -1.240000  412 0.430000 
-0.860000  -1.590000  413 0.430000 
-0.780000  -1.390000  414 0.430000 
-0.645000  -1.340000  415 0.430000 
-0.500000  -1.270000  416 0.430000 
-0.625000  -1.160000  417 0.430000 
-0.545000  -1.290000  418 0.430000 
-0.335000  -1.190000  419 0.430000 
-0.840000  -1.550000  420 0.430000 
-0.710000  -1.340000  421 0.430000 
-0.585000  -1.260000  422 0.430000 
-0.430000  -1.230000  423 0.430000 
-0.480000  -1.270000  424 0.430000 
-0.615000  -1.220000  425 0.430000 
-0.310000  -1.330000  426 0.430000 
0.240000  -1.050000  427 0.430000 
0.805000  -1.530000  428 0.430000 
0.750000  -1.380000  429 0.430000 
0.805000  -1.490000  430 0.430000 
0.640000  -1.200000  431 0.430000 
0.630000  -1.300000  432 0.430000 
0.265000  -1.170000  433 0.430000 
0.905000  -1.700000  434 0.430000 
0.880000  -1.670000  435 0.430000 
0.690000  -1.430000  436 0.430000 
0.720000  -1.300000  437 0.430000 
0.650000  -1.380000  438 0.430000 
0.815000  -1.550000  439 0.430000 
0.570000  -1.350000  440 0.430000 
0.560000  -1.360000  441 0.430000 
0.600000  -1.180000  442 0.430000 
0.780000  -1.470000  443 0.430000 
0.535000  -1.270000  444 0.430000 
0.840000  -1.570000  445 0.430000 
0.425000  -1.250000  446 0.430000 
0.250000  -1.240000  447 0.430000 
0.900000  -1.660000  448 0.430000 
0.605000  -1.160000  449 0.430000 
0.790000  -1.540000  450 0.430000 
0.810000  -1.510000  451 0.430000 
0.645000  -1.230000  452 0.430000 
0.530000  -1.040000  453 0.430000 
0.740000  -1.310000  454 0.430000 
0.390000  -1.270000  455 0.430000 
0.665000  -1.250000  456 0.430000 
0.655000  -1.330000  457 0.430000 
0.165000  -1.300000  458 0.430000 
0.400000  -1.370000  459 0.430000 
0.645000  -1.490000  460 0.430000 
0.165000  -1.170000  461 0.430000 
-0.360000  -1.260000  462 0.430000 
-0.470000  -1.370000  463 0.430000 
-0.310000  -1.210000  464 0.430000 
-0.240000  -1.180000  465 0.430000 
-0.855000  -1.530000  466 0.430000 
-0.705000  -1.360000  467 0.430000 
-0.735000  -1.390000  468 0.430000 
-0.760000  -1.520000  469 0.430000 
-0.805000  -1.440000  470 0.430000 
-0.040000  -1.170000  471 0.430000 
0.085000  -1.170000  472 0.430000 
-0.375000  -1.280000  473 0.430000 
-0.205000  -1.340000  474 0.430000 
0.685000  -1.390000  475 0.430000 
0.280000  -1.220000  476 0.430000 
0.530000  -1.380000  477 0.430000 
0.570000  -1.250000  478 0.430000 
0.725000  -1.440000  479 0.430000 
0.655000  -1.430000  480 0.430000 
0.790000  -1.470000  481 0.430000 
0.645000  -1.270000  482 0.430000 
0.730000  -1.480000  483 0.430000 
0.205000  -1.200000  484 0.430000 
-0.305000  -1.210000  485 0.430000 
-0.330000  -1.170000  486 0.430000 
0.500000  -1.230000  487 0.430000 
0.735000  -1.400000  488 0.430000 
0.825000  -1.530000  489 0.430000 
0.805000  -1.570000  490 0.430000 
0.800000  -1.480000  491 0.430000 
0.300000  -1.180000  492 0.430000 
-0.110000  -1.030000  493 0.430000 
-0.175000  -1.350000  494 0.430000 
-0.390000  -1.290000  495 0.430000 
-0.695000  -1.470000  496 0.430000 
-0.705000  -1.340000  497 0.430000 
0.000000  -1.140000  498 0.430000 
-0.810000  -1.530000  499 0.430000 
-0.785000  -1.410000  500 0.430000 
-0.890000  -1.630000  501 0.430000 
-0.600000  -1.480000  502 0.430000 
-0.690000  -1.490000  503 0.430000 
-0.470000  -1.140000  504 0.430000 
0.070000  -1.260000  505 0.430000 
0.200000  -1.180000  506 0.430000 
0.810000  -1.370000  507 0.430000 
0.510000  -1.220000  508 0.430000 
0.395000  -1.170000  509 0.430000 
0.675000  -1.280000  510 0.430000 
0.370000  -1.100000  511 0.430000 
0.425000  -1.230000  512 0.430000 
0.430000  -1.280000  513 0.430000 
0.785000  -1.440000  514 0.430000 
0.855000  -1.650000  515 0.430000 
0.315000  -1.230000  516 0.430000 
0.455000  -1.150000  517 0.430000 
0.715000  -1.450000  518 0.430000 
0.760000  -1.470000  519 0.430000 
0.730000  -1.360000  520 0.430000 
0.815000  -1.440000  521 0.430000 
0.720000  -1.440000  522 0.430000 
0.565000  -1.220000  523 0.430000 
0.800000  -1.420000  524 0.430000 
0.725000  -1.440000  525 0.430000 
0.680000  -1.540000  526 0.430000 
0.805000  -1.510000  527 0.430000 
0.005000  -1.160000  528 0.430000 
0.285000  -1.160000  529 0.430000 
0.445000  -1.270000  530 0.430000 
0.720000  -1.330000  531 0.430000 
0.675000  -1.450000  532 0.430000 
0.360000  -1.250000  533 0.430000 
0.780000  -1.370000  534 0.430000 
0.365000  -1.030000  535 0.430000 
0.905000  -1.700000  536 0.430000 
0.555000  -1.150000  537 0.430000 
0.815000  -1.500000  538 0.430000 
0.225000  -1.250000  539 0.430000 
0.620000  -1.300000  540 0.430000 
0.655000  -1.290000  541 0.430000 
0.810000  -1.480000  542 0.430000 
0.820000  -1.560000  543 0.430000 
0.530000  -1.380000  544 0.430000 
0.445000  -1.160000  545 0.430000 
0.550000  -1.220000  546 0.430000 
-0.140000  -1.100000  547 0.430000 
-0.475000  -1.390000  548 0.430000 
-0.695000  -1.320000  549 0.430000 
-0.700000  -1.550000  550 0.430000 
-0.780000  -1.420000  551 0.430000 
-0.890000  -1.700000  552 0.430000 
-0.565000  -1.260000  553 0.430000 
-0.775000  -1.400000  554 0.430000 
-0.590000  -1.330000  555 0.430000 
-0.710000  -1.500000  556 0.430000 
-0.400000  -1.180000  557 0.430000 
-0.640000  -1.430000  558 0.430000 
-0.460000  -1.080000  559 0.430000 
-0.650000  -1.330000  560 0.430000 
-0.595000  -1.360000  561 0.430000 
-0.370000  -1.100000  562 0.430000 
0.420000  -1.170000  563 0.430000 
-0.335000  -1.410000  564 0.430000 
-0.420000  -1.200000  565 0.430000 
-0.785000  -1.430000  566 0.430000 
-0.730000  -1.470000  567 0.430000 
-0.725000  -1.500000  568 0.430000 
-0.915000  -1.730000  569 0.430000 
-0.435000  -1.250000  570 0.430000 
-0.740000  -1.410000  571 0.430000 
-0.865000  -1.570000  572 0.430000 
-0.010000  -1.240000  573 0.430000 
0.015000  -1.080000  574 0.430000 
-0.665000  -1.240000  575 0.430000 
-0.660000  -1.340000  576 0.430000 
0.435000  -1.250000  577 0.430000 
0.285000  -1.250000  578 0.430000 
-0.170000  -1.110000  579 0.430000 
-0.640000  -1.370000  580 0.430000 
-0.595000  -1.400000  581 0.430000 
-0.825000  -1.530000  582 0.430000 
-0.720000  -1.420000  583 0.430000 
-0.685000  -1.300000  584 0.430000 
-0.345000  -1.350000  585 0.430000 
-0.075000  -1.290000  586 0.430000 
-0.400000  -1.220000  587 0.430000 
-0.455000  -1.180000  588 0.430000 
-0.330000  -1.380000  589 0.430000 
0.180000  -1.000000  590 0.430000 
0.775000  -1.490000  591 0.430000 
0.725000  -1.450000  592 0.430000 
0.610000  -1.360000  593 0.430000 
0.640000  -1.340000  594 0.430000 
0.720000  -1.490000  595 0.430000 
0.535000  -1.390000  596 0.430000 
-0.285000  -1.380000  597 0.430000 
-0.745000  -1.380000  598 0.430000 
-0.605000  -1.240000  599 0.430000 
-0.700000  -1.440000  600 0.430000 
-0.825000  -1.540000  601 0.430000 
-0.635000  -1.310000  602 0.430000 
-0.290000  -1.210000  603 0.430000 
-0.875000  -1.680000  604 0.430000 
-0.655000  -1.420000  605 0.430000 
-0.780000  -1.500000  606 0.430000 
-0.700000  -1.400000  607 0.430000 
-0.780000  -1.440000  608 0.430000 
-0.645000  -1.200000  609 0.430000 
-0.725000  -1.380000  610 0.430000 
0.300000  -1.210000  611 0.430000 
0.605000  -1.320000  612 0.430000 
0.275000  -1.240000  613 0.430000 
-0.440000  -1.420000  614 0.430000 
-0.785000  -1.500000  615 0.430000 
-0.390000  -1.200000  616 0.430000 
-0.110000  -1.210000  617 0.430000 
-0.870000  -1.570000  618 0.430000 
-0.260000  -1.080000  619 0.430000 
0.680000  -1.370000  620 0.430000 
0.725000  -1.360000  621 0.430000 
0.875000  -1.680000  622 0.430000 
0.705000  -1.340000  623 0.430000 
0.090000  -1.340000  624 0.430000 
0.575000  -1.440000  625 0.430000 
0.765000  -1.400000  626 0.430000 
0.250000  -1.090000  627 0.430000 
0.500000  -1.210000  628 0.430000 
0.735000  -1.260000  629 0.430000 
0.660000  -1.530000  630 0.430000 
0.750000  -1.550000  631 0.430000 
0.525000  -1.290000  632 0.430000 
0.720000  -1.410000  633 0.430000 
0.755000  -1.420000  634 0.430000 
0.720000  -1.400000  635 0.430000 
0.450000  -1.430000  636 0.430000 
0.770000  -1.550000  637 0.430000 
0.435000  -1.050000  638 0.430000 
0.735000  -1.370000  639 0.430000 
0.645000  -1.160000  640 0.430000 
0.800000  -1.570000  641 0.430000 
0.810000  -1.560000  642 0.430000 
0.545000  -1.310000  643 0.430000 
0.450000  -1.260000  644 0.430000 
0.780000  -1.440000  645 0.430000 
0.845000  -1.490000  646 0.430000 
0.715000  -1.350000  647 0.430000 
0.755000  -1.480000  648 0.430000 
0.645000  -1.390000  649 0.430000 
0.910000  -1.720000  650 0.430000 
0.345000  -1.310000  651 0.430000 
-0.350000  -1.100000  652 0.430000 
-0.030000  -1.020000  653 0.430000 
0.810000  -1.450000  654 0.430000 
0.280000  -1.300000  655 0.430000 
0.155000  -1.100000  656 0.430000 
-0.655000  -1.290000  657 0.430000 
-0.575000  -1.240000  658 0.430000 
-0.835000  -1.560000  659 0.430000 
-0.275000  -1.220000  660 0.430000 
0.300000  -1.240000  661 0.430000 
0.770000  -1.380000  662 0.430000 
0.795000  -1.470000  663 0.430000 
0.745000  -1.390000  664 0.430000 
0.835000  -1.660000  665 0.430000 
0.550000  -1.290000  666 0.430000 
0.610000  -1.320000  667 0.430000 
0.465000  -1.320000  668 0.430000 
0.700000  -1.540000  669 0.430000 
-0.120000  -1.150000  670 0.430000 
-0.885000  -1.590000  671 0.430000 
-0.840000  -1.570000  672 0.430000 
-0.730000  -1.410000  673 0.430000 
-0.725000  -1.400000  674 0.430000 
-0.810000  -1.470000  675 0.430000 
-0.730000  -1.390000  676 0.430000 
-0.560000  -1.320000  677 0.430000 
-0.735000  -1.500000  678 0.430000 
-0.715000  -1.320000  679 0.430000 
-0.710000  -1.370000  680 0.430000 
-0.775000  -1.520000  681 0.430000 
-0.590000  -1.260000  682 0.430000 
-0.730000  -1.350000  683 0.430000 
-0.480000  -1.240000  684 0.430000 
-0.850000  -1.550000  685 0.430000 
-0.770000  -1.450000  686 0.430000 
-0.565000  -1.260000  687 0.430000 
-0.680000  -1.340000  688 0.430000 
-0.440000  -1.230000  689 0.430000 
0.725000  -1.470000  690 0.430000 
0.590000  -1.460000  691 0.430000 
0.830000  -1.530000  692 0.430000 
0.875000  -1.670000  693 0.430000 
0.675000  -1.280000  694 0.430000 
0.820000  -1.520000  695 0.430000 
0.145000  -1.110000  696 0.430000 
-0.025000  -1.280000  697 0.430000 
0.750000  -1.410000  698 0.430000 
0.775000  -1.430000  699 0.430000 
0.720000  -1.320000  700 0.430000 
-0.065000  -1.190000  701 0.430000 
0.030000  -1.230000  702 0.430000 
-0.690000  -1.250000  703 0.430000 
-0.755000  -1.490000  704 0.430000 
-0.800000  -1.440000  705 0.430000 
-0.710000  -1.410000  706 0.430000 
-0.375000  -1.130000  707 0.430000 
-0.710000  -1.440000  708 0.430000 
-0.760000  -1.510000  709 0.430000 
-0.810000  -1.540000  710 0.430000 
-0.640000  -1.440000  711 0.430000 
-0.540000  -1.290000  712 0.430000 
0.455000  -1.300000  713 0.430000 
0.360000  -1.090000  714 0.430000 
0.630000  -1.260000  715 0.430000 
0.790000  -1.400000  716 0.430000 
0.605000  -1.270000  717 0.430000 
0.815000  -1.540000  718 0.430000 
0.495000  -1.230000  719 0.430000 
0.580000  -1.240000  720 0.430000 
0.675000  -1.140000  721 0.430000 
0.545000  -1.320000  722 0.430000 
0.790000  -1.490000  723 0.430000 
0.535000  -1.210000  724 0.430000 
0.710000  -1.330000  725 0.430000 
0.615000  -1.360000  726 0.430000 
0.725000  -1.400000  727 0.430000 
0.675000  -1.310000  728 0.430000 
0.715000  -1.360000  729 0.430000 
0.840000  -1.530000  730 0.430000 
-0.425000  -1.380000  731 0.430000 
0.030000  -1.240000  732 0.430000 
0.820000  -1.480000  733 0.430000 
0.535000  -1.200000  734 0.430000 
0.765000  -1.440000  735 0.430000 
0.595000  -1.220000  736 0.430000 
0.710000  -1.390000  737 0.430000 
0.405000  -1.160000  738 0.430000 
0.805000  -1.530000  739 0.430000 
0.500000  -1.340000  740 0.430000 
0.905000  -1.660000  741 0.430000 
0.370000  -1.260000  742 0.430000 
0.260000  -1.160000  743 0.430000 
-0.760000  -1.500000  744 0.430000 
-0.755000  -1.450000  745 0.430000 
-0.710000  -1.360000  746 0.430000 
-0.730000  -1.460000  747 0.430000 
-0.850000  -1.600000  748 0.430000 
-0.675000  -1.290000  749 0.430000 
-0.675000  -1.380000  750 0.430000 
-0.745000  -1.510000  751 0.430000 
-0.615000  -1.380000  752 0.430000 
-0.520000  -1.100000  753 0.430000 
-0.840000  -1.600000  754 0.430000 
-0.690000  -1.500000  755 0.430000 
-0.465000  -1.340000  756 0.430000 
-0.730000  -1.550000  757 0.430000 
-0.765000  -1.440000  758 0.430000 
-0.710000  -1.430000  759 0.430000 
-0.560000  -1.290000  760 0.430000 
-0.445000  -1.280000  761 0.430000 
-0.745000  -1.400000  762 0.430000 
-0.845000  -1.620000  763 0.430000 
-0.595000  -1.500000  764 0.430000 
-0.690000  -1.440000  765 0.430000 
-0.355000  -1.170000  766 0.430000 
-0.215000  -1.190000  767 0.430000 
-0.820000  -1.500000  768 0.430000 
-0.700000  -1.310000  769 0.430000 
-0.770000  -1.510000  770 0.430000 
-0.570000  -1.170000  771 0.430000 
-0.720000  -1.390000  772 0.430000 
-0.690000  -1.330000  773 0.430000 
-0.610000  -1.320000  774 0.430000 
-0.845000  -1.590000  775 0.430000 
-0.740000  -1.400000  776 0.430000 
-0.625000  -1.330000  777 0.430000 
-0.780000  -1.540000  778 0.430000 
-0.840000  -1.590000  779 0.430000 
-0.465000  -1.230000  780 0.430000 
-0.675000  -1.370000  781 0.430000 
-0.775000  -1.480000  782 0.430000 
-0.710000  -1.450000  783 0.430000 
-0.680000  -1.280000  784 0.430000 
-0.720000  -1.480000  785 0.430000 
-0.540000  -1.290000  786 0.430000 
-0.265000  -1.220000  787 0.430000 
0.350000  -1.220000  788 0.430000 
0.615000  -1.290000  789 0.430000 
0.855000  -1.640000  790 0.430000 
0.500000  -1.210000  791 0.430000 
0.705000  -1.320000  792 0.430000 
0.665000  -1.330000  793 0.430000 
0.635000  -1.270000  794 0.430000 
0.770000  -1.360000  795 0.430000 
-0.245000  -1.170000  796 0.430000 
0.110000  -1.410000  797 0.430000 
0.455000  -1.140000  798 0.430000 
0.915000  -1.730000  799 0.430000 
0.650000  -1.270000  800 0.430000 
0.460000  -1.220000  801 0.430000 
0.715000  -1.430000  802 0.430000 
0.700000  -1.400000  803 0.430000 
0.765000  -1.400000  804 0.430000 
0.785000  -1.390000  805 0.430000 
0.590000  -1.350000  806 0.430000 
0.820000  -1.510000  807 0.430000 
0.800000  -1.420000  808 0.430000 
0.740000  -1.300000  809 0.430000 
0.765000  -1.390000  810 0.430000 
0.780000  -1.560000  811 0.430000 
0.740000  -1.380000  812 0.430000 
0.465000  -1.160000  813 0.430000 
0.715000  -1.440000  814 0.430000 
0.835000  -1.550000  815 0.430000 
0.770000  -1.450000  816 0.430000 
0.630000  -1.340000  817 0.430000 
0.705000  -1.370000  818 0.430000 
0.770000  -1.390000  819 0.430000 
0.910000  -1.700000  820 0.430000 
0.540000  -1.280000  821 0.430000 
0.705000  -1.380000  822 0.430000 
0.780000  -1.530000  823 0.430000 
0.830000  -1.560000  824 0.430000 
0.915000  -1.740000  825 0.430000 
0.570000  -1.300000  826 0.430000 
0.730000  -1.470000  827 0.430000 
-0.755000  -1.400000  828 0.430000 
-0.705000  -1.300000  829 0.430000 
-0.800000  -1.530000  830 0.430000 
-0.805000  -1.510000  831 0.430000 
-0.900000  -1.670000  832 0.430000 
-0.620000  -1.430000  833 0.430000 
-0.560000  -1.230000  834 0.430000 
-0.850000  -1.550000  835 0.430000 
-0.515000  -1.340000  836 0.430000 
-0.465000  -1.260000  837 0.430000 
-0.685000  -1.380000  838 0.430000 
-0.735000  -1.410000  839 0.430000 
-0.665000  -1.340000  840 0.430000 
-0.790000  -1.470000  841 0.430000 
-0.840000  -1.520000  842 0.430000 
-0.565000  -1.270000  843 0.430000 
-0.360000  -1.420000  844 0.430000 
-0.740000  -1.310000  845 0.430000 
-0.695000  -1.440000  846 0.430000 
-0.630000  -1.380000  847 0.430000 
-0.750000  -1.350000  848 0.430000 
-0.710000  -1.420000  849 0.430000 
-0.375000  -1.310000  850 0.430000 
0.195000  -1.090000  851 0.430000 
0.735000  -1.460000  852 0.430000 
0.915000  -1.730000  853 0.430000 
0.075000  -1.200000  854 0.430000 
0.725000  -1.400000  855 0.430000 
0.735000  -1.520000  856 0.430000 
0.800000  -1.450000  857 0.430000 
0.700000  -1.450000  858 0.430000 
0.675000  -1.290000  859 0.430000 
0.905000  -1.680000  860 0.430000 
0.760000  -1.490000  861 0.430000 
0.750000  -1.440000  862 0.430000 
0.795000  -1.510000  863 0.430000 
0.450000  -1.210000  864 0.430000 
0.650000  -1.350000  865 0.430000 
0.710000  -1.290000  866 0.430000 
0.820000  -1.490000  867 0.430000 
0.860000  -1.630000  868 0.430000 
0.585000  -1.260000  869 0.430000 
0.675000  -1.330000  870 0.430000 
0.490000  -1.270000  871 0.430000 
0.590000  -1.510000  872 0.430000 
0.430000  -1.210000  873 0.430000 
0.755000  -1.380000  874 0.430000 
0.810000  -1.510000  875 0.430000 
0.805000  -1.510000  876 0.430000 
0.795000  -1.490000  877 0.430000 
0.725000  -1.360000  878 0.430000 
0.570000  -1.270000  879 0.430000 
0.055000  -1.230000  880 0.430000 
0.135000  -1.260000  881 0.430000 
-0.630000  -1.290000  882 0.430000 
-0.745000  -1.470000  883 0.430000 
-0.695000  -1.390000  884 0.430000 
-0.495000  -1.090000  885 0.430000 
-0.470000  -1.280000  886 0.430000 
-0.435000  -1.170000  887 0.430000 
-0.345000  -1.090000  888 0.430000 
0.325000  -1.390000  889 0.430000 
0.695000  -1.470000  890 0.430000 
0.855000  -1.610000  891 0.430000 
0.730000  -1.500000  892 0.430000 
0.745000  -1.430000  893 0.430000 
0.560000  -1.360000  894 0.430000 
0.550000  -1.360000  895 0.430000 
0.300000  -1.200000  896 0.430000 
0.430000  -1.210000  897 0.430000 
0.615000  -1.360000  898 0.430000 
0.740000  -1.420000  899 0.430000 
0.680000  -1.430000  900 0.430000 
0.700000  -1.490000  901 0.430000 
0.770000  -1.490000  902 0.430000 
0.810000  -1.510000  903 0.430000 
0.725000  -1.350000  904 0.430000 
0.890000  -1.660000  905 0.430000 
0.840000  -1.580000  906 0.430000 
0.020000  -1.090000  907 0.430000 
-0.505000  -1.200000  908 0.430000 
0.045000  -1.210000  909 0.430000 
-0.210000  -1.110000  910 0.430000 
-0.810000  -1.490000  911 0.430000 
-0.735000  -1.340000  912 0.430000 
-0.735000  -1.470000  913 0.430000 
-0.615000  -1.370000  914 0.430000 
-0.695000  -1.300000  915 0.430000 
-0.740000  -1.460000  916 0.430000 
-0.730000  -1.450000  917 0.430000 
-0.690000  -1.310000  918 0.430000 
-0.605000  -1.250000  919 0.430000 
0.075000  -1.100000  920 0.430000 
-0.525000  -1.300000  921 0.430000 
0.365000  -1.250000  922 0.430000 
0.670000  -1.300000  923 0.430000 
0.180000  -1.050000  924 0.430000 
0.585000  -1.400000  925 0.430000 
-0.370000  -1.330000  926 0.430000 
-0.060000  -1.190000  927 0.430000 
0.585000  -1.330000  928 0.430000 
0.680000  -1.440000  929 0.430000 
0.635000  -1.250000  930 0.430000 
0.735000  -1.370000  931 0.430000 
0.390000  -1.280000  932 0.430000 
0.685000  -1.330000  933 0.430000 
0.885000  -1.600000  934 0.430000 
0.850000  -1.590000  935 0.430000 
0.655000  -1.320000  936 0.430000 
0.705000  -1.440000  937 0.430000 
0.525000  -1.120000  938 0.430000 
0.130000  -1.140000  939 0.430000 
-0.415000  -1.320000  940 0.430000 
-0.730000  -1.350000  941 0.430000 
-0.065000  -1.050000  942 0.430000 
0.845000  -1.570000  943 0.430000 
0.295000  -1.170000  944 0.430000 
0.730000  -1.340000  945 0.430000 
0.430000  -1.220000  946 0.430000 
0.320000  -1.170000  947 0.430000 
-0.400000  -1.180000  948 0.430000 
-0.135000  -1.280000  949 0.430000 
-0.830000  -1.500000  950 0.430000 
-0.780000  -1.490000  951 0.430000 
-0.670000  -1.340000  952 0.430000 
-0.590000  -1.400000  953 0.430000 
-0.590000  -1.070000  954 0.430000 
-0.680000  -1.380000  955 0.430000 
-0.460000  -1.190000  956 0.430000 
-0.810000  -1.510000  957 0.430000 
-0.805000  -1.470000  958 0.430000 
0.150000  -1.230000  959 0.430000 
-0.565000  -1.360000  960 0.430000 
-0.855000  -1.630000  961 0.430000 
-0.760000  -1.450000  962 0.430000 
-0.735000  -1.340000  963 0.430000 
-0.620000  -1.260000  964 0.430000 
-0.580000  -1.360000  965 0.430000 
-0.310000  -1.130000  966 0.430000 
-0.610000  -1.410000  967 0.430000 
-0.495000  -1.170000  968 0.430000 
-0.815000  -1.590000  969 0.430000 
-0.780000  -1.500000  970 0.430000 
-0.680000  -1.500000  971 0.430000 
-0.825000  -1.490000  972 0.430000 
-0.730000  -1.280000  973 0.430000 
-0.840000  -1.560000  974 0.430000 
0.360000  -1.330000  975 0.430000 
-0.840000  -1.570000  976 0.430000 
-0.825000  -1.560000  977 0.430000 
-0.785000  -1.380000  978 0.430000 
-0.830000  -1.500000  979 0.430000 
-0.670000  -1.400000  980 0.430000 
-0.740000  -1.380000  981 0.430000 
-0.710000  -1.490000  982 0.430000 
-0.480000  -1.160000  983 0.430000 
-0.560000  -1.350000  984 0.430000 
-0.335000  -1.250000  985 0.430000 
0.065000  -1.260000  986 0.430000 
0.220000  -1.190000  987 0.430000 
-0.585000  -1.390000  988 0.430000 
-0.670000  -1.340000  989 0.430000 
-0.515000  -1.180000  990 0.430000 
-0.640000  -1.320000  991 0.430000 
-0.690000  -1.420000  992 0.430000 
-0.515000  -1.290000  993 0.430000 
-0.635000  -1.260000  994 0.430000 
-0.540000  -1.260000  995 0.430000 
-0.550000  -1.210000  996 0.430000 
-0.205000  -1.140000  997 0.430000 
0.090000  -1.440000  998 0.430000 
-0.230000  -1.170000  999 0.430000 
