0.775000  -1.440000  0 0.445000 
0.750000  -1.560000  1 0.445000 
0.530000  -1.310000  2 0.445000 
0.595000  -1.410000  3 0.445000 
0.870000  -1.540000  4 0.445000 
0.815000  -1.580000  5 0.445000 
0.475000  -1.410000  6 0.445000 
0.645000  -1.330000  7 0.445000 
0.800000  -1.590000  8 0.445000 
0.735000  -1.530000  9 0.445000 
0.815000  -1.540000  10 0.445000 
0.840000  -1.500000  11 0.445000 
0.805000  -1.430000  12 0.445000 
0.820000  -1.590000  13 0.445000 
0.715000  -1.400000  14 0.445000 
0.865000  -1.610000  15 0.445000 
0.580000  -1.340000  16 0.445000 
0.920000  -1.750000  17 0.445000 
0.640000  -1.430000  18 0.445000 
0.785000  -1.470000  19 0.445000 
0.475000  -1.240000  20 0.445000 
0.805000  -1.520000  21 0.445000 
0.305000  -1.190000  22 0.445000 
0.830000  -1.570000  23 0.445000 
0.885000  -1.620000  24 0.445000 
0.775000  -1.490000  25 0.445000 
0.760000  -1.440000  26 0.445000 
0.570000  -1.420000  27 0.445000 
0.850000  -1.660000  28 0.445000 
0.655000  -1.360000  29 0.445000 
0.850000  -1.630000  30 0.445000 
0.845000  -1.630000  31 0.445000 
0.725000  -1.480000  32 0.445000 
0.630000  -1.350000  33 0.445000 
0.805000  -1.430000  34 0.445000 
0.810000  -1.450000  35 0.445000 
0.885000  -1.680000  36 0.445000 
0.850000  -1.610000  37 0.445000 
0.840000  -1.650000  38 0.445000 
0.845000  -1.550000  39 0.445000 
0.480000  -1.230000  40 0.445000 
0.850000  -1.600000  41 0.445000 
0.830000  -1.560000  42 0.445000 
0.635000  -1.470000  43 0.445000 
0.855000  -1.500000  44 0.445000 
0.715000  -1.380000  45 0.445000 
0.830000  -1.530000  46 0.445000 
0.610000  -1.230000  47 0.445000 
0.890000  -1.680000  48 0.445000 
0.855000  -1.520000  49 0.445000 
0.715000  -1.390000  50 0.445000 
0.815000  -1.450000  51 0.445000 
0.450000  -1.320000  52 0.445000 
0.915000  -1.750000  53 0.445000 
0.760000  -1.410000  54 0.445000 
0.855000  -1.580000  55 0.445000 
0.815000  -1.500000  56 0.445000 
0.845000  -1.610000  57 0.445000 
0.805000  -1.520000  58 0.445000 
0.785000  -1.550000  59 0.445000 
0.665000  -1.370000  60 0.445000 
0.700000  -1.350000  61 0.445000 
0.920000  -1.740000  62 0.445000 
0.560000  -1.370000  63 0.445000 
0.790000  -1.460000  64 0.445000 
0.880000  -1.630000  65 0.445000 
0.910000  -1.690000  66 0.445000 
0.725000  -1.450000  67 0.445000 
0.840000  -1.550000  68 0.445000 
0.835000  -1.530000  69 0.445000 
0.845000  -1.550000  70 0.445000 
0.755000  -1.440000  71 0.445000 
0.815000  -1.650000  72 0.445000 
0.705000  -1.410000  73 0.445000 
0.800000  -1.500000  74 0.445000 
0.240000  -1.180000  75 0.445000 
0.540000  -1.310000  76 0.445000 
0.785000  -1.460000  77 0.445000 
0.720000  -1.450000  78 0.445000 
0.245000  -1.340000  79 0.445000 
0.485000  -1.150000  80 0.445000 
0.795000  -1.520000  81 0.445000 
0.690000  -1.470000  82 0.445000 
0.625000  -1.360000  83 0.445000 
-0.450000  -1.390000  84 0.445000 
-0.615000  -1.310000  85 0.445000 
-0.615000  -1.250000  86 0.445000 
-0.855000  -1.610000  87 0.445000 
-0.025000  -1.140000  88 0.445000 
0.665000  -1.350000  89 0.445000 
0.845000  -1.540000  90 0.445000 
0.675000  -1.370000  91 0.445000 
0.700000  -1.310000  92 0.445000 
0.290000  -1.170000  93 0.445000 
0.605000  -1.510000  94 0.445000 
0.890000  -1.640000  95 0.445000 
0.820000  -1.520000  96 0.445000 
0.875000  -1.630000  97 0.445000 
0.845000  -1.570000  98 0.445000 
0.835000  -1.490000  99 0.445000 
0.305000  -1.400000  100 0.445000 
0.740000  -1.390000  101 0.445000 
0.750000  -1.450000  102 0.445000 
0.765000  -1.540000  103 0.445000 
0.775000  -1.600000  104 0.445000 
0.630000  -1.310000  105 0.445000 
0.645000  -1.280000  106 0.445000 
0.935000  -1.790000  107 0.445000 
0.830000  -1.550000  108 0.445000 
0.425000  -1.300000  109 0.445000 
0.915000  -1.710000  110 0.445000 
0.820000  -1.590000  111 0.445000 
0.845000  -1.660000  112 0.445000 
0.585000  -1.340000  113 0.445000 
0.860000  -1.550000  114 0.445000 
0.620000  -1.190000  115 0.445000 
0.745000  -1.420000  116 0.445000 
0.820000  -1.580000  117 0.445000 
0.835000  -1.560000  118 0.445000 
0.755000  -1.470000  119 0.445000 
0.695000  -1.460000  120 0.445000 
0.830000  -1.680000  121 0.445000 
0.875000  -1.610000  122 0.445000 
0.870000  -1.660000  123 0.445000 
0.805000  -1.550000  124 0.445000 
0.890000  -1.630000  125 0.445000 
0.885000  -1.680000  126 0.445000 
0.880000  -1.660000  127 0.445000 
0.770000  -1.660000  128 0.445000 
0.600000  -1.230000  129 0.445000 
0.850000  -1.620000  130 0.445000 
0.850000  -1.580000  131 0.445000 
0.880000  -1.700000  132 0.445000 
0.540000  -1.400000  133 0.445000 
0.085000  -1.190000  134 0.445000 
0.730000  -1.460000  135 0.445000 
0.700000  -1.340000  136 0.445000 
0.735000  -1.490000  137 0.445000 
0.820000  -1.630000  138 0.445000 
0.575000  -1.610000  139 0.445000 
0.700000  -1.380000  140 0.445000 
0.820000  -1.650000  141 0.445000 
0.835000  -1.600000  142 0.445000 
0.770000  -1.550000  143 0.445000 
0.850000  -1.620000  144 0.445000 
0.810000  -1.610000  145 0.445000 
0.810000  -1.520000  146 0.445000 
0.700000  -1.390000  147 0.445000 
0.885000  -1.740000  148 0.445000 
0.730000  -1.460000  149 0.445000 
0.885000  -1.650000  150 0.445000 
0.820000  -1.530000  151 0.445000 
0.705000  -1.320000  152 0.445000 
0.710000  -1.500000  153 0.445000 
0.560000  -1.510000  154 0.445000 
0.790000  -1.550000  155 0.445000 
0.345000  -1.290000  156 0.445000 
0.505000  -1.330000  157 0.445000 
0.630000  -1.370000  158 0.445000 
-0.275000  -1.100000  159 0.445000 
-0.815000  -1.620000  160 0.445000 
-0.810000  -1.510000  161 0.445000 
-0.735000  -1.480000  162 0.445000 
-0.770000  -1.370000  163 0.445000 
-0.835000  -1.620000  164 0.445000 
-0.750000  -1.560000  165 0.445000 
-0.770000  -1.470000  166 0.445000 
-0.855000  -1.630000  167 0.445000 
-0.745000  -1.370000  168 0.445000 
-0.765000  -1.460000  169 0.445000 
-0.135000  -1.130000  170 0.445000 
-0.795000  -1.370000  171 0.445000 
-0.595000  -1.300000  172 0.445000 
-0.695000  -1.210000  173 0.445000 
-0.835000  -1.550000  174 0.445000 
-0.850000  -1.600000  175 0.445000 
-0.875000  -1.610000  176 0.445000 
-0.300000  -1.290000  177 0.445000 
-0.815000  -1.520000  178 0.445000 
-0.800000  -1.510000  179 0.445000 
-0.675000  -1.310000  180 0.445000 
-0.400000  -1.250000  181 0.445000 
-0.815000  -1.650000  182 0.445000 
-0.870000  -1.670000  183 0.445000 
-0.795000  -1.470000  184 0.445000 
-0.810000  -1.530000  185 0.445000 
-0.860000  -1.590000  186 0.445000 
-0.830000  -1.560000  187 0.445000 
-0.850000  -1.520000  188 0.445000 
-0.860000  -1.570000  189 0.445000 
-0.530000  -1.270000  190 0.445000 
-0.695000  -1.420000  191 0.445000 
-0.870000  -1.690000  192 0.445000 
-0.780000  -1.500000  193 0.445000 
-0.425000  -1.290000  194 0.445000 
-0.870000  -1.660000  195 0.445000 
-0.820000  -1.540000  196 0.445000 
-0.800000  -1.620000  197 0.445000 
-0.875000  -1.640000  198 0.445000 
-0.845000  -1.570000  199 0.445000 
-0.730000  -1.590000  200 0.445000 
-0.935000  -1.790000  201 0.445000 
-0.785000  -1.480000  202 0.445000 
-0.890000  -1.690000  203 0.445000 
-0.545000  -1.400000  204 0.445000 
-0.840000  -1.510000  205 0.445000 
-0.770000  -1.380000  206 0.445000 
-0.790000  -1.470000  207 0.445000 
-0.800000  -1.370000  208 0.445000 
-0.680000  -1.330000  209 0.445000 
-0.690000  -1.290000  210 0.445000 
-0.710000  -1.440000  211 0.445000 
-0.830000  -1.580000  212 0.445000 
-0.820000  -1.630000  213 0.445000 
-0.865000  -1.660000  214 0.445000 
-0.745000  -1.380000  215 0.445000 
-0.840000  -1.560000  216 0.445000 
-0.845000  -1.640000  217 0.445000 
-0.465000  -1.280000  218 0.445000 
0.480000  -1.320000  219 0.445000 
0.805000  -1.480000  220 0.445000 
0.395000  -1.370000  221 0.445000 
0.020000  -1.210000  222 0.445000 
-0.405000  -1.270000  223 0.445000 
-0.855000  -1.570000  224 0.445000 
-0.720000  -1.510000  225 0.445000 
-0.590000  -1.390000  226 0.445000 
-0.775000  -1.430000  227 0.445000 
-0.705000  -1.570000  228 0.445000 
-0.850000  -1.630000  229 0.445000 
-0.890000  -1.660000  230 0.445000 
-0.850000  -1.650000  231 0.445000 
-0.520000  -1.370000  232 0.445000 
-0.810000  -1.500000  233 0.445000 
-0.785000  -1.510000  234 0.445000 
-0.660000  -1.400000  235 0.445000 
-0.690000  -1.540000  236 0.445000 
-0.870000  -1.680000  237 0.445000 
-0.610000  -1.280000  238 0.445000 
0.050000  -1.360000  239 0.445000 
0.190000  -1.260000  240 0.445000 
0.805000  -1.540000  241 0.445000 
0.875000  -1.610000  242 0.445000 
0.915000  -1.760000  243 0.445000 
0.730000  -1.380000  244 0.445000 
0.770000  -1.450000  245 0.445000 
0.500000  -1.350000  246 0.445000 
0.150000  -1.290000  247 0.445000 
0.090000  -1.160000  248 0.445000 
0.765000  -1.580000  249 0.445000 
0.790000  -1.540000  250 0.445000 
0.620000  -1.480000  251 0.445000 
0.320000  -1.310000  252 0.445000 
0.820000  -1.540000  253 0.445000 
0.885000  -1.710000  254 0.445000 
0.835000  -1.560000  255 0.445000 
0.860000  -1.610000  256 0.445000 
0.720000  -1.420000  257 0.445000 
0.860000  -1.620000  258 0.445000 
0.650000  -1.390000  259 0.445000 
0.535000  -1.450000  260 0.445000 
0.545000  -1.400000  261 0.445000 
0.850000  -1.610000  262 0.445000 
0.850000  -1.500000  263 0.445000 
0.615000  -1.300000  264 0.445000 
0.945000  -1.820000  265 0.445000 
0.555000  -1.410000  266 0.445000 
0.210000  -1.130000  267 0.445000 
0.425000  -1.490000  268 0.445000 
0.705000  -1.280000  269 0.445000 
0.865000  -1.560000  270 0.445000 
0.795000  -1.580000  271 0.445000 
0.810000  -1.610000  272 0.445000 
-0.140000  -1.240000  273 0.445000 
0.440000  -1.390000  274 0.445000 
0.780000  -1.570000  275 0.445000 
0.790000  -1.520000  276 0.445000 
0.820000  -1.480000  277 0.445000 
0.775000  -1.420000  278 0.445000 
0.755000  -1.440000  279 0.445000 
0.870000  -1.620000  280 0.445000 
0.820000  -1.480000  281 0.445000 
0.620000  -1.380000  282 0.445000 
0.065000  -1.160000  283 0.445000 
0.090000  -1.160000  284 0.445000 
0.255000  -1.080000  285 0.445000 
0.885000  -1.640000  286 0.445000 
0.895000  -1.650000  287 0.445000 
0.370000  -1.330000  288 0.445000 
0.165000  -1.130000  289 0.445000 
0.420000  -1.410000  290 0.445000 
0.815000  -1.500000  291 0.445000 
0.805000  -1.500000  292 0.445000 
0.880000  -1.650000  293 0.445000 
0.845000  -1.610000  294 0.445000 
0.810000  -1.480000  295 0.445000 
0.780000  -1.500000  296 0.445000 
0.760000  -1.460000  297 0.445000 
0.895000  -1.660000  298 0.445000 
0.785000  -1.600000  299 0.445000 
0.775000  -1.520000  300 0.445000 
0.840000  -1.530000  301 0.445000 
0.670000  -1.500000  302 0.445000 
0.835000  -1.580000  303 0.445000 
0.745000  -1.440000  304 0.445000 
0.630000  -1.320000  305 0.445000 
0.840000  -1.620000  306 0.445000 
0.845000  -1.540000  307 0.445000 
0.820000  -1.490000  308 0.445000 
0.830000  -1.530000  309 0.445000 
0.775000  -1.510000  310 0.445000 
0.745000  -1.390000  311 0.445000 
0.845000  -1.540000  312 0.445000 
0.885000  -1.670000  313 0.445000 
0.320000  -1.370000  314 0.445000 
0.740000  -1.370000  315 0.445000 
0.810000  -1.490000  316 0.445000 
0.820000  -1.560000  317 0.445000 
0.845000  -1.560000  318 0.445000 
0.870000  -1.660000  319 0.445000 
0.880000  -1.640000  320 0.445000 
0.625000  -1.350000  321 0.445000 
0.650000  -1.390000  322 0.445000 
0.760000  -1.420000  323 0.445000 
0.860000  -1.640000  324 0.445000 
0.845000  -1.550000  325 0.445000 
0.735000  -1.410000  326 0.445000 
0.855000  -1.610000  327 0.445000 
0.760000  -1.440000  328 0.445000 
0.655000  -1.330000  329 0.445000 
0.820000  -1.570000  330 0.445000 
0.860000  -1.540000  331 0.445000 
0.895000  -1.700000  332 0.445000 
0.750000  -1.410000  333 0.445000 
0.875000  -1.640000  334 0.445000 
0.805000  -1.510000  335 0.445000 
0.890000  -1.700000  336 0.445000 
0.510000  -1.500000  337 0.445000 
0.715000  -1.470000  338 0.445000 
0.485000  -1.150000  339 0.445000 
0.340000  -1.210000  340 0.445000 
0.465000  -1.490000  341 0.445000 
0.815000  -1.480000  342 0.445000 
0.805000  -1.570000  343 0.445000 
0.710000  -1.440000  344 0.445000 
0.805000  -1.520000  345 0.445000 
0.940000  -1.790000  346 0.445000 
0.795000  -1.530000  347 0.445000 
0.695000  -1.330000  348 0.445000 
0.865000  -1.590000  349 0.445000 
0.655000  -1.430000  350 0.445000 
0.500000  -1.190000  351 0.445000 
0.640000  -1.380000  352 0.445000 
0.815000  -1.550000  353 0.445000 
0.540000  -1.400000  354 0.445000 
0.830000  -1.550000  355 0.445000 
0.800000  -1.560000  356 0.445000 
0.830000  -1.560000  357 0.445000 
0.715000  -1.340000  358 0.445000 
0.840000  -1.520000  359 0.445000 
0.795000  -1.520000  360 0.445000 
0.795000  -1.500000  361 0.445000 
0.700000  -1.340000  362 0.445000 
0.550000  -1.310000  363 0.445000 
0.615000  -1.350000  364 0.445000 
0.800000  -1.480000  365 0.445000 
0.840000  -1.570000  366 0.445000 
0.785000  -1.440000  367 0.445000 
0.640000  -1.310000  368 0.445000 
0.545000  -1.290000  369 0.445000 
0.460000  -1.260000  370 0.445000 
0.690000  -1.420000  371 0.445000 
0.395000  -1.490000  372 0.445000 
0.825000  -1.580000  373 0.445000 
0.570000  -1.280000  374 0.445000 
0.655000  -1.340000  375 0.445000 
0.885000  -1.610000  376 0.445000 
0.410000  -1.340000  377 0.445000 
0.575000  -1.150000  378 0.445000 
0.650000  -1.490000  379 0.445000 
0.770000  -1.480000  380 0.445000 
0.775000  -1.410000  381 0.445000 
0.445000  -1.470000  382 0.445000 
0.820000  -1.410000  383 0.445000 
0.795000  -1.480000  384 0.445000 
0.690000  -1.380000  385 0.445000 
0.830000  -1.600000  386 0.445000 
0.745000  -1.410000  387 0.445000 
0.860000  -1.540000  388 0.445000 
0.550000  -1.330000  389 0.445000 
0.875000  -1.630000  390 0.445000 
0.740000  -1.360000  391 0.445000 
0.780000  -1.500000  392 0.445000 
0.860000  -1.550000  393 0.445000 
0.720000  -1.570000  394 0.445000 
0.680000  -1.370000  395 0.445000 
0.615000  -1.420000  396 0.445000 
0.615000  -1.390000  397 0.445000 
0.735000  -1.490000  398 0.445000 
0.755000  -1.410000  399 0.445000 
0.840000  -1.590000  400 0.445000 
0.630000  -1.320000  401 0.445000 
0.880000  -1.650000  402 0.445000 
0.750000  -1.450000  403 0.445000 
0.655000  -1.440000  404 0.445000 
0.590000  -1.370000  405 0.445000 
0.445000  -1.320000  406 0.445000 
0.700000  -1.330000  407 0.445000 
0.840000  -1.560000  408 0.445000 
0.695000  -1.260000  409 0.445000 
0.730000  -1.360000  410 0.445000 
0.455000  -1.110000  411 0.445000 
0.885000  -1.710000  412 0.445000 
0.870000  -1.560000  413 0.445000 
0.735000  -1.360000  414 0.445000 
0.705000  -1.340000  415 0.445000 
0.855000  -1.650000  416 0.445000 
0.480000  -1.230000  417 0.445000 
0.750000  -1.380000  418 0.445000 
0.710000  -1.400000  419 0.445000 
0.815000  -1.520000  420 0.445000 
0.635000  -1.260000  421 0.445000 
0.830000  -1.520000  422 0.445000 
0.725000  -1.470000  423 0.445000 
0.695000  -1.420000  424 0.445000 
0.880000  -1.610000  425 0.445000 
0.845000  -1.640000  426 0.445000 
0.880000  -1.650000  427 0.445000 
0.870000  -1.600000  428 0.445000 
0.810000  -1.510000  429 0.445000 
0.920000  -1.720000  430 0.445000 
0.750000  -1.390000  431 0.445000 
0.645000  -1.370000  432 0.445000 
0.840000  -1.570000  433 0.445000 
0.865000  -1.590000  434 0.445000 
0.635000  -1.300000  435 0.445000 
0.685000  -1.440000  436 0.445000 
0.750000  -1.440000  437 0.445000 
0.875000  -1.650000  438 0.445000 
0.895000  -1.670000  439 0.445000 
0.635000  -1.330000  440 0.445000 
0.805000  -1.580000  441 0.445000 
0.605000  -1.340000  442 0.445000 
0.805000  -1.500000  443 0.445000 
0.695000  -1.330000  444 0.445000 
0.840000  -1.530000  445 0.445000 
0.775000  -1.530000  446 0.445000 
0.200000  -1.270000  447 0.445000 
0.895000  -1.630000  448 0.445000 
0.845000  -1.570000  449 0.445000 
0.845000  -1.640000  450 0.445000 
0.915000  -1.740000  451 0.445000 
0.590000  -1.480000  452 0.445000 
0.685000  -1.400000  453 0.445000 
0.875000  -1.680000  454 0.445000 
0.740000  -1.430000  455 0.445000 
0.465000  -1.160000  456 0.445000 
0.890000  -1.690000  457 0.445000 
0.740000  -1.410000  458 0.445000 
0.675000  -1.320000  459 0.445000 
0.860000  -1.600000  460 0.445000 
0.620000  -1.360000  461 0.445000 
-0.020000  -1.320000  462 0.445000 
-0.415000  -1.320000  463 0.445000 
-0.870000  -1.640000  464 0.445000 
-0.705000  -1.350000  465 0.445000 
-0.775000  -1.390000  466 0.445000 
-0.780000  -1.450000  467 0.445000 
-0.615000  -1.380000  468 0.445000 
-0.805000  -1.520000  469 0.445000 
-0.770000  -1.460000  470 0.445000 
-0.845000  -1.510000  471 0.445000 
-0.610000  -1.280000  472 0.445000 
-0.510000  -1.430000  473 0.445000 
-0.885000  -1.620000  474 0.445000 
-0.855000  -1.640000  475 0.445000 
-0.795000  -1.450000  476 0.445000 
-0.300000  -1.370000  477 0.445000 
-0.810000  -1.510000  478 0.445000 
-0.815000  -1.510000  479 0.445000 
-0.835000  -1.510000  480 0.445000 
-0.710000  -1.410000  481 0.445000 
-0.850000  -1.580000  482 0.445000 
-0.505000  -1.340000  483 0.445000 
-0.740000  -1.530000  484 0.445000 
-0.850000  -1.590000  485 0.445000 
-0.805000  -1.520000  486 0.445000 
-0.710000  -1.570000  487 0.445000 
-0.800000  -1.480000  488 0.445000 
-0.615000  -1.570000  489 0.445000 
-0.655000  -1.480000  490 0.445000 
-0.665000  -1.290000  491 0.445000 
-0.480000  -1.360000  492 0.445000 
-0.530000  -1.390000  493 0.445000 
-0.655000  -1.360000  494 0.445000 
-0.885000  -1.670000  495 0.445000 
-0.790000  -1.450000  496 0.445000 
-0.830000  -1.560000  497 0.445000 
-0.325000  -1.330000  498 0.445000 
-0.695000  -1.330000  499 0.445000 
-0.725000  -1.400000  500 0.445000 
-0.565000  -1.290000  501 0.445000 
-0.860000  -1.570000  502 0.445000 
-0.830000  -1.500000  503 0.445000 
-0.805000  -1.530000  504 0.445000 
-0.560000  -1.110000  505 0.445000 
-0.790000  -1.550000  506 0.445000 
-0.905000  -1.670000  507 0.445000 
-0.680000  -1.410000  508 0.445000 
-0.725000  -1.340000  509 0.445000 
-0.830000  -1.520000  510 0.445000 
-0.545000  -1.320000  511 0.445000 
-0.580000  -1.310000  512 0.445000 
-0.800000  -1.480000  513 0.445000 
-0.785000  -1.460000  514 0.445000 
-0.770000  -1.460000  515 0.445000 
-0.780000  -1.530000  516 0.445000 
-0.910000  -1.720000  517 0.445000 
-0.855000  -1.580000  518 0.445000 
-0.655000  -1.340000  519 0.445000 
-0.885000  -1.650000  520 0.445000 
-0.740000  -1.490000  521 0.445000 
-0.785000  -1.500000  522 0.445000 
-0.595000  -1.390000  523 0.445000 
-0.880000  -1.590000  524 0.445000 
-0.785000  -1.460000  525 0.445000 
-0.845000  -1.560000  526 0.445000 
-0.825000  -1.610000  527 0.445000 
-0.790000  -1.410000  528 0.445000 
-0.665000  -1.410000  529 0.445000 
-0.925000  -1.800000  530 0.445000 
-0.885000  -1.670000  531 0.445000 
-0.405000  -1.380000  532 0.445000 
0.595000  -1.280000  533 0.445000 
0.870000  -1.640000  534 0.445000 
0.805000  -1.510000  535 0.445000 
0.685000  -1.320000  536 0.445000 
0.795000  -1.530000  537 0.445000 
0.780000  -1.550000  538 0.445000 
0.690000  -1.480000  539 0.445000 
0.860000  -1.640000  540 0.445000 
0.495000  -1.410000  541 0.445000 
0.600000  -1.540000  542 0.445000 
0.850000  -1.610000  543 0.445000 
0.860000  -1.600000  544 0.445000 
0.870000  -1.610000  545 0.445000 
0.755000  -1.450000  546 0.445000 
0.750000  -1.510000  547 0.445000 
0.620000  -1.370000  548 0.445000 
0.710000  -1.460000  549 0.445000 
0.490000  -1.230000  550 0.445000 
0.755000  -1.410000  551 0.445000 
0.570000  -1.410000  552 0.445000 
0.715000  -1.520000  553 0.445000 
0.815000  -1.450000  554 0.445000 
0.805000  -1.450000  555 0.445000 
0.755000  -1.510000  556 0.445000 
0.880000  -1.680000  557 0.445000 
0.905000  -1.750000  558 0.445000 
0.830000  -1.570000  559 0.445000 
0.885000  -1.630000  560 0.445000 
0.900000  -1.650000  561 0.445000 
0.760000  -1.570000  562 0.445000 
0.770000  -1.420000  563 0.445000 
0.745000  -1.440000  564 0.445000 
0.880000  -1.650000  565 0.445000 
0.430000  -1.310000  566 0.445000 
0.880000  -1.630000  567 0.445000 
0.715000  -1.500000  568 0.445000 
0.905000  -1.700000  569 0.445000 
0.840000  -1.570000  570 0.445000 
0.415000  -1.280000  571 0.445000 
0.655000  -1.420000  572 0.445000 
0.610000  -1.260000  573 0.445000 
0.895000  -1.680000  574 0.445000 
0.940000  -1.780000  575 0.445000 
0.885000  -1.600000  576 0.445000 
0.805000  -1.510000  577 0.445000 
0.785000  -1.470000  578 0.445000 
0.640000  -1.360000  579 0.445000 
0.840000  -1.490000  580 0.445000 
0.795000  -1.480000  581 0.445000 
0.675000  -1.470000  582 0.445000 
0.750000  -1.480000  583 0.445000 
0.665000  -1.340000  584 0.445000 
0.870000  -1.590000  585 0.445000 
0.865000  -1.640000  586 0.445000 
0.750000  -1.500000  587 0.445000 
0.755000  -1.420000  588 0.445000 
0.535000  -1.250000  589 0.445000 
0.815000  -1.450000  590 0.445000 
0.810000  -1.510000  591 0.445000 
0.725000  -1.430000  592 0.445000 
0.745000  -1.490000  593 0.445000 
0.815000  -1.440000  594 0.445000 
0.795000  -1.540000  595 0.445000 
0.815000  -1.500000  596 0.445000 
0.750000  -1.410000  597 0.445000 
0.895000  -1.630000  598 0.445000 
0.915000  -1.740000  599 0.445000 
0.480000  -1.240000  600 0.445000 
0.725000  -1.450000  601 0.445000 
0.860000  -1.620000  602 0.445000 
0.890000  -1.700000  603 0.445000 
0.675000  -1.420000  604 0.445000 
0.440000  -1.290000  605 0.445000 
0.540000  -1.350000  606 0.445000 
0.740000  -1.420000  607 0.445000 
0.730000  -1.500000  608 0.445000 
0.855000  -1.530000  609 0.445000 
0.670000  -1.490000  610 0.445000 
0.830000  -1.480000  611 0.445000 
0.130000  -1.210000  612 0.445000 
0.765000  -1.410000  613 0.445000 
0.665000  -1.210000  614 0.445000 
0.650000  -1.330000  615 0.445000 
0.875000  -1.730000  616 0.445000 
0.950000  -1.820000  617 0.445000 
0.880000  -1.630000  618 0.445000 
0.810000  -1.510000  619 0.445000 
0.845000  -1.570000  620 0.445000 
0.740000  -1.580000  621 0.445000 
-0.050000  -1.330000  622 0.445000 
0.830000  -1.610000  623 0.445000 
0.765000  -1.450000  624 0.445000 
0.820000  -1.520000  625 0.445000 
0.780000  -1.480000  626 0.445000 
0.660000  -1.340000  627 0.445000 
0.795000  -1.550000  628 0.445000 
0.440000  -1.280000  629 0.445000 
0.945000  -1.830000  630 0.445000 
0.780000  -1.560000  631 0.445000 
0.410000  -1.270000  632 0.445000 
0.750000  -1.560000  633 0.445000 
0.715000  -1.330000  634 0.445000 
0.845000  -1.500000  635 0.445000 
0.855000  -1.530000  636 0.445000 
0.820000  -1.550000  637 0.445000 
0.815000  -1.510000  638 0.445000 
0.900000  -1.660000  639 0.445000 
0.670000  -1.480000  640 0.445000 
0.750000  -1.480000  641 0.445000 
0.775000  -1.450000  642 0.445000 
0.240000  -1.220000  643 0.445000 
0.845000  -1.570000  644 0.445000 
0.785000  -1.450000  645 0.445000 
0.620000  -1.220000  646 0.445000 
0.865000  -1.600000  647 0.445000 
0.855000  -1.660000  648 0.445000 
0.835000  -1.590000  649 0.445000 
0.860000  -1.600000  650 0.445000 
0.755000  -1.500000  651 0.445000 
0.755000  -1.440000  652 0.445000 
0.725000  -1.590000  653 0.445000 
0.775000  -1.460000  654 0.445000 
0.805000  -1.510000  655 0.445000 
0.840000  -1.500000  656 0.445000 
0.780000  -1.490000  657 0.445000 
0.850000  -1.520000  658 0.445000 
0.555000  -1.160000  659 0.445000 
0.865000  -1.610000  660 0.445000 
0.705000  -1.570000  661 0.445000 
0.670000  -1.320000  662 0.445000 
0.800000  -1.390000  663 0.445000 
0.820000  -1.570000  664 0.445000 
0.125000  -1.190000  665 0.445000 
0.330000  -1.270000  666 0.445000 
0.675000  -1.310000  667 0.445000 
0.070000  -1.200000  668 0.445000 
0.810000  -1.530000  669 0.445000 
0.780000  -1.440000  670 0.445000 
0.815000  -1.440000  671 0.445000 
0.895000  -1.750000  672 0.445000 
0.820000  -1.530000  673 0.445000 
0.825000  -1.550000  674 0.445000 
0.565000  -1.320000  675 0.445000 
0.825000  -1.630000  676 0.445000 
0.565000  -1.170000  677 0.445000 
0.730000  -1.380000  678 0.445000 
0.450000  -1.210000  679 0.445000 
0.885000  -1.680000  680 0.445000 
0.810000  -1.530000  681 0.445000 
0.605000  -1.260000  682 0.445000 
0.675000  -1.300000  683 0.445000 
0.780000  -1.490000  684 0.445000 
0.760000  -1.570000  685 0.445000 
0.305000  -1.270000  686 0.445000 
0.815000  -1.570000  687 0.445000 
0.715000  -1.430000  688 0.445000 
0.720000  -1.370000  689 0.445000 
0.775000  -1.590000  690 0.445000 
0.885000  -1.710000  691 0.445000 
0.780000  -1.540000  692 0.445000 
0.870000  -1.670000  693 0.445000 
0.875000  -1.620000  694 0.445000 
0.845000  -1.550000  695 0.445000 
0.780000  -1.550000  696 0.445000 
0.685000  -1.470000  697 0.445000 
0.910000  -1.760000  698 0.445000 
0.840000  -1.600000  699 0.445000 
0.800000  -1.530000  700 0.445000 
0.715000  -1.340000  701 0.445000 
0.665000  -1.350000  702 0.445000 
0.600000  -1.360000  703 0.445000 
0.920000  -1.700000  704 0.445000 
0.415000  -1.250000  705 0.445000 
0.745000  -1.380000  706 0.445000 
0.760000  -1.610000  707 0.445000 
0.655000  -1.280000  708 0.445000 
0.575000  -1.480000  709 0.445000 
0.790000  -1.470000  710 0.445000 
0.395000  -1.390000  711 0.445000 
-0.300000  -1.280000  712 0.445000 
-0.805000  -1.460000  713 0.445000 
-0.845000  -1.570000  714 0.445000 
-0.775000  -1.570000  715 0.445000 
-0.660000  -1.380000  716 0.445000 
-0.855000  -1.610000  717 0.445000 
-0.800000  -1.620000  718 0.445000 
-0.805000  -1.490000  719 0.445000 
-0.870000  -1.690000  720 0.445000 
-0.775000  -1.450000  721 0.445000 
-0.850000  -1.600000  722 0.445000 
-0.840000  -1.580000  723 0.445000 
-0.870000  -1.600000  724 0.445000 
-0.440000  -1.350000  725 0.445000 
-0.720000  -1.490000  726 0.445000 
-0.820000  -1.530000  727 0.445000 
-0.660000  -1.330000  728 0.445000 
-0.885000  -1.580000  729 0.445000 
-0.880000  -1.650000  730 0.445000 
-0.880000  -1.670000  731 0.445000 
-0.640000  -1.400000  732 0.445000 
-0.840000  -1.560000  733 0.445000 
-0.865000  -1.560000  734 0.445000 
-0.850000  -1.620000  735 0.445000 
-0.550000  -1.250000  736 0.445000 
-0.875000  -1.660000  737 0.445000 
-0.805000  -1.460000  738 0.445000 
-0.580000  -1.260000  739 0.445000 
-0.850000  -1.660000  740 0.445000 
-0.610000  -1.380000  741 0.445000 
-0.685000  -1.370000  742 0.445000 
-0.740000  -1.440000  743 0.445000 
0.090000  -1.100000  744 0.445000 
0.375000  -1.220000  745 0.445000 
0.845000  -1.650000  746 0.445000 
0.660000  -1.330000  747 0.445000 
0.800000  -1.470000  748 0.445000 
0.905000  -1.730000  749 0.445000 
0.730000  -1.350000  750 0.445000 
0.690000  -1.450000  751 0.445000 
0.550000  -1.430000  752 0.445000 
0.815000  -1.590000  753 0.445000 
0.880000  -1.590000  754 0.445000 
0.655000  -1.450000  755 0.445000 
0.860000  -1.630000  756 0.445000 
0.445000  -1.270000  757 0.445000 
0.730000  -1.480000  758 0.445000 
0.895000  -1.640000  759 0.445000 
0.860000  -1.660000  760 0.445000 
0.840000  -1.560000  761 0.445000 
0.845000  -1.500000  762 0.445000 
0.755000  -1.440000  763 0.445000 
0.775000  -1.450000  764 0.445000 
0.875000  -1.570000  765 0.445000 
0.850000  -1.580000  766 0.445000 
0.770000  -1.570000  767 0.445000 
0.880000  -1.660000  768 0.445000 
0.550000  -1.390000  769 0.445000 
0.850000  -1.650000  770 0.445000 
0.835000  -1.550000  771 0.445000 
0.865000  -1.680000  772 0.445000 
0.720000  -1.360000  773 0.445000 
-0.520000  -1.250000  774 0.445000 
-0.800000  -1.580000  775 0.445000 
-0.750000  -1.420000  776 0.445000 
-0.780000  -1.460000  777 0.445000 
-0.800000  -1.470000  778 0.445000 
-0.825000  -1.550000  779 0.445000 
-0.645000  -1.230000  780 0.445000 
-0.780000  -1.530000  781 0.445000 
-0.460000  -1.460000  782 0.445000 
-0.865000  -1.530000  783 0.445000 
-0.840000  -1.590000  784 0.445000 
-0.810000  -1.500000  785 0.445000 
-0.835000  -1.620000  786 0.445000 
-0.265000  -1.220000  787 0.445000 
-0.595000  -1.470000  788 0.445000 
-0.895000  -1.710000  789 0.445000 
-0.550000  -1.300000  790 0.445000 
-0.200000  -1.230000  791 0.445000 
-0.765000  -1.410000  792 0.445000 
-0.655000  -1.430000  793 0.445000 
-0.705000  -1.440000  794 0.445000 
-0.785000  -1.440000  795 0.445000 
-0.705000  -1.370000  796 0.445000 
-0.845000  -1.580000  797 0.445000 
-0.440000  -1.380000  798 0.445000 
-0.840000  -1.590000  799 0.445000 
-0.865000  -1.580000  800 0.445000 
-0.820000  -1.520000  801 0.445000 
-0.825000  -1.500000  802 0.445000 
-0.820000  -1.550000  803 0.445000 
-0.690000  -1.440000  804 0.445000 
-0.890000  -1.660000  805 0.445000 
-0.855000  -1.530000  806 0.445000 
-0.780000  -1.560000  807 0.445000 
-0.625000  -1.270000  808 0.445000 
-0.805000  -1.490000  809 0.445000 
-0.760000  -1.430000  810 0.445000 
-0.790000  -1.580000  811 0.445000 
-0.705000  -1.510000  812 0.445000 
-0.850000  -1.560000  813 0.445000 
-0.765000  -1.490000  814 0.445000 
-0.740000  -1.370000  815 0.445000 
-0.680000  -1.430000  816 0.445000 
-0.830000  -1.540000  817 0.445000 
-0.885000  -1.680000  818 0.445000 
-0.935000  -1.800000  819 0.445000 
-0.870000  -1.700000  820 0.445000 
-0.825000  -1.560000  821 0.445000 
-0.690000  -1.430000  822 0.445000 
-0.850000  -1.550000  823 0.445000 
-0.870000  -1.660000  824 0.445000 
-0.815000  -1.520000  825 0.445000 
-0.750000  -1.370000  826 0.445000 
-0.785000  -1.550000  827 0.445000 
-0.770000  -1.460000  828 0.445000 
-0.730000  -1.470000  829 0.445000 
-0.905000  -1.670000  830 0.445000 
-0.820000  -1.550000  831 0.445000 
-0.115000  -1.130000  832 0.445000 
-0.255000  -1.270000  833 0.445000 
-0.795000  -1.560000  834 0.445000 
-0.880000  -1.650000  835 0.445000 
-0.755000  -1.500000  836 0.445000 
-0.835000  -1.570000  837 0.445000 
-0.700000  -1.300000  838 0.445000 
-0.730000  -1.460000  839 0.445000 
-0.660000  -1.300000  840 0.445000 
-0.470000  -1.270000  841 0.445000 
-0.810000  -1.570000  842 0.445000 
-0.900000  -1.680000  843 0.445000 
-0.885000  -1.650000  844 0.445000 
-0.845000  -1.520000  845 0.445000 
-0.725000  -1.410000  846 0.445000 
-0.485000  -1.440000  847 0.445000 
-0.845000  -1.500000  848 0.445000 
-0.290000  -1.330000  849 0.445000 
-0.325000  -1.390000  850 0.445000 
-0.830000  -1.470000  851 0.445000 
-0.625000  -1.270000  852 0.445000 
-0.910000  -1.750000  853 0.445000 
-0.770000  -1.400000  854 0.445000 
-0.785000  -1.520000  855 0.445000 
-0.705000  -1.400000  856 0.445000 
-0.845000  -1.600000  857 0.445000 
-0.905000  -1.720000  858 0.445000 
-0.710000  -1.330000  859 0.445000 
-0.685000  -1.410000  860 0.445000 
-0.740000  -1.420000  861 0.445000 
-0.570000  -1.390000  862 0.445000 
-0.485000  -1.310000  863 0.445000 
-0.940000  -1.780000  864 0.445000 
-0.800000  -1.450000  865 0.445000 
-0.530000  -1.290000  866 0.445000 
-0.895000  -1.680000  867 0.445000 
-0.720000  -1.390000  868 0.445000 
-0.420000  -1.090000  869 0.445000 
-0.905000  -1.770000  870 0.445000 
-0.830000  -1.460000  871 0.445000 
-0.880000  -1.610000  872 0.445000 
-0.710000  -1.310000  873 0.445000 
-0.785000  -1.380000  874 0.445000 
-0.820000  -1.570000  875 0.445000 
-0.805000  -1.590000  876 0.445000 
-0.850000  -1.640000  877 0.445000 
-0.625000  -1.350000  878 0.445000 
-0.590000  -1.490000  879 0.445000 
-0.675000  -1.420000  880 0.445000 
-0.730000  -1.360000  881 0.445000 
-0.830000  -1.610000  882 0.445000 
-0.600000  -1.290000  883 0.445000 
-0.790000  -1.470000  884 0.445000 
-0.810000  -1.590000  885 0.445000 
-0.590000  -1.350000  886 0.445000 
-0.835000  -1.610000  887 0.445000 
-0.705000  -1.420000  888 0.445000 
-0.755000  -1.500000  889 0.445000 
-0.890000  -1.650000  890 0.445000 
-0.895000  -1.710000  891 0.445000 
-0.810000  -1.420000  892 0.445000 
-0.670000  -1.460000  893 0.445000 
-0.720000  -1.370000  894 0.445000 
-0.915000  -1.740000  895 0.445000 
-0.860000  -1.560000  896 0.445000 
-0.835000  -1.510000  897 0.445000 
-0.795000  -1.520000  898 0.445000 
-0.845000  -1.520000  899 0.445000 
-0.920000  -1.750000  900 0.445000 
-0.590000  -1.250000  901 0.445000 
-0.845000  -1.590000  902 0.445000 
-0.785000  -1.420000  903 0.445000 
-0.835000  -1.600000  904 0.445000 
-0.805000  -1.470000  905 0.445000 
-0.845000  -1.640000  906 0.445000 
-0.800000  -1.510000  907 0.445000 
-0.735000  -1.480000  908 0.445000 
-0.865000  -1.630000  909 0.445000 
-0.865000  -1.590000  910 0.445000 
-0.815000  -1.420000  911 0.445000 
-0.880000  -1.620000  912 0.445000 
-0.550000  -1.350000  913 0.445000 
-0.805000  -1.420000  914 0.445000 
-0.825000  -1.500000  915 0.445000 
-0.545000  -1.440000  916 0.445000 
-0.635000  -1.310000  917 0.445000 
-0.845000  -1.520000  918 0.445000 
-0.840000  -1.520000  919 0.445000 
-0.875000  -1.610000  920 0.445000 
-0.850000  -1.530000  921 0.445000 
-0.440000  -1.300000  922 0.445000 
0.605000  -1.360000  923 0.445000 
0.860000  -1.670000  924 0.445000 
0.635000  -1.400000  925 0.445000 
0.160000  -1.050000  926 0.445000 
-0.115000  -1.200000  927 0.445000 
-0.680000  -1.240000  928 0.445000 
-0.810000  -1.470000  929 0.445000 
-0.855000  -1.570000  930 0.445000 
-0.815000  -1.560000  931 0.445000 
-0.805000  -1.510000  932 0.445000 
-0.795000  -1.520000  933 0.445000 
-0.750000  -1.470000  934 0.445000 
-0.725000  -1.400000  935 0.445000 
-0.905000  -1.660000  936 0.445000 
-0.595000  -1.250000  937 0.445000 
-0.845000  -1.580000  938 0.445000 
-0.710000  -1.370000  939 0.445000 
-0.635000  -1.240000  940 0.445000 
-0.185000  -1.230000  941 0.445000 
-0.805000  -1.550000  942 0.445000 
-0.715000  -1.490000  943 0.445000 
-0.790000  -1.500000  944 0.445000 
-0.805000  -1.480000  945 0.445000 
-0.715000  -1.400000  946 0.445000 
-0.585000  -1.330000  947 0.445000 
-0.760000  -1.510000  948 0.445000 
-0.695000  -1.360000  949 0.445000 
-0.840000  -1.550000  950 0.445000 
-0.740000  -1.440000  951 0.445000 
-0.720000  -1.350000  952 0.445000 
-0.840000  -1.600000  953 0.445000 
-0.825000  -1.520000  954 0.445000 
-0.690000  -1.260000  955 0.445000 
-0.780000  -1.530000  956 0.445000 
-0.865000  -1.640000  957 0.445000 
-0.800000  -1.450000  958 0.445000 
-0.600000  -1.380000  959 0.445000 
-0.865000  -1.570000  960 0.445000 
-0.850000  -1.570000  961 0.445000 
-0.675000  -1.410000  962 0.445000 
-0.665000  -1.170000  963 0.445000 
-0.715000  -1.370000  964 0.445000 
-0.825000  -1.510000  965 0.445000 
-0.855000  -1.610000  966 0.445000 
-0.785000  -1.500000  967 0.445000 
-0.655000  -1.500000  968 0.445000 
-0.720000  -1.400000  969 0.445000 
-0.670000  -1.430000  970 0.445000 
-0.640000  -1.390000  971 0.445000 
-0.775000  -1.490000  972 0.445000 
-0.865000  -1.620000  973 0.445000 
-0.825000  -1.600000  974 0.445000 
-0.755000  -1.580000  975 0.445000 
-0.830000  -1.600000  976 0.445000 
-0.875000  -1.540000  977 0.445000 
-0.855000  -1.540000  978 0.445000 
-0.715000  -1.410000  979 0.445000 
-0.825000  -1.660000  980 0.445000 
-0.570000  -1.460000  981 0.445000 
-0.710000  -1.470000  982 0.445000 
-0.880000  -1.670000  983 0.445000 
-0.785000  -1.540000  984 0.445000 
-0.855000  -1.600000  985 0.445000 
-0.695000  -1.410000  986 0.445000 
-0.820000  -1.500000  987 0.445000 
-0.795000  -1.580000  988 0.445000 
-0.655000  -1.330000  989 0.445000 
-0.780000  -1.440000  990 0.445000 
-0.625000  -1.380000  991 0.445000 
-0.880000  -1.600000  992 0.445000 
-0.650000  -1.210000  993 0.445000 
-0.705000  -1.400000  994 0.445000 
-0.760000  -1.420000  995 0.445000 
-0.865000  -1.610000  996 0.445000 
-0.860000  -1.660000  997 0.445000 
-0.805000  -1.500000  998 0.445000 
-0.525000  -1.540000  999 0.445000 
