-0.855000  -1.550000  0 0.426000 
-0.665000  -1.390000  1 0.426000 
-0.605000  -1.250000  2 0.426000 
-0.505000  -1.380000  3 0.426000 
0.495000  -1.330000  4 0.426000 
0.735000  -1.390000  5 0.426000 
0.775000  -1.520000  6 0.426000 
0.720000  -1.290000  7 0.426000 
0.680000  -1.270000  8 0.426000 
0.775000  -1.550000  9 0.426000 
0.685000  -1.490000  10 0.426000 
0.585000  -1.290000  11 0.426000 
0.530000  -1.160000  12 0.426000 
0.735000  -1.340000  13 0.426000 
0.730000  -1.290000  14 0.426000 
0.770000  -1.490000  15 0.426000 
0.705000  -1.260000  16 0.426000 
0.870000  -1.600000  17 0.426000 
0.265000  -1.360000  18 0.426000 
-0.580000  -1.270000  19 0.426000 
0.270000  -1.140000  20 0.426000 
0.385000  -1.210000  21 0.426000 
0.870000  -1.640000  22 0.426000 
0.660000  -1.410000  23 0.426000 
0.475000  -1.240000  24 0.426000 
0.760000  -1.410000  25 0.426000 
0.455000  -1.260000  26 0.426000 
0.745000  -1.410000  27 0.426000 
0.570000  -1.360000  28 0.426000 
0.675000  -1.370000  29 0.426000 
0.635000  -1.320000  30 0.426000 
0.645000  -1.270000  31 0.426000 
0.580000  -1.320000  32 0.426000 
-0.325000  -1.270000  33 0.426000 
-0.825000  -1.570000  34 0.426000 
-0.230000  -1.020000  35 0.426000 
-0.670000  -1.370000  36 0.426000 
-0.315000  -1.300000  37 0.426000 
-0.665000  -1.240000  38 0.426000 
-0.435000  -1.190000  39 0.426000 
-0.415000  -1.060000  40 0.426000 
-0.760000  -1.400000  41 0.426000 
-0.740000  -1.310000  42 0.426000 
-0.600000  -1.300000  43 0.426000 
-0.555000  -1.320000  44 0.426000 
-0.655000  -1.470000  45 0.426000 
-0.810000  -1.460000  46 0.426000 
-0.855000  -1.580000  47 0.426000 
-0.750000  -1.400000  48 0.426000 
-0.595000  -1.150000  49 0.426000 
-0.555000  -1.200000  50 0.426000 
-0.105000  -1.410000  51 0.426000 
-0.790000  -1.440000  52 0.426000 
-0.740000  -1.390000  53 0.426000 
-0.060000  -1.130000  54 0.426000 
0.650000  -1.260000  55 0.426000 
0.775000  -1.400000  56 0.426000 
0.535000  -1.240000  57 0.426000 
0.785000  -1.470000  58 0.426000 
-0.435000  -1.180000  59 0.426000 
-0.655000  -1.330000  60 0.426000 
-0.790000  -1.420000  61 0.426000 
-0.410000  -1.150000  62 0.426000 
-0.665000  -1.390000  63 0.426000 
-0.745000  -1.410000  64 0.426000 
-0.820000  -1.530000  65 0.426000 
-0.535000  -1.310000  66 0.426000 
-0.710000  -1.460000  67 0.426000 
-0.595000  -1.270000  68 0.426000 
-0.420000  -1.300000  69 0.426000 
-0.625000  -1.240000  70 0.426000 
-0.390000  -1.200000  71 0.426000 
-0.745000  -1.500000  72 0.426000 
0.140000  -1.130000  73 0.426000 
0.635000  -1.370000  74 0.426000 
0.360000  -1.290000  75 0.426000 
0.685000  -1.440000  76 0.426000 
0.400000  -1.090000  77 0.426000 
0.700000  -1.330000  78 0.426000 
0.600000  -1.440000  79 0.426000 
0.530000  -1.190000  80 0.426000 
0.820000  -1.560000  81 0.426000 
0.710000  -1.300000  82 0.426000 
0.635000  -1.240000  83 0.426000 
0.745000  -1.460000  84 0.426000 
-0.025000  -1.230000  85 0.426000 
-0.370000  -1.230000  86 0.426000 
-0.595000  -1.180000  87 0.426000 
-0.395000  -1.210000  88 0.426000 
0.360000  -1.190000  89 0.426000 
0.355000  -1.190000  90 0.426000 
0.775000  -1.470000  91 0.426000 
0.370000  -1.140000  92 0.426000 
0.745000  -1.370000  93 0.426000 
0.635000  -1.160000  94 0.426000 
0.605000  -1.180000  95 0.426000 
0.615000  -1.260000  96 0.426000 
0.765000  -1.400000  97 0.426000 
0.305000  -1.380000  98 0.426000 
0.590000  -1.280000  99 0.426000 
0.385000  -1.250000  100 0.426000 
0.500000  -1.110000  101 0.426000 
0.620000  -1.200000  102 0.426000 
0.460000  -1.370000  103 0.426000 
0.490000  -1.190000  104 0.426000 
0.300000  -1.310000  105 0.426000 
0.625000  -1.330000  106 0.426000 
0.580000  -1.150000  107 0.426000 
0.805000  -1.550000  108 0.426000 
0.790000  -1.560000  109 0.426000 
0.475000  -1.150000  110 0.426000 
-0.070000  -1.180000  111 0.426000 
-0.155000  -1.180000  112 0.426000 
0.590000  -1.380000  113 0.426000 
0.710000  -1.370000  114 0.426000 
-0.035000  -1.050000  115 0.426000 
-0.120000  -1.300000  116 0.426000 
0.290000  -1.180000  117 0.426000 
0.390000  -1.390000  118 0.426000 
0.750000  -1.450000  119 0.426000 
0.705000  -1.400000  120 0.426000 
0.405000  -1.170000  121 0.426000 
0.710000  -1.440000  122 0.426000 
0.400000  -1.280000  123 0.426000 
-0.230000  -1.250000  124 0.426000 
0.700000  -1.390000  125 0.426000 
0.735000  -1.430000  126 0.426000 
0.190000  -1.140000  127 0.426000 
0.000000  -1.230000  128 0.426000 
0.420000  -1.180000  129 0.426000 
0.680000  -1.340000  130 0.426000 
-0.080000  -1.150000  131 0.426000 
-0.705000  -1.360000  132 0.426000 
-0.780000  -1.500000  133 0.426000 
-0.860000  -1.600000  134 0.426000 
-0.355000  -1.070000  135 0.426000 
-0.585000  -1.270000  136 0.426000 
-0.690000  -1.380000  137 0.426000 
-0.085000  -1.100000  138 0.426000 
-0.740000  -1.370000  139 0.426000 
-0.595000  -1.210000  140 0.426000 
-0.360000  -1.070000  141 0.426000 
-0.725000  -1.360000  142 0.426000 
-0.610000  -1.200000  143 0.426000 
-0.770000  -1.370000  144 0.426000 
-0.595000  -1.250000  145 0.426000 
0.015000  -1.150000  146 0.426000 
0.020000  -1.240000  147 0.426000 
-0.640000  -1.360000  148 0.426000 
-0.640000  -1.370000  149 0.426000 
-0.725000  -1.600000  150 0.426000 
-0.765000  -1.480000  151 0.426000 
-0.540000  -1.250000  152 0.426000 
-0.670000  -1.360000  153 0.426000 
-0.875000  -1.700000  154 0.426000 
-0.605000  -1.340000  155 0.426000 
-0.485000  -1.290000  156 0.426000 
-0.300000  -1.210000  157 0.426000 
-0.525000  -1.430000  158 0.426000 
0.250000  -1.050000  159 0.426000 
0.090000  -1.160000  160 0.426000 
0.515000  -1.200000  161 0.426000 
0.660000  -1.370000  162 0.426000 
0.600000  -1.230000  163 0.426000 
-0.760000  -1.460000  164 0.426000 
-0.735000  -1.460000  165 0.426000 
-0.810000  -1.470000  166 0.426000 
-0.625000  -1.280000  167 0.426000 
-0.345000  -1.270000  168 0.426000 
-0.300000  -1.180000  169 0.426000 
-0.715000  -1.430000  170 0.426000 
-0.350000  -1.220000  171 0.426000 
-0.680000  -1.420000  172 0.426000 
-0.500000  -1.460000  173 0.426000 
-0.770000  -1.520000  174 0.426000 
-0.775000  -1.580000  175 0.426000 
-0.445000  -1.290000  176 0.426000 
-0.430000  -1.190000  177 0.426000 
-0.115000  -1.090000  178 0.426000 
-0.390000  -1.120000  179 0.426000 
-0.300000  -1.280000  180 0.426000 
-0.295000  -1.190000  181 0.426000 
-0.065000  -1.160000  182 0.426000 
-0.695000  -1.350000  183 0.426000 
-0.460000  -1.290000  184 0.426000 
-0.320000  -1.240000  185 0.426000 
-0.255000  -1.270000  186 0.426000 
0.370000  -1.090000  187 0.426000 
0.530000  -1.230000  188 0.426000 
0.470000  -1.140000  189 0.426000 
0.755000  -1.410000  190 0.426000 
0.825000  -1.520000  191 0.426000 
0.535000  -1.280000  192 0.426000 
0.805000  -1.450000  193 0.426000 
0.715000  -1.380000  194 0.426000 
0.775000  -1.410000  195 0.426000 
0.445000  -1.080000  196 0.426000 
0.850000  -1.560000  197 0.426000 
0.160000  -1.180000  198 0.426000 
0.510000  -1.250000  199 0.426000 
0.690000  -1.320000  200 0.426000 
0.825000  -1.550000  201 0.426000 
0.605000  -1.230000  202 0.426000 
0.745000  -1.510000  203 0.426000 
0.520000  -1.220000  204 0.426000 
0.840000  -1.540000  205 0.426000 
0.775000  -1.500000  206 0.426000 
0.720000  -1.400000  207 0.426000 
0.650000  -1.230000  208 0.426000 
0.675000  -1.370000  209 0.426000 
0.800000  -1.490000  210 0.426000 
0.705000  -1.320000  211 0.426000 
0.360000  -1.360000  212 0.426000 
0.840000  -1.580000  213 0.426000 
0.600000  -1.290000  214 0.426000 
0.810000  -1.570000  215 0.426000 
0.610000  -1.170000  216 0.426000 
0.355000  -1.260000  217 0.426000 
0.790000  -1.450000  218 0.426000 
0.615000  -1.240000  219 0.426000 
0.760000  -1.490000  220 0.426000 
0.400000  -1.200000  221 0.426000 
0.680000  -1.320000  222 0.426000 
0.660000  -1.390000  223 0.426000 
0.605000  -1.410000  224 0.426000 
0.255000  -1.280000  225 0.426000 
0.760000  -1.310000  226 0.426000 
0.515000  -1.290000  227 0.426000 
0.480000  -1.280000  228 0.426000 
0.735000  -1.490000  229 0.426000 
0.665000  -1.390000  230 0.426000 
0.865000  -1.600000  231 0.426000 
0.795000  -1.480000  232 0.426000 
0.745000  -1.510000  233 0.426000 
0.290000  -1.100000  234 0.426000 
0.765000  -1.400000  235 0.426000 
0.890000  -1.660000  236 0.426000 
0.695000  -1.440000  237 0.426000 
0.685000  -1.460000  238 0.426000 
0.425000  -1.200000  239 0.426000 
-0.255000  -1.130000  240 0.426000 
-0.050000  -1.080000  241 0.426000 
-0.160000  -1.080000  242 0.426000 
-0.840000  -1.540000  243 0.426000 
-0.500000  -1.260000  244 0.426000 
-0.620000  -1.350000  245 0.426000 
-0.735000  -1.410000  246 0.426000 
-0.500000  -1.230000  247 0.426000 
-0.710000  -1.380000  248 0.426000 
-0.625000  -1.220000  249 0.426000 
-0.825000  -1.540000  250 0.426000 
-0.860000  -1.600000  251 0.426000 
-0.855000  -1.560000  252 0.426000 
-0.545000  -1.310000  253 0.426000 
-0.230000  -1.150000  254 0.426000 
0.790000  -1.460000  255 0.426000 
0.585000  -1.070000  256 0.426000 
0.400000  -1.100000  257 0.426000 
0.655000  -1.440000  258 0.426000 
0.640000  -1.390000  259 0.426000 
0.480000  -1.170000  260 0.426000 
0.660000  -1.400000  261 0.426000 
0.615000  -1.350000  262 0.426000 
0.725000  -1.280000  263 0.426000 
0.630000  -1.320000  264 0.426000 
0.475000  -1.370000  265 0.426000 
0.640000  -1.330000  266 0.426000 
0.050000  -1.270000  267 0.426000 
-0.290000  -1.040000  268 0.426000 
-0.740000  -1.390000  269 0.426000 
-0.755000  -1.450000  270 0.426000 
-0.835000  -1.530000  271 0.426000 
-0.550000  -1.330000  272 0.426000 
-0.885000  -1.630000  273 0.426000 
-0.460000  -1.310000  274 0.426000 
-0.835000  -1.550000  275 0.426000 
-0.800000  -1.450000  276 0.426000 
-0.540000  -1.280000  277 0.426000 
-0.085000  -1.110000  278 0.426000 
-0.250000  -1.270000  279 0.426000 
-0.575000  -1.130000  280 0.426000 
-0.595000  -1.380000  281 0.426000 
-0.590000  -1.300000  282 0.426000 
0.345000  -1.220000  283 0.426000 
-0.040000  -1.140000  284 0.426000 
0.635000  -1.330000  285 0.426000 
0.455000  -1.340000  286 0.426000 
0.710000  -1.450000  287 0.426000 
0.480000  -1.170000  288 0.426000 
0.705000  -1.330000  289 0.426000 
0.610000  -1.110000  290 0.426000 
0.630000  -1.310000  291 0.426000 
0.800000  -1.510000  292 0.426000 
0.435000  -1.140000  293 0.426000 
0.400000  -1.240000  294 0.426000 
0.745000  -1.420000  295 0.426000 
0.730000  -1.350000  296 0.426000 
0.390000  -1.370000  297 0.426000 
-0.065000  -1.150000  298 0.426000 
-0.725000  -1.330000  299 0.426000 
-0.675000  -1.230000  300 0.426000 
-0.210000  -1.160000  301 0.426000 
-0.705000  -1.350000  302 0.426000 
0.800000  -1.630000  303 0.426000 
0.820000  -1.470000  304 0.426000 
0.600000  -1.380000  305 0.426000 
0.650000  -1.440000  306 0.426000 
0.285000  -1.190000  307 0.426000 
0.600000  -1.360000  308 0.426000 
-0.605000  -1.300000  309 0.426000 
-0.610000  -1.240000  310 0.426000 
-0.740000  -1.370000  311 0.426000 
-0.630000  -1.210000  312 0.426000 
0.605000  -1.440000  313 0.426000 
0.045000  -1.220000  314 0.426000 
0.360000  -1.270000  315 0.426000 
0.575000  -1.360000  316 0.426000 
0.165000  -1.180000  317 0.426000 
0.520000  -1.210000  318 0.426000 
0.330000  -1.130000  319 0.426000 
-0.080000  -1.110000  320 0.426000 
0.360000  -1.270000  321 0.426000 
0.550000  -1.350000  322 0.426000 
0.065000  -1.110000  323 0.426000 
0.045000  -1.170000  324 0.426000 
0.545000  -1.210000  325 0.426000 
0.615000  -1.330000  326 0.426000 
0.850000  -1.610000  327 0.426000 
0.690000  -1.300000  328 0.426000 
0.545000  -1.270000  329 0.426000 
0.750000  -1.410000  330 0.426000 
0.610000  -1.300000  331 0.426000 
0.795000  -1.440000  332 0.426000 
0.635000  -1.460000  333 0.426000 
0.590000  -1.360000  334 0.426000 
0.785000  -1.460000  335 0.426000 
0.790000  -1.480000  336 0.426000 
0.145000  -1.240000  337 0.426000 
-0.135000  -1.250000  338 0.426000 
-0.060000  -1.190000  339 0.426000 
0.730000  -1.410000  340 0.426000 
0.345000  -1.150000  341 0.426000 
0.760000  -1.410000  342 0.426000 
0.645000  -1.260000  343 0.426000 
0.440000  -1.200000  344 0.426000 
-0.020000  -1.200000  345 0.426000 
0.080000  -1.060000  346 0.426000 
0.440000  -1.350000  347 0.426000 
0.610000  -1.440000  348 0.426000 
0.640000  -1.300000  349 0.426000 
0.615000  -1.300000  350 0.426000 
0.625000  -1.250000  351 0.426000 
0.405000  -1.390000  352 0.426000 
0.725000  -1.590000  353 0.426000 
0.565000  -1.290000  354 0.426000 
0.180000  -1.150000  355 0.426000 
0.875000  -1.590000  356 0.426000 
0.165000  -1.020000  357 0.426000 
0.220000  -1.180000  358 0.426000 
-0.845000  -1.640000  359 0.426000 
-0.625000  -1.190000  360 0.426000 
-0.055000  -1.190000  361 0.426000 
0.605000  -1.260000  362 0.426000 
0.690000  -1.330000  363 0.426000 
0.790000  -1.490000  364 0.426000 
0.715000  -1.380000  365 0.426000 
0.540000  -1.260000  366 0.426000 
0.760000  -1.510000  367 0.426000 
0.805000  -1.480000  368 0.426000 
0.745000  -1.400000  369 0.426000 
0.575000  -1.090000  370 0.426000 
0.520000  -1.330000  371 0.426000 
0.725000  -1.440000  372 0.426000 
0.295000  -1.130000  373 0.426000 
0.660000  -1.250000  374 0.426000 
0.850000  -1.560000  375 0.426000 
0.105000  -0.900000  376 0.426000 
-0.135000  -1.220000  377 0.426000 
0.145000  -1.100000  378 0.426000 
-0.365000  -1.200000  379 0.426000 
-0.785000  -1.440000  380 0.426000 
-0.465000  -1.170000  381 0.426000 
0.100000  -1.100000  382 0.426000 
0.250000  -1.070000  383 0.426000 
0.320000  -1.260000  384 0.426000 
0.705000  -1.350000  385 0.426000 
0.705000  -1.340000  386 0.426000 
0.195000  -1.050000  387 0.426000 
0.760000  -1.400000  388 0.426000 
0.710000  -1.420000  389 0.426000 
0.850000  -1.540000  390 0.426000 
0.570000  -1.410000  391 0.426000 
0.460000  -1.410000  392 0.426000 
0.095000  -1.020000  393 0.426000 
0.155000  -1.170000  394 0.426000 
-0.775000  -1.410000  395 0.426000 
-0.650000  -1.340000  396 0.426000 
-0.420000  -1.290000  397 0.426000 
-0.620000  -1.190000  398 0.426000 
0.330000  -1.170000  399 0.426000 
-0.830000  -1.500000  400 0.426000 
-0.650000  -1.410000  401 0.426000 
-0.720000  -1.400000  402 0.426000 
-0.695000  -1.310000  403 0.426000 
-0.360000  -1.180000  404 0.426000 
-0.745000  -1.370000  405 0.426000 
-0.590000  -1.290000  406 0.426000 
-0.910000  -1.670000  407 0.426000 
-0.660000  -1.200000  408 0.426000 
-0.650000  -1.340000  409 0.426000 
-0.280000  -1.080000  410 0.426000 
-0.375000  -1.080000  411 0.426000 
-0.540000  -1.130000  412 0.426000 
-0.705000  -1.400000  413 0.426000 
-0.745000  -1.280000  414 0.426000 
0.060000  -1.450000  415 0.426000 
0.790000  -1.360000  416 0.426000 
0.575000  -1.190000  417 0.426000 
0.715000  -1.320000  418 0.426000 
0.270000  -1.150000  419 0.426000 
0.855000  -1.590000  420 0.426000 
0.685000  -1.320000  421 0.426000 
0.805000  -1.530000  422 0.426000 
0.840000  -1.570000  423 0.426000 
0.455000  -1.240000  424 0.426000 
0.550000  -1.200000  425 0.426000 
-0.005000  -1.050000  426 0.426000 
-0.575000  -1.300000  427 0.426000 
-0.510000  -1.330000  428 0.426000 
-0.680000  -1.410000  429 0.426000 
-0.680000  -1.390000  430 0.426000 
-0.690000  -1.300000  431 0.426000 
-0.575000  -1.370000  432 0.426000 
-0.595000  -1.350000  433 0.426000 
-0.725000  -1.440000  434 0.426000 
-0.050000  -1.050000  435 0.426000 
-0.615000  -1.340000  436 0.426000 
-0.675000  -1.410000  437 0.426000 
-0.375000  -1.330000  438 0.426000 
0.040000  -0.990000  439 0.426000 
-0.160000  -0.950000  440 0.426000 
-0.610000  -1.270000  441 0.426000 
-0.640000  -1.320000  442 0.426000 
-0.075000  -1.290000  443 0.426000 
-0.665000  -1.350000  444 0.426000 
-0.185000  -1.160000  445 0.426000 
0.005000  -1.100000  446 0.426000 
0.480000  -1.290000  447 0.426000 
-0.045000  -1.040000  448 0.426000 
0.115000  -1.170000  449 0.426000 
-0.580000  -1.210000  450 0.426000 
-0.545000  -1.230000  451 0.426000 
-0.745000  -1.460000  452 0.426000 
-0.630000  -1.180000  453 0.426000 
-0.690000  -1.360000  454 0.426000 
-0.835000  -1.580000  455 0.426000 
-0.550000  -1.290000  456 0.426000 
-0.515000  -1.270000  457 0.426000 
0.490000  -1.320000  458 0.426000 
0.035000  -1.390000  459 0.426000 
0.330000  -1.350000  460 0.426000 
0.205000  -1.280000  461 0.426000 
-0.460000  -1.200000  462 0.426000 
-0.495000  -1.280000  463 0.426000 
-0.800000  -1.540000  464 0.426000 
-0.755000  -1.430000  465 0.426000 
-0.020000  -1.120000  466 0.426000 
0.595000  -1.330000  467 0.426000 
0.390000  -1.150000  468 0.426000 
0.770000  -1.410000  469 0.426000 
0.065000  -1.150000  470 0.426000 
-0.600000  -1.300000  471 0.426000 
-0.720000  -1.450000  472 0.426000 
-0.680000  -1.520000  473 0.426000 
-0.670000  -1.170000  474 0.426000 
-0.580000  -1.260000  475 0.426000 
-0.575000  -1.460000  476 0.426000 
-0.440000  -1.160000  477 0.426000 
0.015000  -1.080000  478 0.426000 
-0.305000  -1.350000  479 0.426000 
-0.805000  -1.490000  480 0.426000 
-0.285000  -1.070000  481 0.426000 
-0.450000  -1.110000  482 0.426000 
-0.170000  -1.080000  483 0.426000 
-0.275000  -1.210000  484 0.426000 
-0.640000  -1.270000  485 0.426000 
-0.635000  -1.320000  486 0.426000 
-0.620000  -1.170000  487 0.426000 
-0.460000  -1.210000  488 0.426000 
-0.585000  -1.120000  489 0.426000 
-0.230000  -1.280000  490 0.426000 
0.635000  -1.220000  491 0.426000 
0.255000  -1.330000  492 0.426000 
0.240000  -1.110000  493 0.426000 
0.780000  -1.560000  494 0.426000 
0.655000  -1.290000  495 0.426000 
0.610000  -1.280000  496 0.426000 
0.840000  -1.620000  497 0.426000 
0.600000  -1.290000  498 0.426000 
0.225000  -1.160000  499 0.426000 
0.525000  -1.210000  500 0.426000 
0.170000  -1.390000  501 0.426000 
0.375000  -1.120000  502 0.426000 
0.490000  -1.290000  503 0.426000 
0.680000  -1.380000  504 0.426000 
0.740000  -1.470000  505 0.426000 
0.760000  -1.460000  506 0.426000 
0.320000  -1.190000  507 0.426000 
0.860000  -1.560000  508 0.426000 
0.650000  -1.410000  509 0.426000 
0.625000  -1.250000  510 0.426000 
0.495000  -1.060000  511 0.426000 
0.695000  -1.410000  512 0.426000 
0.860000  -1.540000  513 0.426000 
0.010000  -1.160000  514 0.426000 
-0.685000  -1.370000  515 0.426000 
-0.725000  -1.360000  516 0.426000 
-0.680000  -1.350000  517 0.426000 
-0.835000  -1.490000  518 0.426000 
-0.720000  -1.440000  519 0.426000 
-0.545000  -1.360000  520 0.426000 
-0.645000  -1.300000  521 0.426000 
-0.565000  -1.370000  522 0.426000 
-0.345000  -1.190000  523 0.426000 
0.435000  -1.200000  524 0.426000 
-0.170000  -1.080000  525 0.426000 
-0.805000  -1.460000  526 0.426000 
-0.740000  -1.460000  527 0.426000 
-0.910000  -1.680000  528 0.426000 
-0.700000  -1.420000  529 0.426000 
-0.735000  -1.480000  530 0.426000 
-0.745000  -1.400000  531 0.426000 
-0.755000  -1.390000  532 0.426000 
-0.540000  -1.290000  533 0.426000 
-0.420000  -1.170000  534 0.426000 
-0.835000  -1.540000  535 0.426000 
-0.185000  -1.000000  536 0.426000 
-0.375000  -1.010000  537 0.426000 
-0.755000  -1.450000  538 0.426000 
-0.720000  -1.430000  539 0.426000 
-0.590000  -1.230000  540 0.426000 
-0.730000  -1.420000  541 0.426000 
-0.655000  -1.340000  542 0.426000 
-0.315000  -1.200000  543 0.426000 
-0.020000  -1.110000  544 0.426000 
-0.130000  -1.240000  545 0.426000 
-0.720000  -1.370000  546 0.426000 
-0.470000  -1.100000  547 0.426000 
-0.575000  -1.360000  548 0.426000 
-0.170000  -1.130000  549 0.426000 
0.005000  -1.010000  550 0.426000 
0.505000  -1.190000  551 0.426000 
0.550000  -1.280000  552 0.426000 
0.865000  -1.640000  553 0.426000 
0.380000  -1.100000  554 0.426000 
0.795000  -1.430000  555 0.426000 
0.715000  -1.360000  556 0.426000 
0.360000  -1.220000  557 0.426000 
-0.040000  -1.360000  558 0.426000 
-0.600000  -1.530000  559 0.426000 
-0.695000  -1.350000  560 0.426000 
-0.400000  -1.250000  561 0.426000 
0.445000  -1.190000  562 0.426000 
0.835000  -1.480000  563 0.426000 
0.775000  -1.410000  564 0.426000 
0.720000  -1.450000  565 0.426000 
0.430000  -1.210000  566 0.426000 
0.775000  -1.510000  567 0.426000 
0.390000  -1.130000  568 0.426000 
0.730000  -1.350000  569 0.426000 
0.715000  -1.400000  570 0.426000 
0.075000  -1.230000  571 0.426000 
-0.215000  -1.030000  572 0.426000 
0.855000  -1.600000  573 0.426000 
0.785000  -1.570000  574 0.426000 
0.530000  -1.180000  575 0.426000 
0.625000  -1.330000  576 0.426000 
0.745000  -1.310000  577 0.426000 
0.680000  -1.460000  578 0.426000 
0.625000  -1.240000  579 0.426000 
0.665000  -1.320000  580 0.426000 
0.420000  -1.110000  581 0.426000 
0.850000  -1.640000  582 0.426000 
0.610000  -1.370000  583 0.426000 
0.650000  -1.290000  584 0.426000 
-0.155000  -1.070000  585 0.426000 
-0.435000  -1.180000  586 0.426000 
-0.620000  -1.270000  587 0.426000 
-0.825000  -1.520000  588 0.426000 
-0.685000  -1.430000  589 0.426000 
-0.775000  -1.470000  590 0.426000 
-0.860000  -1.600000  591 0.426000 
-0.265000  -1.130000  592 0.426000 
0.285000  -1.100000  593 0.426000 
-0.130000  -1.080000  594 0.426000 
0.720000  -1.450000  595 0.426000 
0.395000  -1.200000  596 0.426000 
0.800000  -1.450000  597 0.426000 
0.760000  -1.440000  598 0.426000 
0.795000  -1.450000  599 0.426000 
0.670000  -1.420000  600 0.426000 
0.845000  -1.530000  601 0.426000 
0.490000  -1.320000  602 0.426000 
0.230000  -1.100000  603 0.426000 
-0.720000  -1.430000  604 0.426000 
-0.615000  -1.310000  605 0.426000 
-0.540000  -1.110000  606 0.426000 
-0.440000  -1.110000  607 0.426000 
-0.575000  -1.450000  608 0.426000 
-0.115000  -1.170000  609 0.426000 
-0.250000  -1.320000  610 0.426000 
-0.660000  -1.450000  611 0.426000 
-0.675000  -1.320000  612 0.426000 
-0.445000  -1.150000  613 0.426000 
-0.810000  -1.480000  614 0.426000 
-0.685000  -1.360000  615 0.426000 
-0.595000  -1.320000  616 0.426000 
-0.590000  -1.390000  617 0.426000 
-0.550000  -1.230000  618 0.426000 
-0.715000  -1.350000  619 0.426000 
-0.770000  -1.500000  620 0.426000 
-0.645000  -1.300000  621 0.426000 
-0.765000  -1.290000  622 0.426000 
-0.850000  -1.570000  623 0.426000 
-0.650000  -1.310000  624 0.426000 
-0.680000  -1.380000  625 0.426000 
-0.575000  -1.220000  626 0.426000 
-0.785000  -1.420000  627 0.426000 
-0.840000  -1.590000  628 0.426000 
-0.685000  -1.520000  629 0.426000 
-0.670000  -1.270000  630 0.426000 
-0.265000  -1.270000  631 0.426000 
0.335000  -1.310000  632 0.426000 
0.750000  -1.410000  633 0.426000 
0.530000  -1.250000  634 0.426000 
0.310000  -1.170000  635 0.426000 
0.750000  -1.460000  636 0.426000 
0.345000  -1.030000  637 0.426000 
0.675000  -1.340000  638 0.426000 
0.105000  -1.010000  639 0.426000 
0.840000  -1.530000  640 0.426000 
0.730000  -1.420000  641 0.426000 
0.430000  -1.180000  642 0.426000 
0.295000  -1.210000  643 0.426000 
0.635000  -1.290000  644 0.426000 
0.675000  -1.330000  645 0.426000 
0.690000  -1.280000  646 0.426000 
0.720000  -1.370000  647 0.426000 
0.690000  -1.420000  648 0.426000 
0.690000  -1.440000  649 0.426000 
0.620000  -1.360000  650 0.426000 
0.270000  -1.210000  651 0.426000 
0.700000  -1.330000  652 0.426000 
0.690000  -1.340000  653 0.426000 
0.375000  -1.220000  654 0.426000 
0.605000  -1.200000  655 0.426000 
0.625000  -1.280000  656 0.426000 
0.105000  -1.110000  657 0.426000 
-0.080000  -1.260000  658 0.426000 
-0.560000  -1.220000  659 0.426000 
-0.760000  -1.390000  660 0.426000 
-0.820000  -1.520000  661 0.426000 
-0.690000  -1.300000  662 0.426000 
-0.480000  -1.070000  663 0.426000 
-0.790000  -1.540000  664 0.426000 
-0.640000  -1.280000  665 0.426000 
-0.785000  -1.440000  666 0.426000 
-0.300000  -1.270000  667 0.426000 
-0.725000  -1.350000  668 0.426000 
-0.800000  -1.490000  669 0.426000 
-0.375000  -1.250000  670 0.426000 
-0.840000  -1.580000  671 0.426000 
-0.575000  -1.370000  672 0.426000 
-0.535000  -1.310000  673 0.426000 
-0.865000  -1.650000  674 0.426000 
-0.670000  -1.410000  675 0.426000 
-0.105000  -1.160000  676 0.426000 
-0.135000  -1.000000  677 0.426000 
-0.625000  -1.350000  678 0.426000 
-0.735000  -1.370000  679 0.426000 
-0.755000  -1.410000  680 0.426000 
-0.520000  -1.140000  681 0.426000 
-0.295000  -1.090000  682 0.426000 
-0.300000  -1.060000  683 0.426000 
-0.765000  -1.440000  684 0.426000 
-0.125000  -1.220000  685 0.426000 
-0.725000  -1.450000  686 0.426000 
-0.890000  -1.610000  687 0.426000 
-0.790000  -1.540000  688 0.426000 
-0.845000  -1.530000  689 0.426000 
-0.530000  -1.350000  690 0.426000 
-0.210000  -1.150000  691 0.426000 
-0.315000  -1.320000  692 0.426000 
-0.710000  -1.420000  693 0.426000 
-0.285000  -1.270000  694 0.426000 
-0.870000  -1.630000  695 0.426000 
-0.860000  -1.610000  696 0.426000 
-0.485000  -1.040000  697 0.426000 
0.805000  -1.520000  698 0.426000 
0.550000  -1.260000  699 0.426000 
0.600000  -1.210000  700 0.426000 
0.705000  -1.320000  701 0.426000 
0.750000  -1.340000  702 0.426000 
0.660000  -1.420000  703 0.426000 
0.235000  -1.040000  704 0.426000 
0.710000  -1.410000  705 0.426000 
0.525000  -1.230000  706 0.426000 
0.420000  -1.400000  707 0.426000 
0.840000  -1.570000  708 0.426000 
0.485000  -1.120000  709 0.426000 
0.585000  -1.090000  710 0.426000 
0.750000  -1.460000  711 0.426000 
0.585000  -1.160000  712 0.426000 
0.375000  -1.260000  713 0.426000 
-0.665000  -1.270000  714 0.426000 
-0.590000  -1.220000  715 0.426000 
-0.300000  -1.150000  716 0.426000 
0.520000  -1.310000  717 0.426000 
0.325000  -1.010000  718 0.426000 
0.370000  -1.260000  719 0.426000 
0.565000  -1.200000  720 0.426000 
0.235000  -1.270000  721 0.426000 
0.415000  -1.250000  722 0.426000 
0.275000  -1.210000  723 0.426000 
0.715000  -1.440000  724 0.426000 
0.585000  -1.280000  725 0.426000 
0.340000  -1.210000  726 0.426000 
-0.660000  -1.290000  727 0.426000 
-0.685000  -1.310000  728 0.426000 
-0.690000  -1.370000  729 0.426000 
-0.215000  -1.280000  730 0.426000 
-0.735000  -1.400000  731 0.426000 
-0.170000  -1.210000  732 0.426000 
-0.650000  -1.380000  733 0.426000 
-0.735000  -1.480000  734 0.426000 
-0.825000  -1.590000  735 0.426000 
-0.265000  -1.120000  736 0.426000 
-0.695000  -1.370000  737 0.426000 
-0.820000  -1.470000  738 0.426000 
-0.705000  -1.370000  739 0.426000 
-0.890000  -1.700000  740 0.426000 
-0.795000  -1.500000  741 0.426000 
-0.690000  -1.440000  742 0.426000 
-0.310000  -1.200000  743 0.426000 
-0.660000  -1.350000  744 0.426000 
-0.575000  -1.310000  745 0.426000 
-0.310000  -1.130000  746 0.426000 
-0.740000  -1.360000  747 0.426000 
-0.655000  -1.390000  748 0.426000 
-0.670000  -1.310000  749 0.426000 
-0.620000  -1.380000  750 0.426000 
-0.630000  -1.350000  751 0.426000 
-0.705000  -1.310000  752 0.426000 
-0.520000  -1.270000  753 0.426000 
-0.375000  -0.990000  754 0.426000 
-0.605000  -1.160000  755 0.426000 
-0.855000  -1.580000  756 0.426000 
-0.865000  -1.560000  757 0.426000 
-0.790000  -1.430000  758 0.426000 
-0.665000  -1.280000  759 0.426000 
-0.465000  -1.230000  760 0.426000 
0.165000  -1.320000  761 0.426000 
-0.725000  -1.470000  762 0.426000 
-0.210000  -1.040000  763 0.426000 
0.800000  -1.410000  764 0.426000 
0.575000  -1.160000  765 0.426000 
0.695000  -1.320000  766 0.426000 
0.590000  -1.300000  767 0.426000 
0.495000  -1.420000  768 0.426000 
0.685000  -1.340000  769 0.426000 
0.775000  -1.450000  770 0.426000 
0.660000  -1.260000  771 0.426000 
0.610000  -1.330000  772 0.426000 
0.530000  -1.440000  773 0.426000 
0.625000  -1.390000  774 0.426000 
0.675000  -1.350000  775 0.426000 
0.815000  -1.440000  776 0.426000 
0.780000  -1.480000  777 0.426000 
0.350000  -1.260000  778 0.426000 
0.525000  -1.200000  779 0.426000 
0.605000  -1.420000  780 0.426000 
0.495000  -1.170000  781 0.426000 
0.345000  -1.280000  782 0.426000 
-0.500000  -1.180000  783 0.426000 
-0.645000  -1.260000  784 0.426000 
-0.050000  -1.340000  785 0.426000 
-0.425000  -1.310000  786 0.426000 
-0.430000  -1.250000  787 0.426000 
-0.690000  -1.420000  788 0.426000 
-0.735000  -1.450000  789 0.426000 
-0.870000  -1.610000  790 0.426000 
-0.560000  -1.280000  791 0.426000 
0.285000  -1.040000  792 0.426000 
0.775000  -1.540000  793 0.426000 
0.455000  -1.280000  794 0.426000 
0.635000  -1.480000  795 0.426000 
0.725000  -1.420000  796 0.426000 
0.790000  -1.490000  797 0.426000 
0.785000  -1.370000  798 0.426000 
0.800000  -1.490000  799 0.426000 
0.620000  -1.180000  800 0.426000 
0.460000  -1.160000  801 0.426000 
0.445000  -1.380000  802 0.426000 
0.715000  -1.350000  803 0.426000 
0.580000  -1.340000  804 0.426000 
0.655000  -1.380000  805 0.426000 
0.380000  -1.160000  806 0.426000 
0.440000  -1.330000  807 0.426000 
0.540000  -1.130000  808 0.426000 
0.280000  -1.100000  809 0.426000 
0.705000  -1.460000  810 0.426000 
0.615000  -1.270000  811 0.426000 
0.740000  -1.530000  812 0.426000 
0.310000  -1.190000  813 0.426000 
0.800000  -1.460000  814 0.426000 
0.580000  -1.390000  815 0.426000 
0.110000  -1.130000  816 0.426000 
0.590000  -1.180000  817 0.426000 
0.390000  -1.220000  818 0.426000 
0.055000  -1.140000  819 0.426000 
-0.550000  -1.190000  820 0.426000 
-0.610000  -1.240000  821 0.426000 
-0.395000  -1.210000  822 0.426000 
-0.830000  -1.580000  823 0.426000 
-0.805000  -1.490000  824 0.426000 
-0.455000  -1.330000  825 0.426000 
-0.580000  -1.370000  826 0.426000 
-0.745000  -1.370000  827 0.426000 
-0.785000  -1.530000  828 0.426000 
-0.695000  -1.320000  829 0.426000 
0.145000  -1.220000  830 0.426000 
-0.840000  -1.520000  831 0.426000 
-0.600000  -1.370000  832 0.426000 
-0.750000  -1.510000  833 0.426000 
-0.420000  -1.110000  834 0.426000 
-0.335000  -1.310000  835 0.426000 
0.225000  -1.130000  836 0.426000 
0.755000  -1.380000  837 0.426000 
-0.285000  -1.170000  838 0.426000 
-0.570000  -1.320000  839 0.426000 
-0.810000  -1.540000  840 0.426000 
-0.760000  -1.330000  841 0.426000 
-0.570000  -1.190000  842 0.426000 
-0.725000  -1.410000  843 0.426000 
-0.190000  -1.220000  844 0.426000 
0.355000  -1.260000  845 0.426000 
0.580000  -1.390000  846 0.426000 
0.135000  -1.100000  847 0.426000 
0.560000  -1.230000  848 0.426000 
0.210000  -1.130000  849 0.426000 
-0.740000  -1.410000  850 0.426000 
-0.130000  -1.140000  851 0.426000 
0.410000  -1.330000  852 0.426000 
0.270000  -1.210000  853 0.426000 
0.700000  -1.320000  854 0.426000 
0.690000  -1.330000  855 0.426000 
0.835000  -1.520000  856 0.426000 
0.280000  -1.060000  857 0.426000 
0.395000  -1.130000  858 0.426000 
0.850000  -1.570000  859 0.426000 
0.700000  -1.390000  860 0.426000 
0.445000  -1.220000  861 0.426000 
0.650000  -1.310000  862 0.426000 
0.735000  -1.370000  863 0.426000 
0.225000  -1.030000  864 0.426000 
-0.065000  -1.290000  865 0.426000 
0.695000  -1.270000  866 0.426000 
0.680000  -1.340000  867 0.426000 
0.765000  -1.420000  868 0.426000 
0.890000  -1.650000  869 0.426000 
0.495000  -1.250000  870 0.426000 
0.165000  -1.180000  871 0.426000 
0.005000  -1.230000  872 0.426000 
-0.330000  -0.970000  873 0.426000 
-0.795000  -1.440000  874 0.426000 
0.035000  -1.310000  875 0.426000 
-0.555000  -1.250000  876 0.426000 
-0.005000  -1.110000  877 0.426000 
-0.265000  -1.290000  878 0.426000 
-0.290000  -1.230000  879 0.426000 
0.755000  -1.410000  880 0.426000 
0.585000  -1.290000  881 0.426000 
0.450000  -1.110000  882 0.426000 
0.310000  -1.190000  883 0.426000 
-0.010000  -1.320000  884 0.426000 
0.135000  -1.130000  885 0.426000 
0.730000  -1.400000  886 0.426000 
0.685000  -1.370000  887 0.426000 
0.685000  -1.310000  888 0.426000 
0.765000  -1.500000  889 0.426000 
0.730000  -1.380000  890 0.426000 
0.840000  -1.580000  891 0.426000 
0.640000  -1.400000  892 0.426000 
-0.025000  -1.040000  893 0.426000 
0.085000  -1.360000  894 0.426000 
0.430000  -1.180000  895 0.426000 
0.700000  -1.230000  896 0.426000 
0.545000  -1.320000  897 0.426000 
0.040000  -1.050000  898 0.426000 
0.815000  -1.620000  899 0.426000 
0.700000  -1.380000  900 0.426000 
0.640000  -1.340000  901 0.426000 
0.440000  -1.300000  902 0.426000 
0.595000  -1.310000  903 0.426000 
0.545000  -1.280000  904 0.426000 
-0.070000  -1.210000  905 0.426000 
-0.170000  -1.150000  906 0.426000 
-0.795000  -1.460000  907 0.426000 
-0.655000  -1.340000  908 0.426000 
-0.810000  -1.540000  909 0.426000 
-0.685000  -1.380000  910 0.426000 
-0.810000  -1.550000  911 0.426000 
-0.500000  -1.020000  912 0.426000 
-0.690000  -1.320000  913 0.426000 
-0.565000  -1.320000  914 0.426000 
-0.600000  -1.240000  915 0.426000 
0.285000  -1.060000  916 0.426000 
-0.270000  -1.040000  917 0.426000 
-0.500000  -1.230000  918 0.426000 
-0.760000  -1.480000  919 0.426000 
0.190000  -1.010000  920 0.426000 
0.110000  -1.350000  921 0.426000 
-0.115000  -1.160000  922 0.426000 
-0.660000  -1.350000  923 0.426000 
-0.695000  -1.330000  924 0.426000 
-0.325000  -1.070000  925 0.426000 
-0.200000  -1.130000  926 0.426000 
0.795000  -1.480000  927 0.426000 
0.820000  -1.550000  928 0.426000 
0.900000  -1.710000  929 0.426000 
0.620000  -1.250000  930 0.426000 
0.825000  -1.570000  931 0.426000 
0.795000  -1.450000  932 0.426000 
0.325000  -1.140000  933 0.426000 
0.660000  -1.490000  934 0.426000 
0.840000  -1.530000  935 0.426000 
-0.190000  -1.330000  936 0.426000 
-0.195000  -0.930000  937 0.426000 
0.215000  -1.260000  938 0.426000 
0.750000  -1.420000  939 0.426000 
0.350000  -1.020000  940 0.426000 
0.690000  -1.350000  941 0.426000 
0.645000  -1.260000  942 0.426000 
0.510000  -1.180000  943 0.426000 
0.775000  -1.360000  944 0.426000 
0.610000  -1.360000  945 0.426000 
0.710000  -1.350000  946 0.426000 
0.620000  -1.280000  947 0.426000 
0.115000  -1.030000  948 0.426000 
-0.510000  -1.270000  949 0.426000 
-0.840000  -1.520000  950 0.426000 
-0.205000  -1.170000  951 0.426000 
0.000000  -1.350000  952 0.426000 
0.660000  -1.310000  953 0.426000 
0.735000  -1.410000  954 0.426000 
-0.370000  -1.330000  955 0.426000 
0.375000  -1.170000  956 0.426000 
0.820000  -1.570000  957 0.426000 
0.730000  -1.520000  958 0.426000 
0.045000  -1.140000  959 0.426000 
0.260000  -1.240000  960 0.426000 
-0.640000  -1.380000  961 0.426000 
-0.645000  -1.300000  962 0.426000 
-0.740000  -1.440000  963 0.426000 
-0.210000  -1.130000  964 0.426000 
0.425000  -1.170000  965 0.426000 
0.670000  -1.300000  966 0.426000 
0.340000  -1.260000  967 0.426000 
0.445000  -1.260000  968 0.426000 
-0.165000  -1.030000  969 0.426000 
0.105000  -1.160000  970 0.426000 
0.845000  -1.510000  971 0.426000 
0.655000  -1.350000  972 0.426000 
0.865000  -1.610000  973 0.426000 
0.740000  -1.370000  974 0.426000 
0.650000  -1.250000  975 0.426000 
0.485000  -1.160000  976 0.426000 
0.050000  -1.100000  977 0.426000 
-0.015000  -0.990000  978 0.426000 
0.755000  -1.370000  979 0.426000 
0.635000  -1.300000  980 0.426000 
0.420000  -1.060000  981 0.426000 
0.585000  -1.380000  982 0.426000 
0.725000  -1.380000  983 0.426000 
0.865000  -1.620000  984 0.426000 
0.705000  -1.390000  985 0.426000 
0.860000  -1.540000  986 0.426000 
0.755000  -1.360000  987 0.426000 
0.420000  -1.120000  988 0.426000 
0.455000  -1.120000  989 0.426000 
0.490000  -1.380000  990 0.426000 
-0.205000  -1.230000  991 0.426000 
-0.475000  -1.320000  992 0.426000 
-0.515000  -1.290000  993 0.426000 
-0.540000  -1.330000  994 0.426000 
0.295000  -1.150000  995 0.426000 
0.585000  -1.310000  996 0.426000 
0.600000  -1.360000  997 0.426000 
0.920000  -1.720000  998 0.426000 
0.835000  -1.530000  999 0.426000 
