-0.875000  -1.630000  0 0.490000 
-0.865000  -1.620000  1 0.490000 
-0.905000  -1.640000  2 0.490000 
-0.915000  -1.790000  3 0.490000 
-0.915000  -1.790000  4 0.490000 
-0.915000  -1.760000  5 0.490000 
-0.890000  -1.740000  6 0.490000 
-0.955000  -1.840000  7 0.490000 
-0.870000  -1.630000  8 0.490000 
-0.910000  -1.690000  9 0.490000 
-0.845000  -1.550000  10 0.490000 
-0.785000  -1.580000  11 0.490000 
-0.910000  -1.730000  12 0.490000 
-0.885000  -1.650000  13 0.490000 
-0.900000  -1.700000  14 0.490000 
-0.930000  -1.750000  15 0.490000 
-0.865000  -1.640000  16 0.490000 
-0.835000  -1.650000  17 0.490000 
-0.920000  -1.780000  18 0.490000 
-0.905000  -1.720000  19 0.490000 
-0.885000  -1.710000  20 0.490000 
-0.890000  -1.630000  21 0.490000 
-0.865000  -1.630000  22 0.490000 
-0.865000  -1.580000  23 0.490000 
-0.880000  -1.670000  24 0.490000 
-0.955000  -1.840000  25 0.490000 
-0.960000  -1.860000  26 0.490000 
-0.835000  -1.570000  27 0.490000 
-0.940000  -1.840000  28 0.490000 
-0.885000  -1.690000  29 0.490000 
-0.935000  -1.770000  30 0.490000 
-0.850000  -1.660000  31 0.490000 
-0.895000  -1.670000  32 0.490000 
-0.885000  -1.620000  33 0.490000 
-0.940000  -1.800000  34 0.490000 
-0.890000  -1.650000  35 0.490000 
-0.815000  -1.520000  36 0.490000 
-0.950000  -1.820000  37 0.490000 
-0.895000  -1.660000  38 0.490000 
-0.930000  -1.810000  39 0.490000 
-0.935000  -1.780000  40 0.490000 
-0.835000  -1.630000  41 0.490000 
-0.905000  -1.740000  42 0.490000 
-0.885000  -1.700000  43 0.490000 
-0.905000  -1.690000  44 0.490000 
-0.875000  -1.660000  45 0.490000 
-0.875000  -1.680000  46 0.490000 
-0.870000  -1.650000  47 0.490000 
-0.950000  -1.840000  48 0.490000 
-0.945000  -1.810000  49 0.490000 
-0.870000  -1.690000  50 0.490000 
-0.865000  -1.640000  51 0.490000 
-0.925000  -1.780000  52 0.490000 
-0.915000  -1.700000  53 0.490000 
-0.860000  -1.690000  54 0.490000 
-0.955000  -1.820000  55 0.490000 
-0.920000  -1.740000  56 0.490000 
-0.790000  -1.580000  57 0.490000 
-0.915000  -1.720000  58 0.490000 
-0.910000  -1.780000  59 0.490000 
-0.915000  -1.700000  60 0.490000 
-0.940000  -1.770000  61 0.490000 
-0.825000  -1.600000  62 0.490000 
-0.900000  -1.660000  63 0.490000 
-0.910000  -1.700000  64 0.490000 
-0.925000  -1.750000  65 0.490000 
-0.905000  -1.680000  66 0.490000 
-0.960000  -1.880000  67 0.490000 
-0.915000  -1.800000  68 0.490000 
-0.930000  -1.780000  69 0.490000 
-0.875000  -1.640000  70 0.490000 
-0.930000  -1.750000  71 0.490000 
-0.920000  -1.740000  72 0.490000 
-0.920000  -1.720000  73 0.490000 
-0.965000  -1.870000  74 0.490000 
-0.965000  -1.860000  75 0.490000 
-0.855000  -1.710000  76 0.490000 
-0.935000  -1.770000  77 0.490000 
-0.900000  -1.700000  78 0.490000 
-0.830000  -1.560000  79 0.490000 
-0.800000  -1.530000  80 0.490000 
-0.865000  -1.620000  81 0.490000 
-0.895000  -1.750000  82 0.490000 
-0.965000  -1.900000  83 0.490000 
-0.870000  -1.600000  84 0.490000 
-0.960000  -1.860000  85 0.490000 
-0.920000  -1.730000  86 0.490000 
-0.930000  -1.760000  87 0.490000 
-0.885000  -1.660000  88 0.490000 
-0.845000  -1.690000  89 0.490000 
-0.865000  -1.660000  90 0.490000 
-0.920000  -1.810000  91 0.490000 
-0.950000  -1.840000  92 0.490000 
-0.900000  -1.730000  93 0.490000 
-0.970000  -1.890000  94 0.490000 
-0.890000  -1.660000  95 0.490000 
-0.845000  -1.630000  96 0.490000 
-0.865000  -1.630000  97 0.490000 
-0.855000  -1.590000  98 0.490000 
-0.950000  -1.840000  99 0.490000 
-0.850000  -1.620000  100 0.490000 
-0.945000  -1.800000  101 0.490000 
-0.895000  -1.670000  102 0.490000 
-0.880000  -1.700000  103 0.490000 
-0.935000  -1.800000  104 0.490000 
-0.910000  -1.700000  105 0.490000 
-0.850000  -1.620000  106 0.490000 
-0.930000  -1.760000  107 0.490000 
-0.850000  -1.600000  108 0.490000 
-0.885000  -1.640000  109 0.490000 
-0.925000  -1.730000  110 0.490000 
-0.860000  -1.700000  111 0.490000 
-0.905000  -1.690000  112 0.490000 
-0.900000  -1.760000  113 0.490000 
-0.915000  -1.710000  114 0.490000 
-0.920000  -1.750000  115 0.490000 
-0.880000  -1.650000  116 0.490000 
-0.950000  -1.830000  117 0.490000 
-0.935000  -1.800000  118 0.490000 
-0.870000  -1.710000  119 0.490000 
-0.935000  -1.790000  120 0.490000 
-0.920000  -1.770000  121 0.490000 
-0.915000  -1.730000  122 0.490000 
-0.960000  -1.850000  123 0.490000 
-0.845000  -1.540000  124 0.490000 
-0.940000  -1.780000  125 0.490000 
-0.855000  -1.630000  126 0.490000 
-0.805000  -1.550000  127 0.490000 
-0.920000  -1.770000  128 0.490000 
-0.860000  -1.740000  129 0.490000 
-0.960000  -1.870000  130 0.490000 
-0.910000  -1.700000  131 0.490000 
-0.890000  -1.710000  132 0.490000 
-0.940000  -1.840000  133 0.490000 
-0.920000  -1.740000  134 0.490000 
-0.890000  -1.660000  135 0.490000 
-0.830000  -1.550000  136 0.490000 
-0.925000  -1.800000  137 0.490000 
-0.950000  -1.820000  138 0.490000 
-0.920000  -1.700000  139 0.490000 
-0.875000  -1.730000  140 0.490000 
-0.865000  -1.620000  141 0.490000 
-0.850000  -1.680000  142 0.490000 
-0.900000  -1.650000  143 0.490000 
-0.810000  -1.600000  144 0.490000 
-0.880000  -1.720000  145 0.490000 
-0.940000  -1.820000  146 0.490000 
-0.945000  -1.820000  147 0.490000 
-0.790000  -1.510000  148 0.490000 
-0.675000  -1.500000  149 0.490000 
-0.925000  -1.750000  150 0.490000 
-0.940000  -1.780000  151 0.490000 
-0.930000  -1.750000  152 0.490000 
-0.955000  -1.840000  153 0.490000 
-0.865000  -1.670000  154 0.490000 
-0.905000  -1.680000  155 0.490000 
-0.960000  -1.860000  156 0.490000 
-0.910000  -1.780000  157 0.490000 
-0.900000  -1.680000  158 0.490000 
-0.845000  -1.550000  159 0.490000 
-0.870000  -1.680000  160 0.490000 
-0.870000  -1.630000  161 0.490000 
-0.970000  -1.890000  162 0.490000 
-0.925000  -1.750000  163 0.490000 
-0.920000  -1.720000  164 0.490000 
-0.960000  -1.840000  165 0.490000 
-0.985000  -1.940000  166 0.490000 
-0.895000  -1.730000  167 0.490000 
-0.870000  -1.690000  168 0.490000 
-0.925000  -1.790000  169 0.490000 
-0.890000  -1.630000  170 0.490000 
-0.920000  -1.740000  171 0.490000 
-0.895000  -1.660000  172 0.490000 
-0.960000  -1.860000  173 0.490000 
-0.910000  -1.750000  174 0.490000 
-0.905000  -1.720000  175 0.490000 
-0.820000  -1.720000  176 0.490000 
-0.910000  -1.730000  177 0.490000 
-0.825000  -1.560000  178 0.490000 
-0.935000  -1.770000  179 0.490000 
-0.850000  -1.620000  180 0.490000 
-0.900000  -1.690000  181 0.490000 
-0.925000  -1.750000  182 0.490000 
-0.935000  -1.780000  183 0.490000 
-0.810000  -1.600000  184 0.490000 
-0.935000  -1.800000  185 0.490000 
-0.900000  -1.750000  186 0.490000 
-0.910000  -1.710000  187 0.490000 
-0.945000  -1.800000  188 0.490000 
-0.905000  -1.720000  189 0.490000 
-0.920000  -1.700000  190 0.490000 
-0.900000  -1.680000  191 0.490000 
-0.840000  -1.630000  192 0.490000 
-0.920000  -1.770000  193 0.490000 
-0.885000  -1.660000  194 0.490000 
-0.920000  -1.720000  195 0.490000 
-0.910000  -1.720000  196 0.490000 
-0.930000  -1.770000  197 0.490000 
-0.920000  -1.800000  198 0.490000 
-0.920000  -1.730000  199 0.490000 
-0.940000  -1.800000  200 0.490000 
-0.805000  -1.630000  201 0.490000 
-0.845000  -1.570000  202 0.490000 
-0.915000  -1.720000  203 0.490000 
-0.835000  -1.540000  204 0.490000 
-0.940000  -1.810000  205 0.490000 
-0.935000  -1.780000  206 0.490000 
-0.785000  -1.670000  207 0.490000 
-0.895000  -1.700000  208 0.490000 
-0.950000  -1.820000  209 0.490000 
-0.930000  -1.760000  210 0.490000 
-0.950000  -1.810000  211 0.490000 
-0.825000  -1.660000  212 0.490000 
-0.890000  -1.690000  213 0.490000 
-0.890000  -1.660000  214 0.490000 
-0.900000  -1.700000  215 0.490000 
-0.850000  -1.620000  216 0.490000 
-0.960000  -1.850000  217 0.490000 
-0.900000  -1.690000  218 0.490000 
-0.920000  -1.780000  219 0.490000 
-0.920000  -1.760000  220 0.490000 
-0.935000  -1.800000  221 0.490000 
-0.915000  -1.760000  222 0.490000 
-0.830000  -1.590000  223 0.490000 
-0.860000  -1.630000  224 0.490000 
-0.940000  -1.790000  225 0.490000 
-0.925000  -1.770000  226 0.490000 
-0.945000  -1.840000  227 0.490000 
-0.900000  -1.690000  228 0.490000 
-0.885000  -1.740000  229 0.490000 
-0.900000  -1.710000  230 0.490000 
-0.900000  -1.720000  231 0.490000 
-0.935000  -1.780000  232 0.490000 
-0.925000  -1.750000  233 0.490000 
-0.920000  -1.770000  234 0.490000 
-0.875000  -1.640000  235 0.490000 
-0.930000  -1.810000  236 0.490000 
-0.970000  -1.880000  237 0.490000 
-0.905000  -1.700000  238 0.490000 
-0.965000  -1.860000  239 0.490000 
-0.880000  -1.700000  240 0.490000 
-0.845000  -1.620000  241 0.490000 
-0.865000  -1.590000  242 0.490000 
-0.900000  -1.710000  243 0.490000 
-0.915000  -1.700000  244 0.490000 
-0.815000  -1.500000  245 0.490000 
-0.935000  -1.790000  246 0.490000 
-0.890000  -1.670000  247 0.490000 
-0.905000  -1.720000  248 0.490000 
-0.945000  -1.830000  249 0.490000 
-0.875000  -1.610000  250 0.490000 
-0.945000  -1.790000  251 0.490000 
-0.955000  -1.830000  252 0.490000 
-0.895000  -1.730000  253 0.490000 
-0.905000  -1.710000  254 0.490000 
-0.855000  -1.630000  255 0.490000 
-0.950000  -1.860000  256 0.490000 
-0.835000  -1.570000  257 0.490000 
-0.910000  -1.700000  258 0.490000 
-0.960000  -1.850000  259 0.490000 
-0.865000  -1.680000  260 0.490000 
-0.910000  -1.720000  261 0.490000 
-0.850000  -1.710000  262 0.490000 
-0.930000  -1.820000  263 0.490000 
-0.890000  -1.680000  264 0.490000 
-0.935000  -1.760000  265 0.490000 
-0.915000  -1.750000  266 0.490000 
-0.940000  -1.790000  267 0.490000 
-0.940000  -1.770000  268 0.490000 
-0.900000  -1.690000  269 0.490000 
-0.900000  -1.690000  270 0.490000 
-0.905000  -1.730000  271 0.490000 
-0.950000  -1.830000  272 0.490000 
-0.875000  -1.620000  273 0.490000 
-0.855000  -1.630000  274 0.490000 
-0.940000  -1.790000  275 0.490000 
-0.840000  -1.600000  276 0.490000 
-0.785000  -1.560000  277 0.490000 
-0.910000  -1.700000  278 0.490000 
-0.825000  -1.610000  279 0.490000 
-0.925000  -1.750000  280 0.490000 
-0.920000  -1.760000  281 0.490000 
-0.865000  -1.670000  282 0.490000 
-0.770000  -1.450000  283 0.490000 
-0.945000  -1.810000  284 0.490000 
-0.770000  -1.550000  285 0.490000 
-0.915000  -1.750000  286 0.490000 
-0.890000  -1.650000  287 0.490000 
-0.875000  -1.660000  288 0.490000 
-0.890000  -1.690000  289 0.490000 
-0.945000  -1.820000  290 0.490000 
-0.920000  -1.860000  291 0.490000 
-0.920000  -1.760000  292 0.490000 
-0.900000  -1.740000  293 0.490000 
-0.920000  -1.750000  294 0.490000 
-0.815000  -1.590000  295 0.490000 
-0.920000  -1.710000  296 0.490000 
-0.895000  -1.700000  297 0.490000 
-0.860000  -1.610000  298 0.490000 
-0.915000  -1.750000  299 0.490000 
-0.955000  -1.860000  300 0.490000 
-0.915000  -1.780000  301 0.490000 
-0.935000  -1.820000  302 0.490000 
-0.935000  -1.810000  303 0.490000 
-0.925000  -1.770000  304 0.490000 
-0.865000  -1.690000  305 0.490000 
-0.880000  -1.660000  306 0.490000 
-0.960000  -1.850000  307 0.490000 
-0.945000  -1.840000  308 0.490000 
-0.845000  -1.670000  309 0.490000 
-0.915000  -1.740000  310 0.490000 
-0.780000  -1.640000  311 0.490000 
-0.895000  -1.680000  312 0.490000 
-0.695000  -1.420000  313 0.490000 
-0.790000  -1.650000  314 0.490000 
-0.905000  -1.670000  315 0.490000 
-0.945000  -1.790000  316 0.490000 
-0.905000  -1.790000  317 0.490000 
-0.915000  -1.750000  318 0.490000 
-0.955000  -1.820000  319 0.490000 
-0.880000  -1.650000  320 0.490000 
-0.855000  -1.620000  321 0.490000 
-0.860000  -1.580000  322 0.490000 
-0.910000  -1.770000  323 0.490000 
-0.875000  -1.800000  324 0.490000 
-0.945000  -1.850000  325 0.490000 
-0.855000  -1.550000  326 0.490000 
-0.955000  -1.840000  327 0.490000 
-0.920000  -1.750000  328 0.490000 
-0.905000  -1.730000  329 0.490000 
-0.915000  -1.720000  330 0.490000 
-0.800000  -1.610000  331 0.490000 
-0.815000  -1.550000  332 0.490000 
-0.835000  -1.540000  333 0.490000 
-0.920000  -1.760000  334 0.490000 
-0.895000  -1.720000  335 0.490000 
-0.890000  -1.670000  336 0.490000 
-0.955000  -1.850000  337 0.490000 
-0.650000  -1.620000  338 0.490000 
-0.850000  -1.610000  339 0.490000 
-0.935000  -1.810000  340 0.490000 
-0.960000  -1.860000  341 0.490000 
-0.955000  -1.840000  342 0.490000 
-0.940000  -1.810000  343 0.490000 
-0.955000  -1.830000  344 0.490000 
-0.915000  -1.740000  345 0.490000 
-0.910000  -1.760000  346 0.490000 
-0.905000  -1.680000  347 0.490000 
-0.925000  -1.770000  348 0.490000 
-0.890000  -1.690000  349 0.490000 
-0.835000  -1.610000  350 0.490000 
-0.890000  -1.700000  351 0.490000 
-0.950000  -1.840000  352 0.490000 
-0.910000  -1.660000  353 0.490000 
-0.935000  -1.790000  354 0.490000 
-0.925000  -1.770000  355 0.490000 
-0.890000  -1.670000  356 0.490000 
-0.750000  -1.560000  357 0.490000 
-0.915000  -1.710000  358 0.490000 
-0.965000  -1.870000  359 0.490000 
-0.965000  -1.880000  360 0.490000 
-0.805000  -1.630000  361 0.490000 
-0.910000  -1.740000  362 0.490000 
-0.890000  -1.690000  363 0.490000 
-0.910000  -1.740000  364 0.490000 
-0.935000  -1.850000  365 0.490000 
-0.865000  -1.620000  366 0.490000 
-0.910000  -1.700000  367 0.490000 
-0.890000  -1.680000  368 0.490000 
-0.780000  -1.560000  369 0.490000 
-0.915000  -1.750000  370 0.490000 
-0.885000  -1.680000  371 0.490000 
-0.920000  -1.770000  372 0.490000 
-0.930000  -1.760000  373 0.490000 
-0.905000  -1.670000  374 0.490000 
-0.955000  -1.860000  375 0.490000 
-0.925000  -1.750000  376 0.490000 
-0.925000  -1.750000  377 0.490000 
-0.895000  -1.640000  378 0.490000 
-0.835000  -1.570000  379 0.490000 
-0.900000  -1.700000  380 0.490000 
-0.925000  -1.770000  381 0.490000 
-0.970000  -1.880000  382 0.490000 
-0.945000  -1.810000  383 0.490000 
-0.800000  -1.680000  384 0.490000 
-0.950000  -1.830000  385 0.490000 
-0.945000  -1.810000  386 0.490000 
-0.845000  -1.650000  387 0.490000 
-0.905000  -1.700000  388 0.490000 
-0.845000  -1.590000  389 0.490000 
-0.880000  -1.640000  390 0.490000 
-0.925000  -1.760000  391 0.490000 
-0.850000  -1.670000  392 0.490000 
-0.940000  -1.790000  393 0.490000 
-0.935000  -1.780000  394 0.490000 
-0.870000  -1.590000  395 0.490000 
-0.830000  -1.580000  396 0.490000 
-0.925000  -1.790000  397 0.490000 
-0.955000  -1.860000  398 0.490000 
-0.920000  -1.740000  399 0.490000 
-0.905000  -1.720000  400 0.490000 
-0.910000  -1.750000  401 0.490000 
-0.900000  -1.680000  402 0.490000 
-0.805000  -1.540000  403 0.490000 
-0.935000  -1.770000  404 0.490000 
-0.950000  -1.800000  405 0.490000 
-0.945000  -1.810000  406 0.490000 
-0.835000  -1.630000  407 0.490000 
-0.705000  -1.490000  408 0.490000 
-0.910000  -1.680000  409 0.490000 
-0.930000  -1.810000  410 0.490000 
-0.840000  -1.690000  411 0.490000 
-0.885000  -1.660000  412 0.490000 
-0.905000  -1.700000  413 0.490000 
-0.945000  -1.790000  414 0.490000 
-0.940000  -1.820000  415 0.490000 
-0.860000  -1.550000  416 0.490000 
-0.965000  -1.870000  417 0.490000 
-0.900000  -1.670000  418 0.490000 
-0.875000  -1.710000  419 0.490000 
-0.790000  -1.640000  420 0.490000 
-0.930000  -1.800000  421 0.490000 
-0.930000  -1.760000  422 0.490000 
-0.920000  -1.770000  423 0.490000 
-0.960000  -1.870000  424 0.490000 
-0.935000  -1.800000  425 0.490000 
-0.785000  -1.540000  426 0.490000 
-0.935000  -1.790000  427 0.490000 
-0.925000  -1.720000  428 0.490000 
-0.820000  -1.590000  429 0.490000 
-0.840000  -1.620000  430 0.490000 
-0.780000  -1.500000  431 0.490000 
-0.895000  -1.730000  432 0.490000 
-0.900000  -1.710000  433 0.490000 
-0.960000  -1.870000  434 0.490000 
-0.960000  -1.850000  435 0.490000 
-0.885000  -1.620000  436 0.490000 
-0.920000  -1.740000  437 0.490000 
-0.820000  -1.550000  438 0.490000 
-0.930000  -1.780000  439 0.490000 
-0.890000  -1.640000  440 0.490000 
-0.920000  -1.810000  441 0.490000 
-0.870000  -1.740000  442 0.490000 
-0.955000  -1.840000  443 0.490000 
-0.890000  -1.740000  444 0.490000 
-0.915000  -1.730000  445 0.490000 
-0.935000  -1.780000  446 0.490000 
-0.920000  -1.770000  447 0.490000 
-0.905000  -1.700000  448 0.490000 
-0.930000  -1.800000  449 0.490000 
-0.900000  -1.660000  450 0.490000 
-0.930000  -1.790000  451 0.490000 
-0.895000  -1.720000  452 0.490000 
-0.870000  -1.630000  453 0.490000 
-0.840000  -1.520000  454 0.490000 
-0.850000  -1.580000  455 0.490000 
-0.900000  -1.770000  456 0.490000 
-0.800000  -1.600000  457 0.490000 
-0.805000  -1.440000  458 0.490000 
-0.740000  -1.530000  459 0.490000 
-0.850000  -1.600000  460 0.490000 
-0.880000  -1.750000  461 0.490000 
-0.850000  -1.630000  462 0.490000 
-0.635000  -1.680000  463 0.490000 
-0.900000  -1.680000  464 0.490000 
-0.920000  -1.740000  465 0.490000 
-0.830000  -1.670000  466 0.490000 
-0.940000  -1.770000  467 0.490000 
-0.820000  -1.640000  468 0.490000 
-0.805000  -1.660000  469 0.490000 
-0.880000  -1.680000  470 0.490000 
-0.940000  -1.780000  471 0.490000 
-0.865000  -1.650000  472 0.490000 
-0.875000  -1.620000  473 0.490000 
-0.960000  -1.870000  474 0.490000 
-0.890000  -1.670000  475 0.490000 
-0.930000  -1.770000  476 0.490000 
-0.900000  -1.700000  477 0.490000 
-0.780000  -1.560000  478 0.490000 
-0.915000  -1.750000  479 0.490000 
-0.920000  -1.740000  480 0.490000 
-0.885000  -1.670000  481 0.490000 
-0.970000  -1.900000  482 0.490000 
-0.910000  -1.710000  483 0.490000 
-0.945000  -1.810000  484 0.490000 
-0.960000  -1.840000  485 0.490000 
-0.905000  -1.780000  486 0.490000 
-0.960000  -1.860000  487 0.490000 
-0.910000  -1.710000  488 0.490000 
-0.905000  -1.740000  489 0.490000 
-0.960000  -1.860000  490 0.490000 
-0.905000  -1.680000  491 0.490000 
-0.930000  -1.760000  492 0.490000 
-0.850000  -1.600000  493 0.490000 
-0.950000  -1.810000  494 0.490000 
-0.930000  -1.750000  495 0.490000 
-0.870000  -1.670000  496 0.490000 
-0.920000  -1.750000  497 0.490000 
-0.790000  -1.570000  498 0.490000 
-0.895000  -1.710000  499 0.490000 
-0.905000  -1.730000  500 0.490000 
-0.940000  -1.790000  501 0.490000 
-0.880000  -1.680000  502 0.490000 
-0.940000  -1.790000  503 0.490000 
-0.890000  -1.710000  504 0.490000 
-0.940000  -1.780000  505 0.490000 
-0.945000  -1.830000  506 0.490000 
-0.935000  -1.810000  507 0.490000 
-0.910000  -1.710000  508 0.490000 
-0.915000  -1.700000  509 0.490000 
-0.895000  -1.720000  510 0.490000 
-0.865000  -1.740000  511 0.490000 
-0.920000  -1.760000  512 0.490000 
-0.865000  -1.650000  513 0.490000 
-0.925000  -1.750000  514 0.490000 
-0.940000  -1.790000  515 0.490000 
-0.945000  -1.790000  516 0.490000 
-0.885000  -1.700000  517 0.490000 
-0.910000  -1.690000  518 0.490000 
-0.950000  -1.830000  519 0.490000 
-0.800000  -1.630000  520 0.490000 
-0.940000  -1.790000  521 0.490000 
-0.925000  -1.750000  522 0.490000 
-0.910000  -1.770000  523 0.490000 
-0.860000  -1.610000  524 0.490000 
-0.950000  -1.810000  525 0.490000 
-0.950000  -1.800000  526 0.490000 
-0.900000  -1.770000  527 0.490000 
-0.975000  -1.900000  528 0.490000 
-0.950000  -1.820000  529 0.490000 
-0.905000  -1.670000  530 0.490000 
-0.915000  -1.740000  531 0.490000 
-0.840000  -1.550000  532 0.490000 
-0.845000  -1.610000  533 0.490000 
-0.940000  -1.810000  534 0.490000 
-0.870000  -1.660000  535 0.490000 
-0.940000  -1.800000  536 0.490000 
-0.960000  -1.880000  537 0.490000 
-0.925000  -1.730000  538 0.490000 
-0.930000  -1.750000  539 0.490000 
-0.900000  -1.730000  540 0.490000 
-0.930000  -1.760000  541 0.490000 
-0.945000  -1.810000  542 0.490000 
-0.925000  -1.750000  543 0.490000 
-0.900000  -1.730000  544 0.490000 
-0.955000  -1.850000  545 0.490000 
-0.870000  -1.650000  546 0.490000 
-0.845000  -1.570000  547 0.490000 
-0.845000  -1.620000  548 0.490000 
-0.915000  -1.740000  549 0.490000 
-0.960000  -1.860000  550 0.490000 
-0.825000  -1.580000  551 0.490000 
-0.735000  -1.580000  552 0.490000 
-0.895000  -1.720000  553 0.490000 
-0.915000  -1.720000  554 0.490000 
-0.890000  -1.670000  555 0.490000 
-0.935000  -1.790000  556 0.490000 
-0.915000  -1.690000  557 0.490000 
-0.800000  -1.720000  558 0.490000 
-0.940000  -1.790000  559 0.490000 
-0.860000  -1.690000  560 0.490000 
-0.930000  -1.780000  561 0.490000 
-0.880000  -1.720000  562 0.490000 
-0.770000  -1.570000  563 0.490000 
-0.960000  -1.850000  564 0.490000 
-0.945000  -1.840000  565 0.490000 
-0.935000  -1.760000  566 0.490000 
-0.870000  -1.680000  567 0.490000 
-0.850000  -1.620000  568 0.490000 
-0.970000  -1.880000  569 0.490000 
-0.785000  -1.480000  570 0.490000 
-0.915000  -1.680000  571 0.490000 
-0.980000  -1.940000  572 0.490000 
-0.895000  -1.690000  573 0.490000 
-0.950000  -1.830000  574 0.490000 
-0.920000  -1.730000  575 0.490000 
-0.900000  -1.710000  576 0.490000 
-0.935000  -1.790000  577 0.490000 
-0.870000  -1.660000  578 0.490000 
-0.895000  -1.680000  579 0.490000 
-0.880000  -1.630000  580 0.490000 
-0.945000  -1.810000  581 0.490000 
-0.860000  -1.660000  582 0.490000 
-0.870000  -1.610000  583 0.490000 
-0.910000  -1.740000  584 0.490000 
-0.905000  -1.680000  585 0.490000 
-0.910000  -1.710000  586 0.490000 
-0.915000  -1.730000  587 0.490000 
-0.855000  -1.660000  588 0.490000 
-0.895000  -1.690000  589 0.490000 
-0.870000  -1.670000  590 0.490000 
-0.945000  -1.810000  591 0.490000 
-0.935000  -1.780000  592 0.490000 
-0.970000  -1.890000  593 0.490000 
-0.880000  -1.720000  594 0.490000 
-0.945000  -1.810000  595 0.490000 
-0.925000  -1.760000  596 0.490000 
-0.850000  -1.600000  597 0.490000 
-0.940000  -1.800000  598 0.490000 
-0.945000  -1.830000  599 0.490000 
-0.865000  -1.660000  600 0.490000 
-0.880000  -1.660000  601 0.490000 
-0.970000  -1.890000  602 0.490000 
-0.845000  -1.630000  603 0.490000 
-0.890000  -1.720000  604 0.490000 
-0.860000  -1.690000  605 0.490000 
-0.960000  -1.870000  606 0.490000 
-0.930000  -1.780000  607 0.490000 
-0.850000  -1.720000  608 0.490000 
-0.910000  -1.670000  609 0.490000 
-0.900000  -1.680000  610 0.490000 
-0.915000  -1.720000  611 0.490000 
-0.895000  -1.680000  612 0.490000 
-0.840000  -1.590000  613 0.490000 
-0.925000  -1.770000  614 0.490000 
-0.935000  -1.810000  615 0.490000 
-0.925000  -1.750000  616 0.490000 
-0.885000  -1.670000  617 0.490000 
-0.875000  -1.640000  618 0.490000 
-0.910000  -1.700000  619 0.490000 
-0.945000  -1.800000  620 0.490000 
-0.880000  -1.670000  621 0.490000 
-0.955000  -1.840000  622 0.490000 
-0.950000  -1.850000  623 0.490000 
-0.905000  -1.720000  624 0.490000 
-0.880000  -1.610000  625 0.490000 
-0.845000  -1.560000  626 0.490000 
-0.865000  -1.670000  627 0.490000 
-0.940000  -1.820000  628 0.490000 
-0.890000  -1.670000  629 0.490000 
-0.910000  -1.720000  630 0.490000 
-0.920000  -1.780000  631 0.490000 
-0.850000  -1.740000  632 0.490000 
-0.965000  -1.860000  633 0.490000 
-0.925000  -1.740000  634 0.490000 
-0.925000  -1.730000  635 0.490000 
-0.880000  -1.730000  636 0.490000 
-0.930000  -1.790000  637 0.490000 
-0.905000  -1.700000  638 0.490000 
-0.980000  -1.930000  639 0.490000 
-0.955000  -1.840000  640 0.490000 
-0.915000  -1.720000  641 0.490000 
-0.895000  -1.740000  642 0.490000 
-0.760000  -1.530000  643 0.490000 
-0.925000  -1.780000  644 0.490000 
-0.860000  -1.670000  645 0.490000 
-0.890000  -1.660000  646 0.490000 
-0.795000  -1.630000  647 0.490000 
-0.795000  -1.700000  648 0.490000 
-0.895000  -1.720000  649 0.490000 
-0.835000  -1.580000  650 0.490000 
-0.840000  -1.550000  651 0.490000 
-0.935000  -1.770000  652 0.490000 
-0.895000  -1.670000  653 0.490000 
-0.905000  -1.740000  654 0.490000 
-0.940000  -1.810000  655 0.490000 
-0.895000  -1.690000  656 0.490000 
-0.955000  -1.840000  657 0.490000 
-0.935000  -1.760000  658 0.490000 
-0.915000  -1.750000  659 0.490000 
-0.885000  -1.670000  660 0.490000 
-0.945000  -1.780000  661 0.490000 
-0.915000  -1.730000  662 0.490000 
-0.860000  -1.640000  663 0.490000 
-0.895000  -1.740000  664 0.490000 
-0.885000  -1.690000  665 0.490000 
-0.950000  -1.850000  666 0.490000 
-0.920000  -1.770000  667 0.490000 
-0.840000  -1.560000  668 0.490000 
-0.920000  -1.800000  669 0.490000 
-0.950000  -1.860000  670 0.490000 
-0.940000  -1.790000  671 0.490000 
-0.700000  -1.450000  672 0.490000 
-0.880000  -1.680000  673 0.490000 
-0.890000  -1.730000  674 0.490000 
-0.880000  -1.630000  675 0.490000 
-0.885000  -1.630000  676 0.490000 
-0.975000  -1.900000  677 0.490000 
-0.900000  -1.710000  678 0.490000 
-0.875000  -1.670000  679 0.490000 
-0.925000  -1.720000  680 0.490000 
-0.935000  -1.790000  681 0.490000 
-0.815000  -1.610000  682 0.490000 
-0.960000  -1.840000  683 0.490000 
-0.915000  -1.730000  684 0.490000 
-0.875000  -1.620000  685 0.490000 
-0.840000  -1.610000  686 0.490000 
-0.865000  -1.640000  687 0.490000 
-0.900000  -1.690000  688 0.490000 
-0.920000  -1.770000  689 0.490000 
-0.750000  -1.640000  690 0.490000 
-0.900000  -1.750000  691 0.490000 
-0.905000  -1.770000  692 0.490000 
-0.960000  -1.840000  693 0.490000 
-0.870000  -1.700000  694 0.490000 
-0.920000  -1.800000  695 0.490000 
-0.890000  -1.660000  696 0.490000 
-0.900000  -1.750000  697 0.490000 
-0.805000  -1.540000  698 0.490000 
-0.870000  -1.710000  699 0.490000 
-0.900000  -1.660000  700 0.490000 
-0.925000  -1.780000  701 0.490000 
-0.860000  -1.660000  702 0.490000 
-0.945000  -1.820000  703 0.490000 
-0.955000  -1.830000  704 0.490000 
-0.915000  -1.780000  705 0.490000 
-0.835000  -1.600000  706 0.490000 
-0.850000  -1.610000  707 0.490000 
-0.950000  -1.840000  708 0.490000 
-0.940000  -1.770000  709 0.490000 
-0.940000  -1.790000  710 0.490000 
-0.910000  -1.700000  711 0.490000 
-0.925000  -1.760000  712 0.490000 
-0.950000  -1.810000  713 0.490000 
-0.885000  -1.720000  714 0.490000 
-0.930000  -1.730000  715 0.490000 
-0.915000  -1.760000  716 0.490000 
-0.915000  -1.710000  717 0.490000 
-0.900000  -1.680000  718 0.490000 
-0.940000  -1.810000  719 0.490000 
-0.890000  -1.720000  720 0.490000 
-0.925000  -1.710000  721 0.490000 
-0.845000  -1.580000  722 0.490000 
-0.795000  -1.560000  723 0.490000 
-0.880000  -1.670000  724 0.490000 
-0.940000  -1.790000  725 0.490000 
-0.665000  -1.480000  726 0.490000 
-0.935000  -1.800000  727 0.490000 
-0.915000  -1.690000  728 0.490000 
-0.905000  -1.770000  729 0.490000 
-0.955000  -1.850000  730 0.490000 
-0.920000  -1.730000  731 0.490000 
-0.865000  -1.650000  732 0.490000 
-0.850000  -1.650000  733 0.490000 
-0.920000  -1.760000  734 0.490000 
-0.870000  -1.620000  735 0.490000 
-0.895000  -1.670000  736 0.490000 
-0.960000  -1.840000  737 0.490000 
-0.840000  -1.610000  738 0.490000 
-0.930000  -1.750000  739 0.490000 
-0.940000  -1.820000  740 0.490000 
-0.620000  -1.570000  741 0.490000 
-0.845000  -1.640000  742 0.490000 
-0.930000  -1.750000  743 0.490000 
-0.950000  -1.810000  744 0.490000 
-0.870000  -1.650000  745 0.490000 
-0.875000  -1.690000  746 0.490000 
-0.975000  -1.900000  747 0.490000 
-0.910000  -1.740000  748 0.490000 
-0.875000  -1.620000  749 0.490000 
-0.695000  -1.500000  750 0.490000 
-0.930000  -1.770000  751 0.490000 
-0.900000  -1.710000  752 0.490000 
-0.905000  -1.740000  753 0.490000 
-0.935000  -1.780000  754 0.490000 
-0.895000  -1.690000  755 0.490000 
-0.840000  -1.640000  756 0.490000 
-0.930000  -1.770000  757 0.490000 
-0.920000  -1.730000  758 0.490000 
-0.715000  -1.510000  759 0.490000 
-0.865000  -1.610000  760 0.490000 
-0.935000  -1.800000  761 0.490000 
-0.935000  -1.760000  762 0.490000 
-0.935000  -1.780000  763 0.490000 
-0.945000  -1.800000  764 0.490000 
-0.820000  -1.560000  765 0.490000 
-0.880000  -1.710000  766 0.490000 
-0.895000  -1.680000  767 0.490000 
-0.950000  -1.830000  768 0.490000 
-0.875000  -1.670000  769 0.490000 
-0.915000  -1.690000  770 0.490000 
-0.875000  -1.630000  771 0.490000 
-0.870000  -1.640000  772 0.490000 
-0.880000  -1.700000  773 0.490000 
-0.925000  -1.760000  774 0.490000 
-0.930000  -1.760000  775 0.490000 
-0.870000  -1.640000  776 0.490000 
-0.910000  -1.700000  777 0.490000 
-0.960000  -1.840000  778 0.490000 
-0.985000  -1.940000  779 0.490000 
-0.940000  -1.820000  780 0.490000 
-0.875000  -1.640000  781 0.490000 
-0.925000  -1.780000  782 0.490000 
-0.900000  -1.770000  783 0.490000 
-0.935000  -1.780000  784 0.490000 
-0.870000  -1.650000  785 0.490000 
-0.870000  -1.690000  786 0.490000 
-0.965000  -1.880000  787 0.490000 
-0.950000  -1.820000  788 0.490000 
-0.760000  -1.510000  789 0.490000 
-0.870000  -1.580000  790 0.490000 
-0.945000  -1.800000  791 0.490000 
-0.985000  -1.940000  792 0.490000 
-0.940000  -1.770000  793 0.490000 
-0.925000  -1.780000  794 0.490000 
-0.930000  -1.790000  795 0.490000 
-0.880000  -1.660000  796 0.490000 
-0.915000  -1.780000  797 0.490000 
-0.965000  -1.870000  798 0.490000 
-0.895000  -1.710000  799 0.490000 
-0.870000  -1.600000  800 0.490000 
-0.850000  -1.540000  801 0.490000 
-0.895000  -1.700000  802 0.490000 
-0.935000  -1.800000  803 0.490000 
-0.915000  -1.770000  804 0.490000 
-0.925000  -1.760000  805 0.490000 
-0.885000  -1.650000  806 0.490000 
-0.905000  -1.690000  807 0.490000 
-0.925000  -1.750000  808 0.490000 
-0.900000  -1.690000  809 0.490000 
-0.935000  -1.780000  810 0.490000 
-0.885000  -1.660000  811 0.490000 
-0.825000  -1.630000  812 0.490000 
-0.860000  -1.590000  813 0.490000 
-0.890000  -1.720000  814 0.490000 
-0.895000  -1.690000  815 0.490000 
-0.905000  -1.670000  816 0.490000 
-0.930000  -1.750000  817 0.490000 
-0.935000  -1.800000  818 0.490000 
-0.945000  -1.810000  819 0.490000 
-0.890000  -1.730000  820 0.490000 
-0.925000  -1.760000  821 0.490000 
-0.900000  -1.720000  822 0.490000 
-0.930000  -1.770000  823 0.490000 
-0.885000  -1.610000  824 0.490000 
-0.885000  -1.710000  825 0.490000 
-0.925000  -1.730000  826 0.490000 
-0.850000  -1.730000  827 0.490000 
-0.900000  -1.660000  828 0.490000 
-0.900000  -1.730000  829 0.490000 
-0.900000  -1.710000  830 0.490000 
-0.980000  -1.920000  831 0.490000 
-0.910000  -1.730000  832 0.490000 
-0.910000  -1.710000  833 0.490000 
-0.945000  -1.800000  834 0.490000 
-0.870000  -1.640000  835 0.490000 
-0.900000  -1.740000  836 0.490000 
-0.970000  -1.880000  837 0.490000 
-0.775000  -1.450000  838 0.490000 
-0.935000  -1.790000  839 0.490000 
-0.940000  -1.820000  840 0.490000 
-0.940000  -1.790000  841 0.490000 
-0.930000  -1.760000  842 0.490000 
-0.925000  -1.800000  843 0.490000 
-0.850000  -1.610000  844 0.490000 
-0.930000  -1.740000  845 0.490000 
-0.950000  -1.810000  846 0.490000 
-0.910000  -1.710000  847 0.490000 
-0.850000  -1.690000  848 0.490000 
-0.890000  -1.730000  849 0.490000 
-0.935000  -1.740000  850 0.490000 
-0.805000  -1.600000  851 0.490000 
-0.885000  -1.660000  852 0.490000 
-0.920000  -1.740000  853 0.490000 
-0.920000  -1.780000  854 0.490000 
-0.925000  -1.800000  855 0.490000 
-0.765000  -1.520000  856 0.490000 
-0.910000  -1.730000  857 0.490000 
-0.920000  -1.720000  858 0.490000 
-0.870000  -1.630000  859 0.490000 
-0.900000  -1.730000  860 0.490000 
-0.715000  -1.490000  861 0.490000 
-0.915000  -1.750000  862 0.490000 
-0.870000  -1.660000  863 0.490000 
-0.825000  -1.630000  864 0.490000 
-0.890000  -1.700000  865 0.490000 
-0.935000  -1.780000  866 0.490000 
-0.845000  -1.590000  867 0.490000 
-0.855000  -1.620000  868 0.490000 
-0.850000  -1.580000  869 0.490000 
-0.865000  -1.660000  870 0.490000 
-0.930000  -1.780000  871 0.490000 
-0.905000  -1.670000  872 0.490000 
-0.895000  -1.720000  873 0.490000 
-0.965000  -1.860000  874 0.490000 
-0.870000  -1.700000  875 0.490000 
-0.855000  -1.680000  876 0.490000 
-0.865000  -1.630000  877 0.490000 
-0.960000  -1.870000  878 0.490000 
-0.890000  -1.650000  879 0.490000 
-0.935000  -1.800000  880 0.490000 
-0.955000  -1.870000  881 0.490000 
-0.930000  -1.750000  882 0.490000 
-0.880000  -1.640000  883 0.490000 
-0.925000  -1.770000  884 0.490000 
-0.935000  -1.770000  885 0.490000 
-0.895000  -1.690000  886 0.490000 
-0.875000  -1.580000  887 0.490000 
-0.905000  -1.720000  888 0.490000 
-0.905000  -1.700000  889 0.490000 
-0.900000  -1.660000  890 0.490000 
-0.860000  -1.750000  891 0.490000 
-0.920000  -1.750000  892 0.490000 
-0.900000  -1.660000  893 0.490000 
-0.900000  -1.670000  894 0.490000 
-0.955000  -1.840000  895 0.490000 
-0.860000  -1.680000  896 0.490000 
-0.955000  -1.850000  897 0.490000 
-0.925000  -1.760000  898 0.490000 
-0.900000  -1.720000  899 0.490000 
-0.925000  -1.730000  900 0.490000 
-0.950000  -1.850000  901 0.490000 
-0.940000  -1.820000  902 0.490000 
-0.925000  -1.730000  903 0.490000 
-0.930000  -1.750000  904 0.490000 
-0.955000  -1.830000  905 0.490000 
-0.900000  -1.720000  906 0.490000 
-0.895000  -1.670000  907 0.490000 
-0.875000  -1.630000  908 0.490000 
-0.860000  -1.640000  909 0.490000 
-0.920000  -1.780000  910 0.490000 
-0.955000  -1.840000  911 0.490000 
-0.840000  -1.590000  912 0.490000 
-0.965000  -1.860000  913 0.490000 
-0.880000  -1.720000  914 0.490000 
-0.955000  -1.840000  915 0.490000 
-0.865000  -1.610000  916 0.490000 
-0.975000  -1.900000  917 0.490000 
-0.935000  -1.810000  918 0.490000 
-0.960000  -1.870000  919 0.490000 
-0.900000  -1.710000  920 0.490000 
-0.860000  -1.650000  921 0.490000 
-0.885000  -1.700000  922 0.490000 
-0.910000  -1.730000  923 0.490000 
-0.945000  -1.820000  924 0.490000 
-0.935000  -1.770000  925 0.490000 
-0.915000  -1.760000  926 0.490000 
-0.880000  -1.620000  927 0.490000 
-0.940000  -1.780000  928 0.490000 
-0.875000  -1.690000  929 0.490000 
-0.880000  -1.680000  930 0.490000 
-0.730000  -1.630000  931 0.490000 
-0.930000  -1.780000  932 0.490000 
-0.900000  -1.670000  933 0.490000 
-0.920000  -1.730000  934 0.490000 
-0.925000  -1.710000  935 0.490000 
-0.935000  -1.780000  936 0.490000 
-0.875000  -1.640000  937 0.490000 
-0.900000  -1.690000  938 0.490000 
-0.900000  -1.700000  939 0.490000 
-0.895000  -1.690000  940 0.490000 
-0.915000  -1.720000  941 0.490000 
-0.945000  -1.800000  942 0.490000 
-0.780000  -1.520000  943 0.490000 
-0.905000  -1.680000  944 0.490000 
-0.915000  -1.770000  945 0.490000 
-0.925000  -1.760000  946 0.490000 
-0.960000  -1.850000  947 0.490000 
-0.895000  -1.650000  948 0.490000 
-0.910000  -1.720000  949 0.490000 
-0.955000  -1.820000  950 0.490000 
-0.865000  -1.620000  951 0.490000 
-0.925000  -1.760000  952 0.490000 
-0.920000  -1.740000  953 0.490000 
-0.835000  -1.550000  954 0.490000 
-0.900000  -1.690000  955 0.490000 
-0.875000  -1.620000  956 0.490000 
-0.890000  -1.720000  957 0.490000 
-0.885000  -1.730000  958 0.490000 
-0.930000  -1.760000  959 0.490000 
-0.935000  -1.790000  960 0.490000 
-0.910000  -1.730000  961 0.490000 
-0.865000  -1.620000  962 0.490000 
-0.865000  -1.620000  963 0.490000 
-0.805000  -1.480000  964 0.490000 
-0.860000  -1.680000  965 0.490000 
-0.950000  -1.860000  966 0.490000 
-0.855000  -1.590000  967 0.490000 
-0.885000  -1.670000  968 0.490000 
-0.920000  -1.720000  969 0.490000 
-0.880000  -1.670000  970 0.490000 
-0.715000  -1.600000  971 0.490000 
-0.945000  -1.840000  972 0.490000 
-0.900000  -1.730000  973 0.490000 
-0.945000  -1.820000  974 0.490000 
-0.900000  -1.670000  975 0.490000 
-0.845000  -1.640000  976 0.490000 
-0.910000  -1.760000  977 0.490000 
-0.945000  -1.820000  978 0.490000 
-0.890000  -1.740000  979 0.490000 
-0.850000  -1.590000  980 0.490000 
-0.930000  -1.760000  981 0.490000 
-0.890000  -1.780000  982 0.490000 
-0.890000  -1.690000  983 0.490000 
-0.875000  -1.680000  984 0.490000 
-0.895000  -1.660000  985 0.490000 
-0.895000  -1.720000  986 0.490000 
-0.935000  -1.790000  987 0.490000 
-0.960000  -1.840000  988 0.490000 
-0.910000  -1.700000  989 0.490000 
-0.820000  -1.570000  990 0.490000 
-0.815000  -1.590000  991 0.490000 
-0.890000  -1.660000  992 0.490000 
-0.860000  -1.690000  993 0.490000 
-0.940000  -1.790000  994 0.490000 
-0.840000  -1.690000  995 0.490000 
-0.935000  -1.780000  996 0.490000 
-0.960000  -1.860000  997 0.490000 
-0.895000  -1.680000  998 0.490000 
-0.865000  -1.650000  999 0.490000 
