0.900000  -1.730000  0 0.510000 
0.950000  -1.820000  1 0.510000 
0.945000  -1.850000  2 0.510000 
0.905000  -1.740000  3 0.510000 
0.915000  -1.740000  4 0.510000 
0.965000  -1.880000  5 0.510000 
0.955000  -1.840000  6 0.510000 
0.925000  -1.810000  7 0.510000 
0.885000  -1.630000  8 0.510000 
0.950000  -1.810000  9 0.510000 
0.950000  -1.820000  10 0.510000 
0.915000  -1.710000  11 0.510000 
0.925000  -1.770000  12 0.510000 
0.945000  -1.830000  13 0.510000 
0.880000  -1.700000  14 0.510000 
0.850000  -1.680000  15 0.510000 
0.885000  -1.720000  16 0.510000 
0.915000  -1.770000  17 0.510000 
0.945000  -1.820000  18 0.510000 
0.915000  -1.740000  19 0.510000 
0.950000  -1.820000  20 0.510000 
0.970000  -1.880000  21 0.510000 
0.910000  -1.750000  22 0.510000 
0.935000  -1.790000  23 0.510000 
0.855000  -1.620000  24 0.510000 
0.955000  -1.830000  25 0.510000 
0.940000  -1.800000  26 0.510000 
0.925000  -1.760000  27 0.510000 
0.930000  -1.780000  28 0.510000 
0.945000  -1.810000  29 0.510000 
0.935000  -1.810000  30 0.510000 
0.935000  -1.760000  31 0.510000 
0.960000  -1.850000  32 0.510000 
0.900000  -1.720000  33 0.510000 
0.955000  -1.840000  34 0.510000 
0.925000  -1.750000  35 0.510000 
0.900000  -1.770000  36 0.510000 
0.935000  -1.780000  37 0.510000 
0.905000  -1.660000  38 0.510000 
0.895000  -1.670000  39 0.510000 
0.965000  -1.870000  40 0.510000 
0.920000  -1.790000  41 0.510000 
0.930000  -1.770000  42 0.510000 
0.940000  -1.820000  43 0.510000 
0.945000  -1.800000  44 0.510000 
0.950000  -1.850000  45 0.510000 
0.940000  -1.810000  46 0.510000 
0.875000  -1.700000  47 0.510000 
0.910000  -1.700000  48 0.510000 
0.890000  -1.680000  49 0.510000 
0.940000  -1.800000  50 0.510000 
0.935000  -1.780000  51 0.510000 
0.930000  -1.780000  52 0.510000 
0.955000  -1.860000  53 0.510000 
0.910000  -1.720000  54 0.510000 
0.975000  -1.920000  55 0.510000 
0.885000  -1.700000  56 0.510000 
0.975000  -1.910000  57 0.510000 
0.960000  -1.870000  58 0.510000 
0.910000  -1.740000  59 0.510000 
0.935000  -1.800000  60 0.510000 
0.950000  -1.860000  61 0.510000 
0.920000  -1.720000  62 0.510000 
0.945000  -1.810000  63 0.510000 
0.905000  -1.710000  64 0.510000 
0.880000  -1.710000  65 0.510000 
0.955000  -1.850000  66 0.510000 
0.880000  -1.630000  67 0.510000 
0.900000  -1.710000  68 0.510000 
0.975000  -1.910000  69 0.510000 
0.935000  -1.780000  70 0.510000 
0.900000  -1.740000  71 0.510000 
0.935000  -1.760000  72 0.510000 
0.955000  -1.830000  73 0.510000 
0.920000  -1.780000  74 0.510000 
0.955000  -1.850000  75 0.510000 
0.975000  -1.910000  76 0.510000 
0.960000  -1.860000  77 0.510000 
0.970000  -1.900000  78 0.510000 
0.940000  -1.820000  79 0.510000 
0.950000  -1.830000  80 0.510000 
0.935000  -1.790000  81 0.510000 
0.930000  -1.740000  82 0.510000 
0.860000  -1.660000  83 0.510000 
0.975000  -1.910000  84 0.510000 
0.970000  -1.890000  85 0.510000 
0.965000  -1.870000  86 0.510000 
0.950000  -1.850000  87 0.510000 
0.910000  -1.720000  88 0.510000 
0.940000  -1.800000  89 0.510000 
0.880000  -1.670000  90 0.510000 
0.955000  -1.880000  91 0.510000 
0.895000  -1.690000  92 0.510000 
0.935000  -1.790000  93 0.510000 
0.985000  -1.950000  94 0.510000 
0.935000  -1.810000  95 0.510000 
0.870000  -1.740000  96 0.510000 
0.910000  -1.710000  97 0.510000 
0.885000  -1.780000  98 0.510000 
0.975000  -1.900000  99 0.510000 
0.945000  -1.810000  100 0.510000 
0.905000  -1.780000  101 0.510000 
0.955000  -1.840000  102 0.510000 
0.940000  -1.800000  103 0.510000 
0.920000  -1.750000  104 0.510000 
0.895000  -1.690000  105 0.510000 
0.945000  -1.790000  106 0.510000 
0.925000  -1.780000  107 0.510000 
0.750000  -1.620000  108 0.510000 
0.920000  -1.760000  109 0.510000 
0.950000  -1.820000  110 0.510000 
0.945000  -1.820000  111 0.510000 
0.900000  -1.690000  112 0.510000 
0.880000  -1.650000  113 0.510000 
0.915000  -1.730000  114 0.510000 
0.910000  -1.720000  115 0.510000 
0.925000  -1.730000  116 0.510000 
0.665000  -1.480000  117 0.510000 
0.945000  -1.820000  118 0.510000 
0.905000  -1.730000  119 0.510000 
0.960000  -1.860000  120 0.510000 
0.890000  -1.690000  121 0.510000 
0.955000  -1.840000  122 0.510000 
0.965000  -1.870000  123 0.510000 
0.910000  -1.740000  124 0.510000 
0.915000  -1.730000  125 0.510000 
0.910000  -1.740000  126 0.510000 
0.880000  -1.620000  127 0.510000 
0.930000  -1.750000  128 0.510000 
0.930000  -1.820000  129 0.510000 
0.945000  -1.820000  130 0.510000 
0.925000  -1.760000  131 0.510000 
0.890000  -1.720000  132 0.510000 
0.905000  -1.720000  133 0.510000 
0.945000  -1.820000  134 0.510000 
0.940000  -1.800000  135 0.510000 
0.945000  -1.830000  136 0.510000 
0.925000  -1.750000  137 0.510000 
0.940000  -1.790000  138 0.510000 
0.920000  -1.710000  139 0.510000 
0.905000  -1.730000  140 0.510000 
0.820000  -1.580000  141 0.510000 
0.935000  -1.790000  142 0.510000 
0.940000  -1.790000  143 0.510000 
0.945000  -1.840000  144 0.510000 
0.940000  -1.860000  145 0.510000 
0.960000  -1.840000  146 0.510000 
0.880000  -1.750000  147 0.510000 
0.935000  -1.790000  148 0.510000 
0.820000  -1.610000  149 0.510000 
0.950000  -1.830000  150 0.510000 
0.895000  -1.700000  151 0.510000 
0.915000  -1.740000  152 0.510000 
0.915000  -1.750000  153 0.510000 
0.885000  -1.680000  154 0.510000 
0.915000  -1.760000  155 0.510000 
0.845000  -1.590000  156 0.510000 
0.945000  -1.820000  157 0.510000 
0.865000  -1.670000  158 0.510000 
0.950000  -1.840000  159 0.510000 
0.925000  -1.740000  160 0.510000 
0.955000  -1.850000  161 0.510000 
0.920000  -1.740000  162 0.510000 
0.870000  -1.630000  163 0.510000 
0.905000  -1.690000  164 0.510000 
0.950000  -1.830000  165 0.510000 
0.945000  -1.810000  166 0.510000 
0.915000  -1.720000  167 0.510000 
0.945000  -1.840000  168 0.510000 
0.905000  -1.700000  169 0.510000 
0.925000  -1.730000  170 0.510000 
0.970000  -1.890000  171 0.510000 
0.940000  -1.810000  172 0.510000 
0.950000  -1.830000  173 0.510000 
0.945000  -1.790000  174 0.510000 
0.940000  -1.800000  175 0.510000 
0.945000  -1.810000  176 0.510000 
0.945000  -1.830000  177 0.510000 
0.935000  -1.800000  178 0.510000 
0.895000  -1.710000  179 0.510000 
0.920000  -1.740000  180 0.510000 
0.945000  -1.850000  181 0.510000 
0.840000  -1.640000  182 0.510000 
0.955000  -1.840000  183 0.510000 
0.930000  -1.800000  184 0.510000 
0.905000  -1.700000  185 0.510000 
0.950000  -1.830000  186 0.510000 
0.770000  -1.670000  187 0.510000 
0.905000  -1.710000  188 0.510000 
0.895000  -1.660000  189 0.510000 
0.950000  -1.840000  190 0.510000 
0.955000  -1.870000  191 0.510000 
0.900000  -1.700000  192 0.510000 
0.930000  -1.800000  193 0.510000 
0.905000  -1.770000  194 0.510000 
0.890000  -1.660000  195 0.510000 
0.855000  -1.690000  196 0.510000 
0.890000  -1.680000  197 0.510000 
0.925000  -1.740000  198 0.510000 
0.945000  -1.820000  199 0.510000 
0.950000  -1.840000  200 0.510000 
0.945000  -1.810000  201 0.510000 
0.960000  -1.860000  202 0.510000 
0.930000  -1.760000  203 0.510000 
0.930000  -1.770000  204 0.510000 
0.940000  -1.810000  205 0.510000 
0.920000  -1.750000  206 0.510000 
0.870000  -1.640000  207 0.510000 
0.960000  -1.850000  208 0.510000 
0.840000  -1.640000  209 0.510000 
0.785000  -1.620000  210 0.510000 
0.965000  -1.860000  211 0.510000 
0.935000  -1.790000  212 0.510000 
0.935000  -1.800000  213 0.510000 
0.800000  -1.480000  214 0.510000 
0.925000  -1.760000  215 0.510000 
0.925000  -1.760000  216 0.510000 
0.915000  -1.750000  217 0.510000 
0.930000  -1.780000  218 0.510000 
0.940000  -1.820000  219 0.510000 
0.900000  -1.690000  220 0.510000 
0.890000  -1.660000  221 0.510000 
0.940000  -1.780000  222 0.510000 
0.920000  -1.780000  223 0.510000 
0.885000  -1.710000  224 0.510000 
0.930000  -1.770000  225 0.510000 
0.965000  -1.870000  226 0.510000 
0.955000  -1.840000  227 0.510000 
0.870000  -1.740000  228 0.510000 
0.965000  -1.860000  229 0.510000 
0.835000  -1.650000  230 0.510000 
0.910000  -1.780000  231 0.510000 
0.925000  -1.740000  232 0.510000 
0.935000  -1.800000  233 0.510000 
0.975000  -1.910000  234 0.510000 
0.885000  -1.650000  235 0.510000 
0.915000  -1.750000  236 0.510000 
0.965000  -1.880000  237 0.510000 
0.815000  -1.670000  238 0.510000 
0.895000  -1.660000  239 0.510000 
0.955000  -1.840000  240 0.510000 
0.900000  -1.690000  241 0.510000 
0.895000  -1.770000  242 0.510000 
0.950000  -1.810000  243 0.510000 
0.935000  -1.770000  244 0.510000 
0.910000  -1.750000  245 0.510000 
0.920000  -1.740000  246 0.510000 
0.935000  -1.780000  247 0.510000 
0.940000  -1.780000  248 0.510000 
0.885000  -1.670000  249 0.510000 
0.940000  -1.810000  250 0.510000 
0.975000  -1.900000  251 0.510000 
0.905000  -1.750000  252 0.510000 
0.955000  -1.840000  253 0.510000 
0.930000  -1.810000  254 0.510000 
0.850000  -1.700000  255 0.510000 
0.890000  -1.660000  256 0.510000 
0.885000  -1.730000  257 0.510000 
0.905000  -1.750000  258 0.510000 
0.980000  -1.930000  259 0.510000 
0.940000  -1.780000  260 0.510000 
0.930000  -1.770000  261 0.510000 
0.920000  -1.750000  262 0.510000 
0.930000  -1.760000  263 0.510000 
0.940000  -1.790000  264 0.510000 
0.915000  -1.730000  265 0.510000 
0.905000  -1.720000  266 0.510000 
0.965000  -1.880000  267 0.510000 
0.940000  -1.790000  268 0.510000 
0.960000  -1.860000  269 0.510000 
0.915000  -1.730000  270 0.510000 
0.865000  -1.740000  271 0.510000 
0.925000  -1.750000  272 0.510000 
0.960000  -1.880000  273 0.510000 
0.940000  -1.840000  274 0.510000 
0.925000  -1.760000  275 0.510000 
0.925000  -1.760000  276 0.510000 
0.965000  -1.870000  277 0.510000 
0.970000  -1.890000  278 0.510000 
0.935000  -1.810000  279 0.510000 
0.925000  -1.760000  280 0.510000 
0.895000  -1.730000  281 0.510000 
0.925000  -1.810000  282 0.510000 
0.925000  -1.740000  283 0.510000 
0.920000  -1.810000  284 0.510000 
0.945000  -1.820000  285 0.510000 
0.915000  -1.730000  286 0.510000 
0.940000  -1.810000  287 0.510000 
0.895000  -1.660000  288 0.510000 
0.940000  -1.800000  289 0.510000 
0.980000  -1.920000  290 0.510000 
0.915000  -1.730000  291 0.510000 
0.840000  -1.620000  292 0.510000 
0.960000  -1.860000  293 0.510000 
0.990000  -1.960000  294 0.510000 
0.880000  -1.630000  295 0.510000 
0.920000  -1.760000  296 0.510000 
0.895000  -1.660000  297 0.510000 
0.965000  -1.870000  298 0.510000 
0.910000  -1.730000  299 0.510000 
0.960000  -1.870000  300 0.510000 
0.950000  -1.800000  301 0.510000 
0.885000  -1.690000  302 0.510000 
0.895000  -1.690000  303 0.510000 
0.930000  -1.770000  304 0.510000 
0.885000  -1.690000  305 0.510000 
0.945000  -1.810000  306 0.510000 
0.955000  -1.840000  307 0.510000 
0.935000  -1.810000  308 0.510000 
0.920000  -1.780000  309 0.510000 
0.920000  -1.730000  310 0.510000 
0.935000  -1.840000  311 0.510000 
0.945000  -1.830000  312 0.510000 
0.905000  -1.710000  313 0.510000 
0.925000  -1.790000  314 0.510000 
0.910000  -1.760000  315 0.510000 
0.915000  -1.720000  316 0.510000 
0.840000  -1.650000  317 0.510000 
0.950000  -1.850000  318 0.510000 
0.910000  -1.730000  319 0.510000 
0.955000  -1.850000  320 0.510000 
0.915000  -1.730000  321 0.510000 
0.900000  -1.710000  322 0.510000 
0.960000  -1.860000  323 0.510000 
0.795000  -1.550000  324 0.510000 
0.945000  -1.830000  325 0.510000 
0.915000  -1.740000  326 0.510000 
0.875000  -1.660000  327 0.510000 
0.960000  -1.860000  328 0.510000 
0.955000  -1.840000  329 0.510000 
0.940000  -1.800000  330 0.510000 
0.935000  -1.800000  331 0.510000 
0.835000  -1.670000  332 0.510000 
0.910000  -1.710000  333 0.510000 
0.980000  -1.920000  334 0.510000 
0.955000  -1.830000  335 0.510000 
0.905000  -1.690000  336 0.510000 
0.935000  -1.780000  337 0.510000 
0.955000  -1.840000  338 0.510000 
0.960000  -1.850000  339 0.510000 
0.970000  -1.880000  340 0.510000 
0.940000  -1.780000  341 0.510000 
0.940000  -1.790000  342 0.510000 
0.935000  -1.800000  343 0.510000 
0.915000  -1.700000  344 0.510000 
0.950000  -1.830000  345 0.510000 
0.905000  -1.690000  346 0.510000 
0.935000  -1.810000  347 0.510000 
0.935000  -1.790000  348 0.510000 
0.850000  -1.610000  349 0.510000 
0.955000  -1.840000  350 0.510000 
0.965000  -1.860000  351 0.510000 
0.915000  -1.710000  352 0.510000 
0.880000  -1.660000  353 0.510000 
0.875000  -1.710000  354 0.510000 
0.930000  -1.800000  355 0.510000 
0.870000  -1.710000  356 0.510000 
0.900000  -1.680000  357 0.510000 
0.825000  -1.720000  358 0.510000 
0.915000  -1.700000  359 0.510000 
0.885000  -1.640000  360 0.510000 
0.915000  -1.780000  361 0.510000 
0.915000  -1.790000  362 0.510000 
0.905000  -1.690000  363 0.510000 
0.940000  -1.780000  364 0.510000 
0.945000  -1.810000  365 0.510000 
0.955000  -1.860000  366 0.510000 
0.880000  -1.630000  367 0.510000 
0.910000  -1.750000  368 0.510000 
0.950000  -1.810000  369 0.510000 
0.895000  -1.700000  370 0.510000 
0.900000  -1.700000  371 0.510000 
0.920000  -1.800000  372 0.510000 
0.910000  -1.670000  373 0.510000 
0.865000  -1.650000  374 0.510000 
0.930000  -1.760000  375 0.510000 
0.955000  -1.840000  376 0.510000 
0.945000  -1.810000  377 0.510000 
0.870000  -1.700000  378 0.510000 
0.955000  -1.850000  379 0.510000 
0.840000  -1.620000  380 0.510000 
0.955000  -1.830000  381 0.510000 
0.875000  -1.660000  382 0.510000 
0.870000  -1.740000  383 0.510000 
0.950000  -1.840000  384 0.510000 
0.920000  -1.770000  385 0.510000 
0.935000  -1.790000  386 0.510000 
0.935000  -1.780000  387 0.510000 
0.980000  -1.930000  388 0.510000 
0.925000  -1.770000  389 0.510000 
0.820000  -1.630000  390 0.510000 
0.875000  -1.700000  391 0.510000 
0.955000  -1.830000  392 0.510000 
0.940000  -1.790000  393 0.510000 
0.945000  -1.790000  394 0.510000 
0.905000  -1.700000  395 0.510000 
0.935000  -1.820000  396 0.510000 
0.870000  -1.690000  397 0.510000 
0.975000  -1.920000  398 0.510000 
0.930000  -1.750000  399 0.510000 
0.885000  -1.690000  400 0.510000 
0.955000  -1.820000  401 0.510000 
0.925000  -1.830000  402 0.510000 
0.935000  -1.810000  403 0.510000 
0.935000  -1.810000  404 0.510000 
0.775000  -1.580000  405 0.510000 
0.905000  -1.680000  406 0.510000 
0.975000  -1.900000  407 0.510000 
0.940000  -1.810000  408 0.510000 
0.955000  -1.840000  409 0.510000 
0.930000  -1.780000  410 0.510000 
0.855000  -1.660000  411 0.510000 
0.920000  -1.750000  412 0.510000 
0.915000  -1.790000  413 0.510000 
0.945000  -1.810000  414 0.510000 
0.935000  -1.760000  415 0.510000 
0.945000  -1.800000  416 0.510000 
0.885000  -1.700000  417 0.510000 
0.945000  -1.800000  418 0.510000 
0.925000  -1.740000  419 0.510000 
0.910000  -1.760000  420 0.510000 
0.955000  -1.820000  421 0.510000 
0.910000  -1.770000  422 0.510000 
0.975000  -1.900000  423 0.510000 
0.915000  -1.760000  424 0.510000 
0.975000  -1.900000  425 0.510000 
0.825000  -1.540000  426 0.510000 
0.870000  -1.630000  427 0.510000 
0.900000  -1.720000  428 0.510000 
0.955000  -1.830000  429 0.510000 
0.890000  -1.730000  430 0.510000 
0.895000  -1.710000  431 0.510000 
0.910000  -1.750000  432 0.510000 
0.935000  -1.760000  433 0.510000 
0.955000  -1.850000  434 0.510000 
0.925000  -1.750000  435 0.510000 
0.945000  -1.810000  436 0.510000 
0.885000  -1.700000  437 0.510000 
0.895000  -1.670000  438 0.510000 
0.960000  -1.860000  439 0.510000 
0.885000  -1.690000  440 0.510000 
0.920000  -1.760000  441 0.510000 
0.965000  -1.880000  442 0.510000 
0.955000  -1.860000  443 0.510000 
0.955000  -1.840000  444 0.510000 
0.935000  -1.790000  445 0.510000 
0.795000  -1.590000  446 0.510000 
0.910000  -1.690000  447 0.510000 
0.940000  -1.790000  448 0.510000 
0.970000  -1.890000  449 0.510000 
0.930000  -1.780000  450 0.510000 
0.930000  -1.780000  451 0.510000 
0.955000  -1.840000  452 0.510000 
0.990000  -1.960000  453 0.510000 
0.930000  -1.770000  454 0.510000 
0.925000  -1.730000  455 0.510000 
0.950000  -1.840000  456 0.510000 
0.945000  -1.810000  457 0.510000 
0.910000  -1.730000  458 0.510000 
0.925000  -1.770000  459 0.510000 
0.925000  -1.800000  460 0.510000 
0.890000  -1.670000  461 0.510000 
0.845000  -1.690000  462 0.510000 
0.925000  -1.790000  463 0.510000 
0.930000  -1.790000  464 0.510000 
0.910000  -1.750000  465 0.510000 
0.910000  -1.710000  466 0.510000 
0.925000  -1.740000  467 0.510000 
0.925000  -1.750000  468 0.510000 
0.930000  -1.780000  469 0.510000 
0.910000  -1.740000  470 0.510000 
0.960000  -1.860000  471 0.510000 
0.915000  -1.740000  472 0.510000 
0.930000  -1.780000  473 0.510000 
0.920000  -1.710000  474 0.510000 
0.935000  -1.770000  475 0.510000 
0.925000  -1.740000  476 0.510000 
0.965000  -1.880000  477 0.510000 
0.940000  -1.780000  478 0.510000 
0.935000  -1.790000  479 0.510000 
0.910000  -1.730000  480 0.510000 
0.920000  -1.710000  481 0.510000 
0.925000  -1.750000  482 0.510000 
0.910000  -1.720000  483 0.510000 
0.850000  -1.640000  484 0.510000 
0.910000  -1.700000  485 0.510000 
0.940000  -1.840000  486 0.510000 
0.855000  -1.650000  487 0.510000 
0.955000  -1.850000  488 0.510000 
0.945000  -1.820000  489 0.510000 
0.865000  -1.590000  490 0.510000 
0.910000  -1.710000  491 0.510000 
0.940000  -1.800000  492 0.510000 
0.895000  -1.690000  493 0.510000 
0.920000  -1.740000  494 0.510000 
0.925000  -1.790000  495 0.510000 
0.885000  -1.700000  496 0.510000 
0.965000  -1.870000  497 0.510000 
0.905000  -1.720000  498 0.510000 
0.900000  -1.690000  499 0.510000 
0.955000  -1.830000  500 0.510000 
0.900000  -1.740000  501 0.510000 
0.895000  -1.750000  502 0.510000 
0.905000  -1.750000  503 0.510000 
0.975000  -1.920000  504 0.510000 
0.905000  -1.710000  505 0.510000 
0.910000  -1.760000  506 0.510000 
0.925000  -1.800000  507 0.510000 
0.935000  -1.790000  508 0.510000 
0.910000  -1.760000  509 0.510000 
0.970000  -1.880000  510 0.510000 
0.960000  -1.850000  511 0.510000 
0.845000  -1.660000  512 0.510000 
0.940000  -1.780000  513 0.510000 
0.870000  -1.730000  514 0.510000 
0.935000  -1.800000  515 0.510000 
0.965000  -1.870000  516 0.510000 
0.960000  -1.850000  517 0.510000 
0.920000  -1.760000  518 0.510000 
0.915000  -1.720000  519 0.510000 
0.925000  -1.730000  520 0.510000 
0.935000  -1.770000  521 0.510000 
0.920000  -1.760000  522 0.510000 
0.780000  -1.530000  523 0.510000 
0.945000  -1.860000  524 0.510000 
0.925000  -1.800000  525 0.510000 
0.945000  -1.810000  526 0.510000 
0.905000  -1.680000  527 0.510000 
0.905000  -1.750000  528 0.510000 
0.950000  -1.810000  529 0.510000 
0.910000  -1.770000  530 0.510000 
0.955000  -1.840000  531 0.510000 
0.940000  -1.810000  532 0.510000 
0.815000  -1.650000  533 0.510000 
0.855000  -1.670000  534 0.510000 
0.945000  -1.820000  535 0.510000 
0.910000  -1.770000  536 0.510000 
0.930000  -1.770000  537 0.510000 
0.985000  -1.940000  538 0.510000 
0.960000  -1.850000  539 0.510000 
0.945000  -1.840000  540 0.510000 
0.890000  -1.790000  541 0.510000 
0.920000  -1.750000  542 0.510000 
0.935000  -1.780000  543 0.510000 
0.960000  -1.870000  544 0.510000 
0.960000  -1.870000  545 0.510000 
0.900000  -1.770000  546 0.510000 
0.950000  -1.820000  547 0.510000 
0.995000  -1.980000  548 0.510000 
0.925000  -1.810000  549 0.510000 
0.930000  -1.780000  550 0.510000 
0.860000  -1.690000  551 0.510000 
0.965000  -1.870000  552 0.510000 
0.910000  -1.690000  553 0.510000 
0.940000  -1.800000  554 0.510000 
0.900000  -1.730000  555 0.510000 
0.910000  -1.670000  556 0.510000 
0.935000  -1.810000  557 0.510000 
0.955000  -1.850000  558 0.510000 
0.945000  -1.810000  559 0.510000 
0.935000  -1.810000  560 0.510000 
0.950000  -1.820000  561 0.510000 
0.955000  -1.830000  562 0.510000 
0.925000  -1.750000  563 0.510000 
0.955000  -1.850000  564 0.510000 
0.960000  -1.850000  565 0.510000 
0.950000  -1.820000  566 0.510000 
0.930000  -1.750000  567 0.510000 
0.910000  -1.720000  568 0.510000 
0.905000  -1.720000  569 0.510000 
0.930000  -1.800000  570 0.510000 
0.955000  -1.830000  571 0.510000 
0.955000  -1.830000  572 0.510000 
0.930000  -1.760000  573 0.510000 
0.920000  -1.750000  574 0.510000 
0.955000  -1.820000  575 0.510000 
0.945000  -1.800000  576 0.510000 
0.935000  -1.830000  577 0.510000 
0.810000  -1.630000  578 0.510000 
0.965000  -1.880000  579 0.510000 
0.945000  -1.800000  580 0.510000 
0.860000  -1.600000  581 0.510000 
0.920000  -1.710000  582 0.510000 
0.905000  -1.780000  583 0.510000 
0.940000  -1.800000  584 0.510000 
0.935000  -1.800000  585 0.510000 
0.820000  -1.570000  586 0.510000 
0.960000  -1.870000  587 0.510000 
0.870000  -1.620000  588 0.510000 
0.960000  -1.870000  589 0.510000 
0.970000  -1.880000  590 0.510000 
0.945000  -1.800000  591 0.510000 
0.960000  -1.840000  592 0.510000 
0.970000  -1.880000  593 0.510000 
0.895000  -1.710000  594 0.510000 
0.940000  -1.790000  595 0.510000 
0.975000  -1.930000  596 0.510000 
0.945000  -1.810000  597 0.510000 
0.985000  -1.940000  598 0.510000 
0.910000  -1.790000  599 0.510000 
0.925000  -1.780000  600 0.510000 
0.970000  -1.880000  601 0.510000 
0.895000  -1.670000  602 0.510000 
0.970000  -1.890000  603 0.510000 
0.955000  -1.820000  604 0.510000 
0.950000  -1.810000  605 0.510000 
0.915000  -1.740000  606 0.510000 
0.940000  -1.800000  607 0.510000 
0.895000  -1.740000  608 0.510000 
0.875000  -1.660000  609 0.510000 
0.945000  -1.810000  610 0.510000 
0.925000  -1.760000  611 0.510000 
0.965000  -1.880000  612 0.510000 
0.825000  -1.670000  613 0.510000 
0.960000  -1.870000  614 0.510000 
0.940000  -1.790000  615 0.510000 
0.930000  -1.760000  616 0.510000 
0.950000  -1.820000  617 0.510000 
0.940000  -1.800000  618 0.510000 
0.935000  -1.820000  619 0.510000 
0.930000  -1.770000  620 0.510000 
0.945000  -1.800000  621 0.510000 
0.975000  -1.930000  622 0.510000 
0.920000  -1.790000  623 0.510000 
0.865000  -1.570000  624 0.510000 
0.910000  -1.710000  625 0.510000 
0.910000  -1.720000  626 0.510000 
0.870000  -1.720000  627 0.510000 
0.895000  -1.650000  628 0.510000 
0.905000  -1.710000  629 0.510000 
0.910000  -1.740000  630 0.510000 
0.930000  -1.770000  631 0.510000 
0.940000  -1.800000  632 0.510000 
0.945000  -1.810000  633 0.510000 
0.865000  -1.640000  634 0.510000 
0.885000  -1.640000  635 0.510000 
0.870000  -1.690000  636 0.510000 
0.935000  -1.810000  637 0.510000 
0.975000  -1.900000  638 0.510000 
0.915000  -1.770000  639 0.510000 
0.945000  -1.820000  640 0.510000 
0.965000  -1.870000  641 0.510000 
0.900000  -1.770000  642 0.510000 
0.945000  -1.850000  643 0.510000 
0.975000  -1.900000  644 0.510000 
0.950000  -1.840000  645 0.510000 
0.920000  -1.770000  646 0.510000 
0.940000  -1.860000  647 0.510000 
0.775000  -1.510000  648 0.510000 
0.935000  -1.750000  649 0.510000 
0.930000  -1.770000  650 0.510000 
0.950000  -1.840000  651 0.510000 
0.905000  -1.660000  652 0.510000 
0.960000  -1.910000  653 0.510000 
0.940000  -1.790000  654 0.510000 
0.965000  -1.880000  655 0.510000 
0.905000  -1.710000  656 0.510000 
0.935000  -1.770000  657 0.510000 
0.845000  -1.630000  658 0.510000 
0.895000  -1.690000  659 0.510000 
0.880000  -1.680000  660 0.510000 
0.925000  -1.760000  661 0.510000 
0.950000  -1.840000  662 0.510000 
0.945000  -1.800000  663 0.510000 
0.935000  -1.780000  664 0.510000 
0.950000  -1.810000  665 0.510000 
0.910000  -1.730000  666 0.510000 
0.950000  -1.830000  667 0.510000 
0.905000  -1.780000  668 0.510000 
0.890000  -1.710000  669 0.510000 
0.920000  -1.810000  670 0.510000 
0.965000  -1.870000  671 0.510000 
0.930000  -1.780000  672 0.510000 
0.845000  -1.530000  673 0.510000 
0.955000  -1.850000  674 0.510000 
0.945000  -1.820000  675 0.510000 
0.965000  -1.870000  676 0.510000 
0.915000  -1.750000  677 0.510000 
0.970000  -1.900000  678 0.510000 
0.950000  -1.820000  679 0.510000 
0.885000  -1.760000  680 0.510000 
0.910000  -1.700000  681 0.510000 
0.960000  -1.850000  682 0.510000 
0.950000  -1.830000  683 0.510000 
0.905000  -1.780000  684 0.510000 
0.945000  -1.800000  685 0.510000 
0.965000  -1.880000  686 0.510000 
0.930000  -1.830000  687 0.510000 
0.975000  -1.900000  688 0.510000 
0.900000  -1.680000  689 0.510000 
0.960000  -1.840000  690 0.510000 
0.960000  -1.840000  691 0.510000 
0.935000  -1.780000  692 0.510000 
0.880000  -1.720000  693 0.510000 
0.915000  -1.700000  694 0.510000 
0.895000  -1.700000  695 0.510000 
0.930000  -1.790000  696 0.510000 
0.955000  -1.840000  697 0.510000 
0.925000  -1.770000  698 0.510000 
0.925000  -1.800000  699 0.510000 
0.905000  -1.670000  700 0.510000 
0.900000  -1.690000  701 0.510000 
0.900000  -1.750000  702 0.510000 
0.935000  -1.750000  703 0.510000 
0.965000  -1.860000  704 0.510000 
0.855000  -1.730000  705 0.510000 
0.855000  -1.630000  706 0.510000 
0.880000  -1.730000  707 0.510000 
0.930000  -1.770000  708 0.510000 
0.895000  -1.660000  709 0.510000 
0.965000  -1.870000  710 0.510000 
0.920000  -1.740000  711 0.510000 
0.920000  -1.730000  712 0.510000 
0.935000  -1.790000  713 0.510000 
0.940000  -1.810000  714 0.510000 
0.980000  -1.930000  715 0.510000 
0.870000  -1.580000  716 0.510000 
0.950000  -1.820000  717 0.510000 
0.945000  -1.800000  718 0.510000 
0.870000  -1.710000  719 0.510000 
0.880000  -1.680000  720 0.510000 
0.955000  -1.840000  721 0.510000 
0.860000  -1.670000  722 0.510000 
0.885000  -1.700000  723 0.510000 
0.925000  -1.800000  724 0.510000 
0.930000  -1.770000  725 0.510000 
0.930000  -1.780000  726 0.510000 
0.940000  -1.820000  727 0.510000 
0.905000  -1.730000  728 0.510000 
0.925000  -1.770000  729 0.510000 
0.890000  -1.700000  730 0.510000 
0.965000  -1.890000  731 0.510000 
0.920000  -1.730000  732 0.510000 
0.910000  -1.710000  733 0.510000 
0.915000  -1.690000  734 0.510000 
0.880000  -1.730000  735 0.510000 
0.920000  -1.720000  736 0.510000 
0.935000  -1.790000  737 0.510000 
0.915000  -1.790000  738 0.510000 
0.960000  -1.870000  739 0.510000 
0.845000  -1.690000  740 0.510000 
0.935000  -1.800000  741 0.510000 
0.945000  -1.790000  742 0.510000 
0.905000  -1.710000  743 0.510000 
0.955000  -1.830000  744 0.510000 
0.935000  -1.800000  745 0.510000 
0.930000  -1.760000  746 0.510000 
0.950000  -1.820000  747 0.510000 
0.925000  -1.750000  748 0.510000 
0.935000  -1.780000  749 0.510000 
0.955000  -1.880000  750 0.510000 
0.960000  -1.870000  751 0.510000 
0.920000  -1.740000  752 0.510000 
0.955000  -1.850000  753 0.510000 
0.905000  -1.750000  754 0.510000 
0.945000  -1.850000  755 0.510000 
0.890000  -1.670000  756 0.510000 
0.950000  -1.820000  757 0.510000 
0.885000  -1.710000  758 0.510000 
0.970000  -1.890000  759 0.510000 
0.910000  -1.740000  760 0.510000 
0.950000  -1.830000  761 0.510000 
0.945000  -1.810000  762 0.510000 
0.900000  -1.730000  763 0.510000 
0.930000  -1.780000  764 0.510000 
0.945000  -1.810000  765 0.510000 
0.870000  -1.690000  766 0.510000 
0.935000  -1.780000  767 0.510000 
0.875000  -1.700000  768 0.510000 
0.875000  -1.740000  769 0.510000 
0.970000  -1.900000  770 0.510000 
0.960000  -1.850000  771 0.510000 
0.915000  -1.720000  772 0.510000 
0.965000  -1.890000  773 0.510000 
0.905000  -1.740000  774 0.510000 
0.915000  -1.750000  775 0.510000 
0.895000  -1.710000  776 0.510000 
0.910000  -1.720000  777 0.510000 
0.820000  -1.740000  778 0.510000 
0.955000  -1.860000  779 0.510000 
0.940000  -1.790000  780 0.510000 
0.970000  -1.890000  781 0.510000 
0.930000  -1.770000  782 0.510000 
0.865000  -1.680000  783 0.510000 
0.985000  -1.940000  784 0.510000 
0.895000  -1.670000  785 0.510000 
0.940000  -1.770000  786 0.510000 
0.935000  -1.810000  787 0.510000 
0.965000  -1.870000  788 0.510000 
0.840000  -1.540000  789 0.510000 
0.955000  -1.860000  790 0.510000 
0.950000  -1.830000  791 0.510000 
0.965000  -1.880000  792 0.510000 
0.875000  -1.680000  793 0.510000 
0.945000  -1.800000  794 0.510000 
0.725000  -1.620000  795 0.510000 
0.975000  -1.910000  796 0.510000 
0.940000  -1.790000  797 0.510000 
0.960000  -1.840000  798 0.510000 
0.915000  -1.710000  799 0.510000 
0.920000  -1.770000  800 0.510000 
0.960000  -1.850000  801 0.510000 
0.875000  -1.710000  802 0.510000 
0.890000  -1.670000  803 0.510000 
0.980000  -1.930000  804 0.510000 
0.900000  -1.740000  805 0.510000 
0.900000  -1.690000  806 0.510000 
0.885000  -1.740000  807 0.510000 
0.920000  -1.730000  808 0.510000 
0.855000  -1.630000  809 0.510000 
0.870000  -1.620000  810 0.510000 
0.940000  -1.790000  811 0.510000 
0.935000  -1.800000  812 0.510000 
0.930000  -1.790000  813 0.510000 
0.955000  -1.840000  814 0.510000 
0.960000  -1.840000  815 0.510000 
0.925000  -1.730000  816 0.510000 
0.975000  -1.900000  817 0.510000 
0.950000  -1.820000  818 0.510000 
0.820000  -1.590000  819 0.510000 
0.945000  -1.820000  820 0.510000 
0.940000  -1.800000  821 0.510000 
0.940000  -1.820000  822 0.510000 
0.895000  -1.650000  823 0.510000 
0.945000  -1.820000  824 0.510000 
0.905000  -1.690000  825 0.510000 
0.920000  -1.710000  826 0.510000 
0.925000  -1.750000  827 0.510000 
0.920000  -1.790000  828 0.510000 
0.940000  -1.790000  829 0.510000 
0.945000  -1.820000  830 0.510000 
0.890000  -1.710000  831 0.510000 
0.875000  -1.730000  832 0.510000 
0.905000  -1.680000  833 0.510000 
0.950000  -1.850000  834 0.510000 
0.930000  -1.760000  835 0.510000 
0.955000  -1.830000  836 0.510000 
0.820000  -1.730000  837 0.510000 
0.960000  -1.870000  838 0.510000 
0.935000  -1.800000  839 0.510000 
0.905000  -1.720000  840 0.510000 
0.915000  -1.750000  841 0.510000 
0.895000  -1.660000  842 0.510000 
0.950000  -1.840000  843 0.510000 
0.750000  -1.530000  844 0.510000 
0.880000  -1.620000  845 0.510000 
0.910000  -1.720000  846 0.510000 
0.940000  -1.770000  847 0.510000 
0.970000  -1.900000  848 0.510000 
0.940000  -1.770000  849 0.510000 
0.900000  -1.740000  850 0.510000 
0.825000  -1.650000  851 0.510000 
0.945000  -1.820000  852 0.510000 
0.925000  -1.740000  853 0.510000 
0.955000  -1.850000  854 0.510000 
0.870000  -1.680000  855 0.510000 
0.800000  -1.480000  856 0.510000 
0.920000  -1.740000  857 0.510000 
0.940000  -1.800000  858 0.510000 
0.955000  -1.850000  859 0.510000 
0.930000  -1.780000  860 0.510000 
0.950000  -1.860000  861 0.510000 
0.910000  -1.690000  862 0.510000 
0.875000  -1.610000  863 0.510000 
0.930000  -1.780000  864 0.510000 
0.945000  -1.860000  865 0.510000 
0.910000  -1.730000  866 0.510000 
0.930000  -1.740000  867 0.510000 
0.925000  -1.770000  868 0.510000 
0.925000  -1.760000  869 0.510000 
0.955000  -1.860000  870 0.510000 
0.940000  -1.820000  871 0.510000 
0.895000  -1.700000  872 0.510000 
0.960000  -1.870000  873 0.510000 
0.885000  -1.640000  874 0.510000 
0.950000  -1.810000  875 0.510000 
0.955000  -1.850000  876 0.510000 
0.950000  -1.820000  877 0.510000 
0.930000  -1.790000  878 0.510000 
0.940000  -1.790000  879 0.510000 
0.975000  -1.910000  880 0.510000 
0.925000  -1.730000  881 0.510000 
0.935000  -1.830000  882 0.510000 
0.855000  -1.650000  883 0.510000 
0.925000  -1.710000  884 0.510000 
0.915000  -1.740000  885 0.510000 
0.935000  -1.780000  886 0.510000 
0.945000  -1.820000  887 0.510000 
0.950000  -1.820000  888 0.510000 
0.900000  -1.710000  889 0.510000 
0.920000  -1.750000  890 0.510000 
0.925000  -1.770000  891 0.510000 
0.930000  -1.770000  892 0.510000 
0.955000  -1.890000  893 0.510000 
0.905000  -1.730000  894 0.510000 
0.980000  -1.930000  895 0.510000 
0.865000  -1.620000  896 0.510000 
0.955000  -1.840000  897 0.510000 
0.920000  -1.810000  898 0.510000 
0.950000  -1.830000  899 0.510000 
0.920000  -1.760000  900 0.510000 
0.900000  -1.650000  901 0.510000 
0.945000  -1.850000  902 0.510000 
0.955000  -1.850000  903 0.510000 
0.940000  -1.820000  904 0.510000 
0.895000  -1.710000  905 0.510000 
0.850000  -1.620000  906 0.510000 
0.950000  -1.840000  907 0.510000 
0.950000  -1.810000  908 0.510000 
0.890000  -1.650000  909 0.510000 
0.930000  -1.790000  910 0.510000 
0.955000  -1.840000  911 0.510000 
0.945000  -1.820000  912 0.510000 
0.910000  -1.710000  913 0.510000 
0.910000  -1.740000  914 0.510000 
0.920000  -1.770000  915 0.510000 
0.925000  -1.760000  916 0.510000 
0.940000  -1.820000  917 0.510000 
0.885000  -1.650000  918 0.510000 
0.800000  -1.610000  919 0.510000 
0.915000  -1.740000  920 0.510000 
0.925000  -1.750000  921 0.510000 
0.950000  -1.830000  922 0.510000 
0.975000  -1.900000  923 0.510000 
0.965000  -1.860000  924 0.510000 
0.960000  -1.860000  925 0.510000 
0.910000  -1.730000  926 0.510000 
0.930000  -1.760000  927 0.510000 
0.925000  -1.810000  928 0.510000 
0.945000  -1.780000  929 0.510000 
0.885000  -1.680000  930 0.510000 
0.970000  -1.880000  931 0.510000 
0.890000  -1.650000  932 0.510000 
0.925000  -1.730000  933 0.510000 
0.840000  -1.780000  934 0.510000 
0.990000  -1.960000  935 0.510000 
0.975000  -1.900000  936 0.510000 
0.890000  -1.640000  937 0.510000 
0.955000  -1.850000  938 0.510000 
0.850000  -1.590000  939 0.510000 
0.965000  -1.870000  940 0.510000 
0.975000  -1.900000  941 0.510000 
0.895000  -1.730000  942 0.510000 
0.975000  -1.900000  943 0.510000 
0.895000  -1.690000  944 0.510000 
0.925000  -1.750000  945 0.510000 
0.935000  -1.790000  946 0.510000 
0.900000  -1.730000  947 0.510000 
0.925000  -1.790000  948 0.510000 
0.910000  -1.780000  949 0.510000 
0.935000  -1.790000  950 0.510000 
0.965000  -1.880000  951 0.510000 
0.950000  -1.830000  952 0.510000 
0.960000  -1.850000  953 0.510000 
0.910000  -1.740000  954 0.510000 
0.955000  -1.850000  955 0.510000 
0.950000  -1.810000  956 0.510000 
0.940000  -1.810000  957 0.510000 
0.940000  -1.820000  958 0.510000 
0.930000  -1.760000  959 0.510000 
0.885000  -1.680000  960 0.510000 
0.940000  -1.830000  961 0.510000 
0.865000  -1.580000  962 0.510000 
0.940000  -1.810000  963 0.510000 
0.945000  -1.850000  964 0.510000 
0.980000  -1.920000  965 0.510000 
0.910000  -1.740000  966 0.510000 
0.880000  -1.650000  967 0.510000 
0.925000  -1.790000  968 0.510000 
0.995000  -1.980000  969 0.510000 
0.915000  -1.760000  970 0.510000 
0.955000  -1.830000  971 0.510000 
0.935000  -1.800000  972 0.510000 
0.870000  -1.690000  973 0.510000 
0.885000  -1.750000  974 0.510000 
0.940000  -1.790000  975 0.510000 
0.955000  -1.830000  976 0.510000 
0.915000  -1.790000  977 0.510000 
0.930000  -1.750000  978 0.510000 
0.905000  -1.760000  979 0.510000 
0.940000  -1.800000  980 0.510000 
0.905000  -1.700000  981 0.510000 
0.895000  -1.710000  982 0.510000 
0.910000  -1.720000  983 0.510000 
0.935000  -1.820000  984 0.510000 
0.955000  -1.830000  985 0.510000 
0.910000  -1.660000  986 0.510000 
0.865000  -1.650000  987 0.510000 
0.930000  -1.810000  988 0.510000 
0.930000  -1.730000  989 0.510000 
0.975000  -1.900000  990 0.510000 
0.880000  -1.680000  991 0.510000 
0.945000  -1.810000  992 0.510000 
0.940000  -1.810000  993 0.510000 
0.870000  -1.610000  994 0.510000 
0.860000  -1.620000  995 0.510000 
0.970000  -1.880000  996 0.510000 
0.945000  -1.830000  997 0.510000 
0.960000  -1.870000  998 0.510000 
0.975000  -1.920000  999 0.510000 
