0.360000  -0.970000  0 0.340000 
-0.195000  -0.830000  1 0.340000 
0.120000  -0.780000  2 0.340000 
-0.160000  -0.940000  3 0.340000 
-0.170000  -0.860000  4 0.340000 
0.025000  -0.810000  5 0.340000 
0.120000  -0.850000  6 0.340000 
0.050000  -0.810000  7 0.340000 
0.035000  -0.950000  8 0.340000 
0.030000  -0.790000  9 0.340000 
0.025000  -1.100000  10 0.340000 
0.115000  -0.780000  11 0.340000 
-0.410000  -1.000000  12 0.340000 
0.130000  -1.030000  13 0.340000 
-0.195000  -0.740000  14 0.340000 
-0.180000  -1.010000  15 0.340000 
-0.205000  -0.830000  16 0.340000 
-0.205000  -0.900000  17 0.340000 
-0.120000  -0.770000  18 0.340000 
0.020000  -0.810000  19 0.340000 
0.135000  -1.020000  20 0.340000 
-0.350000  -0.820000  21 0.340000 
0.080000  -0.770000  22 0.340000 
-0.085000  -0.840000  23 0.340000 
-0.155000  -0.760000  24 0.340000 
-0.240000  -0.820000  25 0.340000 
0.075000  -0.780000  26 0.340000 
-0.085000  -0.980000  27 0.340000 
0.355000  -0.710000  28 0.340000 
-0.020000  -1.010000  29 0.340000 
-0.400000  -1.020000  30 0.340000 
0.070000  -0.750000  31 0.340000 
0.215000  -0.960000  32 0.340000 
0.075000  -0.820000  33 0.340000 
0.215000  -0.730000  34 0.340000 
-0.105000  -0.930000  35 0.340000 
-0.055000  -0.950000  36 0.340000 
0.090000  -0.850000  37 0.340000 
0.080000  -0.880000  38 0.340000 
0.100000  -0.710000  39 0.340000 
-0.070000  -0.750000  40 0.340000 
0.170000  -0.750000  41 0.340000 
-0.150000  -0.970000  42 0.340000 
0.300000  -0.790000  43 0.340000 
0.100000  -0.720000  44 0.340000 
-0.010000  -0.790000  45 0.340000 
0.225000  -0.810000  46 0.340000 
0.245000  -0.730000  47 0.340000 
0.265000  -0.970000  48 0.340000 
-0.260000  -0.890000  49 0.340000 
-0.055000  -0.900000  50 0.340000 
-0.025000  -0.930000  51 0.340000 
-0.030000  -0.780000  52 0.340000 
-0.180000  -0.880000  53 0.340000 
-0.070000  -0.770000  54 0.340000 
0.220000  -0.870000  55 0.340000 
-0.145000  -0.980000  56 0.340000 
0.080000  -0.960000  57 0.340000 
0.040000  -0.770000  58 0.340000 
-0.035000  -0.740000  59 0.340000 
-0.230000  -0.780000  60 0.340000 
-0.240000  -0.780000  61 0.340000 
0.030000  -0.670000  62 0.340000 
0.190000  -0.800000  63 0.340000 
-0.135000  -0.920000  64 0.340000 
-0.330000  -0.870000  65 0.340000 
-0.010000  -0.980000  66 0.340000 
0.055000  -0.840000  67 0.340000 
0.295000  -0.780000  68 0.340000 
0.200000  -0.840000  69 0.340000 
0.015000  -0.750000  70 0.340000 
0.045000  -0.800000  71 0.340000 
0.250000  -0.730000  72 0.340000 
-0.050000  -0.810000  73 0.340000 
0.225000  -0.860000  74 0.340000 
0.255000  -0.910000  75 0.340000 
-0.040000  -0.730000  76 0.340000 
0.240000  -0.860000  77 0.340000 
0.250000  -0.880000  78 0.340000 
0.265000  -0.870000  79 0.340000 
-0.055000  -0.930000  80 0.340000 
-0.160000  -0.780000  81 0.340000 
0.015000  -0.880000  82 0.340000 
0.005000  -0.610000  83 0.340000 
-0.180000  -0.890000  84 0.340000 
-0.210000  -0.740000  85 0.340000 
-0.205000  -0.900000  86 0.340000 
0.100000  -0.770000  87 0.340000 
0.160000  -0.800000  88 0.340000 
0.090000  -0.860000  89 0.340000 
-0.100000  -0.760000  90 0.340000 
0.155000  -0.880000  91 0.340000 
-0.235000  -1.000000  92 0.340000 
-0.115000  -0.940000  93 0.340000 
-0.200000  -0.720000  94 0.340000 
0.265000  -0.830000  95 0.340000 
0.145000  -0.750000  96 0.340000 
0.140000  -0.820000  97 0.340000 
0.145000  -0.830000  98 0.340000 
-0.155000  -0.830000  99 0.340000 
0.195000  -0.770000  100 0.340000 
-0.145000  -0.670000  101 0.340000 
-0.495000  -1.060000  102 0.340000 
0.260000  -1.030000  103 0.340000 
-0.050000  -0.760000  104 0.340000 
0.265000  -1.040000  105 0.340000 
-0.065000  -0.720000  106 0.340000 
0.235000  -0.960000  107 0.340000 
-0.205000  -1.030000  108 0.340000 
-0.035000  -0.650000  109 0.340000 
-0.140000  -1.030000  110 0.340000 
0.070000  -0.870000  111 0.340000 
-0.195000  -0.860000  112 0.340000 
-0.095000  -0.900000  113 0.340000 
-0.195000  -0.920000  114 0.340000 
-0.165000  -0.770000  115 0.340000 
0.200000  -0.820000  116 0.340000 
0.325000  -0.700000  117 0.340000 
-0.255000  -0.930000  118 0.340000 
0.235000  -1.050000  119 0.340000 
-0.015000  -0.750000  120 0.340000 
-0.085000  -0.930000  121 0.340000 
-0.170000  -0.760000  122 0.340000 
-0.345000  -0.980000  123 0.340000 
-0.155000  -0.700000  124 0.340000 
0.030000  -0.810000  125 0.340000 
0.110000  -0.800000  126 0.340000 
-0.295000  -0.910000  127 0.340000 
-0.060000  -0.790000  128 0.340000 
-0.345000  -0.960000  129 0.340000 
-0.135000  -0.750000  130 0.340000 
-0.215000  -0.960000  131 0.340000 
-0.175000  -0.810000  132 0.340000 
0.090000  -0.940000  133 0.340000 
-0.295000  -0.920000  134 0.340000 
-0.210000  -0.740000  135 0.340000 
0.025000  -0.820000  136 0.340000 
-0.080000  -0.720000  137 0.340000 
0.035000  -0.750000  138 0.340000 
-0.115000  -0.860000  139 0.340000 
-0.065000  -0.810000  140 0.340000 
-0.090000  -0.840000  141 0.340000 
-0.020000  -0.860000  142 0.340000 
-0.055000  -0.750000  143 0.340000 
-0.105000  -0.780000  144 0.340000 
-0.010000  -0.810000  145 0.340000 
0.015000  -0.770000  146 0.340000 
-0.050000  -0.780000  147 0.340000 
-0.175000  -0.800000  148 0.340000 
-0.080000  -0.830000  149 0.340000 
-0.125000  -0.720000  150 0.340000 
0.135000  -0.780000  151 0.340000 
0.190000  -0.750000  152 0.340000 
-0.330000  -0.820000  153 0.340000 
0.075000  -0.920000  154 0.340000 
-0.035000  -1.070000  155 0.340000 
-0.370000  -1.020000  156 0.340000 
-0.075000  -0.730000  157 0.340000 
-0.090000  -0.690000  158 0.340000 
0.190000  -0.790000  159 0.340000 
-0.010000  -0.780000  160 0.340000 
0.225000  -0.840000  161 0.340000 
-0.045000  -0.910000  162 0.340000 
-0.010000  -0.990000  163 0.340000 
0.020000  -0.820000  164 0.340000 
0.025000  -0.960000  165 0.340000 
-0.400000  -0.810000  166 0.340000 
0.090000  -0.890000  167 0.340000 
-0.255000  -0.780000  168 0.340000 
0.060000  -0.910000  169 0.340000 
-0.050000  -0.890000  170 0.340000 
0.030000  -0.830000  171 0.340000 
0.000000  -0.850000  172 0.340000 
0.050000  -0.840000  173 0.340000 
0.040000  -0.860000  174 0.340000 
-0.150000  -0.880000  175 0.340000 
-0.005000  -0.730000  176 0.340000 
-0.315000  -0.860000  177 0.340000 
-0.100000  -1.020000  178 0.340000 
-0.215000  -0.910000  179 0.340000 
0.000000  -0.750000  180 0.340000 
0.025000  -0.800000  181 0.340000 
0.070000  -0.780000  182 0.340000 
0.130000  -0.930000  183 0.340000 
0.010000  -0.800000  184 0.340000 
0.005000  -0.870000  185 0.340000 
0.070000  -0.940000  186 0.340000 
-0.325000  -0.840000  187 0.340000 
0.010000  -0.750000  188 0.340000 
0.030000  -0.810000  189 0.340000 
0.060000  -0.890000  190 0.340000 
-0.025000  -0.810000  191 0.340000 
-0.090000  -0.780000  192 0.340000 
-0.115000  -0.750000  193 0.340000 
-0.020000  -0.760000  194 0.340000 
0.310000  -0.960000  195 0.340000 
-0.095000  -0.860000  196 0.340000 
0.075000  -0.730000  197 0.340000 
-0.305000  -0.850000  198 0.340000 
0.175000  -0.800000  199 0.340000 
0.010000  -0.780000  200 0.340000 
0.065000  -0.730000  201 0.340000 
-0.220000  -0.780000  202 0.340000 
-0.230000  -0.900000  203 0.340000 
-0.285000  -0.770000  204 0.340000 
-0.535000  -1.120000  205 0.340000 
-0.045000  -0.690000  206 0.340000 
0.075000  -0.810000  207 0.340000 
0.360000  -0.820000  208 0.340000 
0.105000  -0.800000  209 0.340000 
0.210000  -0.940000  210 0.340000 
0.430000  -1.010000  211 0.340000 
-0.215000  -0.730000  212 0.340000 
0.140000  -0.940000  213 0.340000 
-0.075000  -0.880000  214 0.340000 
0.020000  -0.840000  215 0.340000 
-0.065000  -0.850000  216 0.340000 
0.265000  -0.840000  217 0.340000 
0.080000  -0.770000  218 0.340000 
-0.170000  -0.920000  219 0.340000 
0.110000  -0.880000  220 0.340000 
0.155000  -0.870000  221 0.340000 
-0.020000  -0.760000  222 0.340000 
-0.200000  -0.750000  223 0.340000 
-0.170000  -0.790000  224 0.340000 
0.100000  -0.810000  225 0.340000 
0.185000  -0.890000  226 0.340000 
0.025000  -0.750000  227 0.340000 
-0.020000  -0.870000  228 0.340000 
0.020000  -0.830000  229 0.340000 
-0.065000  -0.800000  230 0.340000 
0.165000  -0.730000  231 0.340000 
-0.180000  -1.050000  232 0.340000 
0.295000  -1.090000  233 0.340000 
0.035000  -0.750000  234 0.340000 
-0.220000  -0.790000  235 0.340000 
-0.045000  -0.870000  236 0.340000 
-0.090000  -0.640000  237 0.340000 
-0.140000  -0.830000  238 0.340000 
0.095000  -0.840000  239 0.340000 
0.050000  -0.780000  240 0.340000 
-0.235000  -0.980000  241 0.340000 
-0.030000  -0.690000  242 0.340000 
0.220000  -0.840000  243 0.340000 
0.100000  -0.750000  244 0.340000 
0.065000  -0.910000  245 0.340000 
0.095000  -0.860000  246 0.340000 
0.045000  -1.010000  247 0.340000 
-0.230000  -0.900000  248 0.340000 
-0.550000  -1.050000  249 0.340000 
-0.080000  -0.880000  250 0.340000 
-0.225000  -1.100000  251 0.340000 
-0.105000  -0.880000  252 0.340000 
0.020000  -0.850000  253 0.340000 
-0.075000  -0.660000  254 0.340000 
0.045000  -0.880000  255 0.340000 
-0.125000  -0.790000  256 0.340000 
0.005000  -0.800000  257 0.340000 
-0.040000  -0.940000  258 0.340000 
-0.145000  -0.900000  259 0.340000 
-0.085000  -0.820000  260 0.340000 
0.065000  -0.900000  261 0.340000 
0.075000  -0.760000  262 0.340000 
0.300000  -0.850000  263 0.340000 
-0.545000  -1.060000  264 0.340000 
0.315000  -0.870000  265 0.340000 
-0.055000  -0.810000  266 0.340000 
-0.145000  -0.790000  267 0.340000 
-0.065000  -0.920000  268 0.340000 
-0.050000  -0.970000  269 0.340000 
0.130000  -0.810000  270 0.340000 
-0.060000  -0.900000  271 0.340000 
0.140000  -0.800000  272 0.340000 
0.190000  -0.760000  273 0.340000 
-0.035000  -0.890000  274 0.340000 
0.100000  -0.670000  275 0.340000 
0.020000  -0.670000  276 0.340000 
0.235000  -0.780000  277 0.340000 
0.015000  -0.910000  278 0.340000 
0.005000  -0.890000  279 0.340000 
0.050000  -0.700000  280 0.340000 
0.380000  -0.940000  281 0.340000 
-0.050000  -0.850000  282 0.340000 
0.175000  -0.910000  283 0.340000 
0.225000  -0.710000  284 0.340000 
0.015000  -0.830000  285 0.340000 
-0.135000  -0.830000  286 0.340000 
-0.020000  -0.760000  287 0.340000 
0.190000  -0.900000  288 0.340000 
0.025000  -0.750000  289 0.340000 
0.350000  -0.870000  290 0.340000 
0.155000  -0.940000  291 0.340000 
-0.015000  -0.860000  292 0.340000 
-0.210000  -0.620000  293 0.340000 
0.175000  -0.790000  294 0.340000 
0.410000  -0.960000  295 0.340000 
0.125000  -0.590000  296 0.340000 
0.085000  -0.690000  297 0.340000 
0.215000  -0.820000  298 0.340000 
0.095000  -0.740000  299 0.340000 
-0.175000  -0.780000  300 0.340000 
-0.145000  -0.850000  301 0.340000 
-0.055000  -0.840000  302 0.340000 
0.125000  -0.920000  303 0.340000 
0.185000  -0.860000  304 0.340000 
-0.045000  -0.800000  305 0.340000 
-0.005000  -0.750000  306 0.340000 
-0.050000  -0.850000  307 0.340000 
-0.200000  -0.720000  308 0.340000 
-0.040000  -0.860000  309 0.340000 
0.185000  -0.860000  310 0.340000 
0.110000  -0.830000  311 0.340000 
0.165000  -0.860000  312 0.340000 
-0.125000  -0.790000  313 0.340000 
0.120000  -0.730000  314 0.340000 
-0.035000  -0.880000  315 0.340000 
-0.145000  -0.740000  316 0.340000 
0.270000  -0.900000  317 0.340000 
0.215000  -0.790000  318 0.340000 
0.240000  -0.870000  319 0.340000 
0.275000  -0.750000  320 0.340000 
0.145000  -0.720000  321 0.340000 
-0.050000  -0.850000  322 0.340000 
-0.230000  -1.060000  323 0.340000 
-0.155000  -0.760000  324 0.340000 
-0.040000  -1.040000  325 0.340000 
0.425000  -1.110000  326 0.340000 
0.095000  -0.730000  327 0.340000 
-0.205000  -0.880000  328 0.340000 
-0.070000  -0.990000  329 0.340000 
-0.015000  -0.800000  330 0.340000 
0.175000  -0.700000  331 0.340000 
0.095000  -0.870000  332 0.340000 
-0.060000  -0.880000  333 0.340000 
-0.140000  -0.740000  334 0.340000 
0.220000  -0.870000  335 0.340000 
0.125000  -0.860000  336 0.340000 
-0.090000  -0.920000  337 0.340000 
-0.145000  -1.000000  338 0.340000 
-0.285000  -0.980000  339 0.340000 
-0.200000  -0.860000  340 0.340000 
-0.040000  -0.910000  341 0.340000 
-0.055000  -0.770000  342 0.340000 
0.215000  -0.870000  343 0.340000 
0.310000  -1.180000  344 0.340000 
-0.050000  -1.030000  345 0.340000 
0.040000  -0.790000  346 0.340000 
-0.030000  -0.860000  347 0.340000 
-0.145000  -0.890000  348 0.340000 
0.055000  -0.790000  349 0.340000 
-0.125000  -0.800000  350 0.340000 
0.020000  -0.810000  351 0.340000 
0.110000  -0.730000  352 0.340000 
-0.155000  -0.870000  353 0.340000 
-0.420000  -0.940000  354 0.340000 
-0.120000  -0.750000  355 0.340000 
-0.265000  -0.710000  356 0.340000 
-0.130000  -0.850000  357 0.340000 
-0.015000  -0.900000  358 0.340000 
0.140000  -0.810000  359 0.340000 
0.010000  -0.760000  360 0.340000 
0.095000  -0.720000  361 0.340000 
-0.195000  -0.910000  362 0.340000 
-0.045000  -0.850000  363 0.340000 
-0.330000  -0.900000  364 0.340000 
-0.035000  -0.620000  365 0.340000 
0.050000  -0.730000  366 0.340000 
-0.025000  -0.680000  367 0.340000 
-0.085000  -0.720000  368 0.340000 
0.105000  -0.730000  369 0.340000 
0.275000  -0.780000  370 0.340000 
0.015000  -0.690000  371 0.340000 
-0.065000  -0.820000  372 0.340000 
-0.060000  -1.030000  373 0.340000 
-0.320000  -0.960000  374 0.340000 
-0.015000  -0.670000  375 0.340000 
0.015000  -0.740000  376 0.340000 
0.180000  -0.760000  377 0.340000 
0.060000  -0.820000  378 0.340000 
0.045000  -0.860000  379 0.340000 
0.225000  -0.760000  380 0.340000 
-0.230000  -0.960000  381 0.340000 
0.090000  -0.830000  382 0.340000 
0.220000  -0.820000  383 0.340000 
0.105000  -0.780000  384 0.340000 
0.265000  -0.910000  385 0.340000 
-0.030000  -0.760000  386 0.340000 
0.110000  -0.810000  387 0.340000 
0.110000  -0.880000  388 0.340000 
0.115000  -0.860000  389 0.340000 
0.060000  -0.850000  390 0.340000 
0.300000  -0.910000  391 0.340000 
0.225000  -0.880000  392 0.340000 
-0.005000  -0.820000  393 0.340000 
0.155000  -0.640000  394 0.340000 
0.165000  -0.800000  395 0.340000 
-0.055000  -0.800000  396 0.340000 
0.005000  -0.870000  397 0.340000 
0.090000  -0.670000  398 0.340000 
-0.180000  -0.820000  399 0.340000 
0.195000  -0.910000  400 0.340000 
0.270000  -0.940000  401 0.340000 
0.025000  -0.770000  402 0.340000 
0.345000  -0.760000  403 0.340000 
-0.115000  -0.970000  404 0.340000 
0.330000  -0.860000  405 0.340000 
-0.345000  -0.900000  406 0.340000 
0.100000  -0.780000  407 0.340000 
-0.080000  -0.710000  408 0.340000 
-0.140000  -0.800000  409 0.340000 
0.075000  -0.970000  410 0.340000 
0.455000  -1.080000  411 0.340000 
-0.300000  -0.780000  412 0.340000 
-0.215000  -0.810000  413 0.340000 
0.310000  -0.840000  414 0.340000 
-0.060000  -1.010000  415 0.340000 
0.070000  -0.900000  416 0.340000 
0.080000  -0.580000  417 0.340000 
-0.065000  -0.770000  418 0.340000 
-0.220000  -0.810000  419 0.340000 
0.130000  -0.870000  420 0.340000 
-0.280000  -0.890000  421 0.340000 
-0.280000  -0.760000  422 0.340000 
-0.110000  -0.800000  423 0.340000 
0.065000  -0.860000  424 0.340000 
-0.230000  -1.040000  425 0.340000 
0.185000  -0.840000  426 0.340000 
0.105000  -0.810000  427 0.340000 
0.000000  -0.810000  428 0.340000 
0.070000  -0.850000  429 0.340000 
-0.255000  -0.900000  430 0.340000 
-0.270000  -0.950000  431 0.340000 
0.035000  -0.980000  432 0.340000 
-0.145000  -0.720000  433 0.340000 
0.245000  -0.820000  434 0.340000 
-0.125000  -0.890000  435 0.340000 
0.130000  -0.760000  436 0.340000 
-0.090000  -0.800000  437 0.340000 
0.100000  -0.900000  438 0.340000 
-0.220000  -1.060000  439 0.340000 
0.090000  -0.860000  440 0.340000 
-0.240000  -0.800000  441 0.340000 
-0.065000  -0.840000  442 0.340000 
0.110000  -0.850000  443 0.340000 
0.210000  -0.750000  444 0.340000 
0.055000  -0.860000  445 0.340000 
0.125000  -0.750000  446 0.340000 
-0.130000  -0.830000  447 0.340000 
0.130000  -0.910000  448 0.340000 
0.115000  -0.710000  449 0.340000 
0.170000  -0.650000  450 0.340000 
-0.220000  -0.810000  451 0.340000 
0.020000  -0.730000  452 0.340000 
-0.015000  -0.730000  453 0.340000 
-0.050000  -0.900000  454 0.340000 
0.315000  -0.760000  455 0.340000 
-0.070000  -0.840000  456 0.340000 
0.130000  -0.790000  457 0.340000 
0.060000  -0.830000  458 0.340000 
0.010000  -0.830000  459 0.340000 
0.250000  -0.690000  460 0.340000 
-0.065000  -0.800000  461 0.340000 
0.020000  -0.820000  462 0.340000 
-0.100000  -0.700000  463 0.340000 
-0.025000  -0.790000  464 0.340000 
0.100000  -0.760000  465 0.340000 
0.080000  -0.690000  466 0.340000 
0.020000  -0.790000  467 0.340000 
-0.200000  -0.810000  468 0.340000 
-0.080000  -0.650000  469 0.340000 
-0.230000  -0.650000  470 0.340000 
0.150000  -0.930000  471 0.340000 
-0.155000  -0.720000  472 0.340000 
-0.230000  -0.880000  473 0.340000 
0.005000  -0.800000  474 0.340000 
0.010000  -0.770000  475 0.340000 
-0.200000  -0.830000  476 0.340000 
0.130000  -0.840000  477 0.340000 
0.090000  -0.850000  478 0.340000 
-0.060000  -0.920000  479 0.340000 
0.170000  -0.810000  480 0.340000 
-0.270000  -0.930000  481 0.340000 
-0.200000  -0.830000  482 0.340000 
-0.230000  -0.910000  483 0.340000 
-0.115000  -0.840000  484 0.340000 
-0.075000  -0.780000  485 0.340000 
-0.055000  -0.850000  486 0.340000 
-0.090000  -0.890000  487 0.340000 
-0.015000  -0.830000  488 0.340000 
0.070000  -0.770000  489 0.340000 
-0.030000  -0.840000  490 0.340000 
0.125000  -0.820000  491 0.340000 
0.160000  -0.870000  492 0.340000 
0.105000  -0.910000  493 0.340000 
-0.090000  -0.800000  494 0.340000 
-0.195000  -0.950000  495 0.340000 
0.240000  -0.900000  496 0.340000 
-0.370000  -0.880000  497 0.340000 
0.180000  -0.850000  498 0.340000 
-0.360000  -0.870000  499 0.340000 
-0.015000  -0.880000  500 0.340000 
-0.575000  -0.920000  501 0.340000 
0.030000  -0.830000  502 0.340000 
0.255000  -0.880000  503 0.340000 
-0.130000  -0.850000  504 0.340000 
-0.155000  -0.860000  505 0.340000 
-0.190000  -0.890000  506 0.340000 
0.155000  -0.770000  507 0.340000 
-0.170000  -0.800000  508 0.340000 
-0.035000  -0.860000  509 0.340000 
0.135000  -0.760000  510 0.340000 
-0.050000  -0.840000  511 0.340000 
0.205000  -0.680000  512 0.340000 
0.175000  -0.870000  513 0.340000 
0.250000  -1.060000  514 0.340000 
0.095000  -0.870000  515 0.340000 
-0.240000  -0.810000  516 0.340000 
0.105000  -0.770000  517 0.340000 
-0.170000  -0.630000  518 0.340000 
0.035000  -0.740000  519 0.340000 
-0.240000  -0.770000  520 0.340000 
0.210000  -0.870000  521 0.340000 
0.090000  -0.770000  522 0.340000 
-0.130000  -0.820000  523 0.340000 
0.125000  -0.800000  524 0.340000 
-0.050000  -0.730000  525 0.340000 
-0.115000  -0.780000  526 0.340000 
-0.165000  -1.030000  527 0.340000 
-0.160000  -0.820000  528 0.340000 
0.195000  -0.890000  529 0.340000 
0.195000  -0.910000  530 0.340000 
-0.075000  -0.800000  531 0.340000 
0.330000  -0.820000  532 0.340000 
-0.040000  -0.810000  533 0.340000 
-0.155000  -1.010000  534 0.340000 
-0.175000  -0.820000  535 0.340000 
0.080000  -0.790000  536 0.340000 
-0.135000  -0.900000  537 0.340000 
-0.200000  -0.790000  538 0.340000 
-0.265000  -0.880000  539 0.340000 
-0.045000  -0.820000  540 0.340000 
-0.205000  -1.000000  541 0.340000 
0.090000  -0.830000  542 0.340000 
0.280000  -0.920000  543 0.340000 
0.140000  -0.870000  544 0.340000 
-0.015000  -0.850000  545 0.340000 
-0.285000  -0.910000  546 0.340000 
-0.010000  -0.740000  547 0.340000 
-0.390000  -1.040000  548 0.340000 
0.135000  -0.810000  549 0.340000 
0.040000  -0.770000  550 0.340000 
0.110000  -0.740000  551 0.340000 
0.240000  -0.950000  552 0.340000 
-0.120000  -0.930000  553 0.340000 
0.195000  -0.740000  554 0.340000 
0.450000  -0.880000  555 0.340000 
0.075000  -0.950000  556 0.340000 
-0.175000  -0.970000  557 0.340000 
-0.075000  -0.920000  558 0.340000 
0.035000  -0.800000  559 0.340000 
-0.090000  -0.810000  560 0.340000 
0.015000  -0.700000  561 0.340000 
0.060000  -0.860000  562 0.340000 
0.085000  -0.840000  563 0.340000 
-0.245000  -0.760000  564 0.340000 
-0.200000  -0.750000  565 0.340000 
0.175000  -0.910000  566 0.340000 
-0.050000  -0.900000  567 0.340000 
0.330000  -0.950000  568 0.340000 
0.360000  -0.950000  569 0.340000 
0.310000  -0.920000  570 0.340000 
-0.240000  -0.820000  571 0.340000 
0.030000  -0.830000  572 0.340000 
-0.120000  -0.760000  573 0.340000 
-0.175000  -0.890000  574 0.340000 
0.090000  -0.920000  575 0.340000 
-0.195000  -0.710000  576 0.340000 
-0.100000  -0.830000  577 0.340000 
0.040000  -0.850000  578 0.340000 
0.110000  -0.790000  579 0.340000 
-0.045000  -0.860000  580 0.340000 
-0.030000  -0.870000  581 0.340000 
-0.305000  -0.890000  582 0.340000 
-0.280000  -0.910000  583 0.340000 
0.040000  -0.970000  584 0.340000 
-0.175000  -0.860000  585 0.340000 
-0.270000  -0.780000  586 0.340000 
0.265000  -0.770000  587 0.340000 
0.015000  -0.830000  588 0.340000 
-0.135000  -0.900000  589 0.340000 
-0.070000  -0.800000  590 0.340000 
-0.065000  -0.750000  591 0.340000 
0.045000  -0.770000  592 0.340000 
0.175000  -0.690000  593 0.340000 
0.145000  -0.880000  594 0.340000 
0.120000  -0.780000  595 0.340000 
0.180000  -0.860000  596 0.340000 
0.105000  -0.990000  597 0.340000 
-0.065000  -0.700000  598 0.340000 
0.005000  -0.860000  599 0.340000 
0.015000  -0.790000  600 0.340000 
0.145000  -0.820000  601 0.340000 
-0.045000  -0.930000  602 0.340000 
0.170000  -0.700000  603 0.340000 
0.060000  -0.720000  604 0.340000 
0.255000  -0.920000  605 0.340000 
0.000000  -0.910000  606 0.340000 
0.265000  -1.100000  607 0.340000 
0.000000  -0.930000  608 0.340000 
-0.030000  -0.700000  609 0.340000 
0.170000  -0.840000  610 0.340000 
-0.265000  -0.800000  611 0.340000 
-0.060000  -0.830000  612 0.340000 
-0.190000  -1.100000  613 0.340000 
0.060000  -0.880000  614 0.340000 
0.055000  -0.870000  615 0.340000 
-0.270000  -0.860000  616 0.340000 
0.325000  -0.850000  617 0.340000 
-0.045000  -0.680000  618 0.340000 
-0.255000  -0.770000  619 0.340000 
0.050000  -0.730000  620 0.340000 
-0.205000  -1.020000  621 0.340000 
0.100000  -0.820000  622 0.340000 
-0.050000  -0.740000  623 0.340000 
-0.035000  -0.890000  624 0.340000 
-0.090000  -0.920000  625 0.340000 
-0.385000  -0.960000  626 0.340000 
-0.160000  -0.820000  627 0.340000 
0.105000  -0.690000  628 0.340000 
-0.165000  -0.860000  629 0.340000 
-0.170000  -0.980000  630 0.340000 
0.060000  -0.710000  631 0.340000 
0.085000  -1.040000  632 0.340000 
-0.060000  -0.660000  633 0.340000 
0.165000  -0.810000  634 0.340000 
0.200000  -0.830000  635 0.340000 
-0.005000  -0.870000  636 0.340000 
0.065000  -0.670000  637 0.340000 
-0.270000  -0.940000  638 0.340000 
-0.015000  -0.850000  639 0.340000 
-0.265000  -0.780000  640 0.340000 
-0.040000  -0.710000  641 0.340000 
-0.265000  -0.830000  642 0.340000 
0.055000  -0.810000  643 0.340000 
-0.285000  -0.880000  644 0.340000 
0.025000  -0.820000  645 0.340000 
0.025000  -0.950000  646 0.340000 
0.055000  -0.660000  647 0.340000 
-0.155000  -0.840000  648 0.340000 
0.225000  -0.860000  649 0.340000 
0.100000  -0.870000  650 0.340000 
-0.055000  -0.930000  651 0.340000 
-0.180000  -0.780000  652 0.340000 
-0.130000  -0.910000  653 0.340000 
-0.105000  -0.890000  654 0.340000 
-0.020000  -0.870000  655 0.340000 
-0.060000  -0.820000  656 0.340000 
-0.050000  -0.850000  657 0.340000 
-0.130000  -1.000000  658 0.340000 
0.190000  -0.870000  659 0.340000 
0.080000  -0.750000  660 0.340000 
0.180000  -0.880000  661 0.340000 
0.070000  -0.810000  662 0.340000 
0.315000  -0.920000  663 0.340000 
0.175000  -0.760000  664 0.340000 
0.155000  -0.810000  665 0.340000 
-0.075000  -0.830000  666 0.340000 
0.120000  -0.920000  667 0.340000 
-0.110000  -0.730000  668 0.340000 
-0.020000  -0.660000  669 0.340000 
0.185000  -0.780000  670 0.340000 
0.035000  -0.840000  671 0.340000 
-0.080000  -0.830000  672 0.340000 
0.370000  -0.900000  673 0.340000 
0.155000  -0.840000  674 0.340000 
-0.105000  -0.790000  675 0.340000 
0.110000  -0.800000  676 0.340000 
0.130000  -0.890000  677 0.340000 
-0.120000  -0.790000  678 0.340000 
0.140000  -0.750000  679 0.340000 
-0.220000  -0.780000  680 0.340000 
0.115000  -0.700000  681 0.340000 
0.000000  -0.790000  682 0.340000 
-0.170000  -0.670000  683 0.340000 
-0.005000  -0.780000  684 0.340000 
0.030000  -0.830000  685 0.340000 
-0.115000  -0.770000  686 0.340000 
0.045000  -0.700000  687 0.340000 
-0.050000  -0.700000  688 0.340000 
0.225000  -0.940000  689 0.340000 
-0.290000  -0.870000  690 0.340000 
-0.090000  -0.830000  691 0.340000 
-0.095000  -0.860000  692 0.340000 
-0.010000  -0.910000  693 0.340000 
-0.365000  -0.910000  694 0.340000 
0.105000  -0.870000  695 0.340000 
-0.115000  -0.890000  696 0.340000 
0.130000  -0.740000  697 0.340000 
0.070000  -0.970000  698 0.340000 
0.115000  -0.830000  699 0.340000 
0.220000  -0.770000  700 0.340000 
-0.185000  -0.900000  701 0.340000 
0.030000  -0.770000  702 0.340000 
-0.020000  -0.930000  703 0.340000 
-0.095000  -0.830000  704 0.340000 
0.265000  -0.820000  705 0.340000 
0.210000  -0.810000  706 0.340000 
-0.075000  -0.820000  707 0.340000 
0.115000  -0.790000  708 0.340000 
0.025000  -0.820000  709 0.340000 
0.205000  -0.820000  710 0.340000 
0.130000  -0.740000  711 0.340000 
0.050000  -0.600000  712 0.340000 
0.290000  -0.900000  713 0.340000 
0.185000  -0.890000  714 0.340000 
0.000000  -0.800000  715 0.340000 
0.090000  -0.840000  716 0.340000 
0.240000  -0.850000  717 0.340000 
-0.260000  -0.600000  718 0.340000 
0.265000  -0.940000  719 0.340000 
0.150000  -0.910000  720 0.340000 
0.250000  -0.960000  721 0.340000 
0.230000  -1.040000  722 0.340000 
-0.020000  -0.630000  723 0.340000 
0.335000  -0.840000  724 0.340000 
0.040000  -0.900000  725 0.340000 
0.325000  -0.940000  726 0.340000 
-0.085000  -0.830000  727 0.340000 
0.475000  -1.090000  728 0.340000 
0.370000  -0.820000  729 0.340000 
0.050000  -0.900000  730 0.340000 
0.375000  -1.070000  731 0.340000 
0.175000  -0.910000  732 0.340000 
0.165000  -0.880000  733 0.340000 
0.140000  -0.790000  734 0.340000 
-0.355000  -0.930000  735 0.340000 
-0.150000  -0.880000  736 0.340000 
-0.345000  -1.140000  737 0.340000 
-0.150000  -0.960000  738 0.340000 
0.140000  -0.790000  739 0.340000 
-0.155000  -0.760000  740 0.340000 
-0.045000  -0.780000  741 0.340000 
0.090000  -0.720000  742 0.340000 
0.095000  -0.790000  743 0.340000 
0.095000  -0.940000  744 0.340000 
-0.040000  -0.930000  745 0.340000 
0.045000  -0.750000  746 0.340000 
0.010000  -0.820000  747 0.340000 
-0.040000  -0.760000  748 0.340000 
-0.120000  -0.760000  749 0.340000 
0.230000  -0.990000  750 0.340000 
-0.235000  -0.770000  751 0.340000 
-0.170000  -0.780000  752 0.340000 
-0.320000  -0.730000  753 0.340000 
-0.115000  -1.000000  754 0.340000 
-0.015000  -0.810000  755 0.340000 
0.040000  -0.790000  756 0.340000 
-0.405000  -0.980000  757 0.340000 
0.305000  -0.830000  758 0.340000 
-0.070000  -0.790000  759 0.340000 
-0.120000  -0.630000  760 0.340000 
-0.140000  -0.680000  761 0.340000 
-0.415000  -1.090000  762 0.340000 
-0.285000  -0.720000  763 0.340000 
0.125000  -0.600000  764 0.340000 
0.185000  -0.900000  765 0.340000 
-0.095000  -0.850000  766 0.340000 
0.200000  -0.910000  767 0.340000 
-0.050000  -0.890000  768 0.340000 
0.110000  -0.810000  769 0.340000 
-0.055000  -0.890000  770 0.340000 
0.055000  -0.800000  771 0.340000 
0.165000  -0.840000  772 0.340000 
-0.040000  -0.760000  773 0.340000 
0.070000  -0.810000  774 0.340000 
0.280000  -0.860000  775 0.340000 
0.105000  -0.900000  776 0.340000 
0.130000  -0.850000  777 0.340000 
0.225000  -0.870000  778 0.340000 
-0.010000  -0.680000  779 0.340000 
0.085000  -0.900000  780 0.340000 
0.110000  -0.770000  781 0.340000 
0.260000  -0.920000  782 0.340000 
-0.090000  -0.690000  783 0.340000 
0.135000  -0.860000  784 0.340000 
0.380000  -1.020000  785 0.340000 
0.420000  -0.880000  786 0.340000 
-0.155000  -0.820000  787 0.340000 
-0.080000  -0.940000  788 0.340000 
0.230000  -0.870000  789 0.340000 
0.125000  -0.830000  790 0.340000 
0.020000  -0.700000  791 0.340000 
-0.365000  -0.790000  792 0.340000 
0.040000  -0.780000  793 0.340000 
0.235000  -0.880000  794 0.340000 
-0.120000  -0.700000  795 0.340000 
0.020000  -0.870000  796 0.340000 
-0.245000  -1.030000  797 0.340000 
-0.035000  -0.790000  798 0.340000 
0.030000  -0.740000  799 0.340000 
0.460000  -0.970000  800 0.340000 
-0.325000  -0.900000  801 0.340000 
0.010000  -0.800000  802 0.340000 
-0.095000  -0.770000  803 0.340000 
0.005000  -0.840000  804 0.340000 
-0.105000  -0.780000  805 0.340000 
-0.020000  -0.800000  806 0.340000 
-0.120000  -0.980000  807 0.340000 
0.015000  -0.820000  808 0.340000 
0.075000  -0.820000  809 0.340000 
-0.080000  -0.740000  810 0.340000 
-0.040000  -0.900000  811 0.340000 
-0.120000  -0.850000  812 0.340000 
0.375000  -0.930000  813 0.340000 
0.020000  -0.820000  814 0.340000 
-0.150000  -0.900000  815 0.340000 
0.120000  -0.780000  816 0.340000 
-0.060000  -0.910000  817 0.340000 
0.085000  -0.940000  818 0.340000 
-0.055000  -0.720000  819 0.340000 
0.395000  -0.990000  820 0.340000 
0.070000  -0.920000  821 0.340000 
-0.215000  -0.900000  822 0.340000 
-0.030000  -0.910000  823 0.340000 
-0.290000  -0.850000  824 0.340000 
-0.100000  -0.870000  825 0.340000 
-0.220000  -0.650000  826 0.340000 
-0.010000  -0.990000  827 0.340000 
0.115000  -0.780000  828 0.340000 
-0.125000  -0.940000  829 0.340000 
0.130000  -0.860000  830 0.340000 
0.100000  -0.800000  831 0.340000 
-0.290000  -0.970000  832 0.340000 
-0.005000  -0.920000  833 0.340000 
-0.065000  -0.780000  834 0.340000 
-0.175000  -0.770000  835 0.340000 
0.180000  -0.840000  836 0.340000 
-0.045000  -0.900000  837 0.340000 
0.080000  -0.760000  838 0.340000 
-0.075000  -0.950000  839 0.340000 
-0.055000  -0.930000  840 0.340000 
-0.215000  -0.750000  841 0.340000 
-0.215000  -0.740000  842 0.340000 
-0.010000  -0.860000  843 0.340000 
-0.020000  -0.700000  844 0.340000 
0.235000  -0.900000  845 0.340000 
0.045000  -0.760000  846 0.340000 
0.230000  -0.780000  847 0.340000 
0.270000  -0.870000  848 0.340000 
-0.120000  -0.850000  849 0.340000 
0.180000  -0.710000  850 0.340000 
0.170000  -0.770000  851 0.340000 
0.070000  -0.640000  852 0.340000 
0.015000  -0.740000  853 0.340000 
0.000000  -0.790000  854 0.340000 
0.200000  -0.960000  855 0.340000 
-0.135000  -0.840000  856 0.340000 
-0.030000  -0.920000  857 0.340000 
0.105000  -0.960000  858 0.340000 
-0.110000  -0.900000  859 0.340000 
-0.080000  -0.900000  860 0.340000 
0.275000  -0.800000  861 0.340000 
-0.060000  -0.880000  862 0.340000 
-0.240000  -0.650000  863 0.340000 
-0.255000  -0.850000  864 0.340000 
-0.210000  -1.000000  865 0.340000 
-0.265000  -0.920000  866 0.340000 
-0.105000  -0.870000  867 0.340000 
0.145000  -0.970000  868 0.340000 
-0.095000  -0.660000  869 0.340000 
0.030000  -0.680000  870 0.340000 
-0.300000  -0.810000  871 0.340000 
-0.185000  -0.850000  872 0.340000 
-0.105000  -0.900000  873 0.340000 
-0.095000  -0.820000  874 0.340000 
0.180000  -0.950000  875 0.340000 
-0.010000  -0.800000  876 0.340000 
-0.185000  -0.890000  877 0.340000 
0.050000  -0.780000  878 0.340000 
0.145000  -0.730000  879 0.340000 
0.010000  -0.890000  880 0.340000 
-0.015000  -0.740000  881 0.340000 
-0.045000  -0.970000  882 0.340000 
-0.150000  -0.810000  883 0.340000 
0.180000  -0.880000  884 0.340000 
0.005000  -0.760000  885 0.340000 
-0.080000  -0.850000  886 0.340000 
0.415000  -0.940000  887 0.340000 
0.145000  -0.830000  888 0.340000 
0.050000  -0.850000  889 0.340000 
0.125000  -0.920000  890 0.340000 
-0.185000  -0.780000  891 0.340000 
0.235000  -0.900000  892 0.340000 
-0.215000  -0.790000  893 0.340000 
0.165000  -0.870000  894 0.340000 
-0.255000  -0.950000  895 0.340000 
-0.020000  -0.720000  896 0.340000 
0.115000  -0.830000  897 0.340000 
-0.040000  -0.940000  898 0.340000 
0.090000  -0.830000  899 0.340000 
-0.090000  -0.860000  900 0.340000 
-0.070000  -0.860000  901 0.340000 
-0.150000  -0.960000  902 0.340000 
0.060000  -0.810000  903 0.340000 
0.135000  -0.840000  904 0.340000 
0.045000  -0.880000  905 0.340000 
0.070000  -0.630000  906 0.340000 
0.130000  -0.720000  907 0.340000 
-0.235000  -0.680000  908 0.340000 
0.195000  -0.900000  909 0.340000 
-0.060000  -0.940000  910 0.340000 
0.040000  -0.680000  911 0.340000 
0.130000  -0.800000  912 0.340000 
0.080000  -0.980000  913 0.340000 
0.085000  -0.820000  914 0.340000 
-0.250000  -0.870000  915 0.340000 
0.390000  -1.100000  916 0.340000 
-0.255000  -0.860000  917 0.340000 
0.150000  -0.910000  918 0.340000 
-0.420000  -0.850000  919 0.340000 
-0.105000  -0.730000  920 0.340000 
-0.140000  -0.870000  921 0.340000 
-0.050000  -0.840000  922 0.340000 
0.245000  -0.910000  923 0.340000 
0.140000  -0.790000  924 0.340000 
0.040000  -0.800000  925 0.340000 
0.000000  -0.780000  926 0.340000 
-0.225000  -0.690000  927 0.340000 
0.095000  -0.820000  928 0.340000 
0.035000  -0.750000  929 0.340000 
0.285000  -0.970000  930 0.340000 
0.235000  -0.810000  931 0.340000 
-0.175000  -0.840000  932 0.340000 
0.280000  -0.800000  933 0.340000 
0.070000  -0.610000  934 0.340000 
-0.235000  -0.900000  935 0.340000 
-0.305000  -0.910000  936 0.340000 
-0.075000  -0.730000  937 0.340000 
-0.015000  -0.920000  938 0.340000 
0.095000  -0.780000  939 0.340000 
0.245000  -0.860000  940 0.340000 
-0.155000  -0.730000  941 0.340000 
0.370000  -0.830000  942 0.340000 
-0.150000  -0.920000  943 0.340000 
0.150000  -0.920000  944 0.340000 
0.030000  -0.930000  945 0.340000 
-0.010000  -0.620000  946 0.340000 
0.120000  -0.830000  947 0.340000 
-0.185000  -0.880000  948 0.340000 
-0.080000  -0.860000  949 0.340000 
0.015000  -0.750000  950 0.340000 
-0.155000  -0.840000  951 0.340000 
0.300000  -0.890000  952 0.340000 
0.055000  -0.710000  953 0.340000 
0.245000  -0.930000  954 0.340000 
-0.175000  -0.860000  955 0.340000 
-0.100000  -0.830000  956 0.340000 
0.055000  -0.800000  957 0.340000 
-0.295000  -0.760000  958 0.340000 
0.215000  -0.760000  959 0.340000 
0.140000  -0.890000  960 0.340000 
-0.005000  -0.830000  961 0.340000 
-0.020000  -0.770000  962 0.340000 
-0.110000  -0.710000  963 0.340000 
-0.065000  -0.970000  964 0.340000 
-0.310000  -0.790000  965 0.340000 
0.110000  -0.670000  966 0.340000 
-0.010000  -0.780000  967 0.340000 
-0.090000  -0.890000  968 0.340000 
-0.165000  -0.920000  969 0.340000 
0.080000  -0.800000  970 0.340000 
0.190000  -0.870000  971 0.340000 
-0.150000  -0.770000  972 0.340000 
0.035000  -0.680000  973 0.340000 
0.165000  -0.580000  974 0.340000 
-0.125000  -0.830000  975 0.340000 
-0.170000  -0.670000  976 0.340000 
-0.325000  -0.970000  977 0.340000 
-0.385000  -0.850000  978 0.340000 
-0.225000  -0.870000  979 0.340000 
-0.005000  -1.010000  980 0.340000 
-0.360000  -0.900000  981 0.340000 
-0.125000  -0.800000  982 0.340000 
-0.185000  -0.850000  983 0.340000 
0.000000  -0.890000  984 0.340000 
0.140000  -0.830000  985 0.340000 
-0.400000  -0.920000  986 0.340000 
-0.205000  -0.790000  987 0.340000 
-0.160000  -0.880000  988 0.340000 
0.015000  -0.930000  989 0.340000 
0.080000  -0.910000  990 0.340000 
0.450000  -1.110000  991 0.340000 
0.405000  -0.900000  992 0.340000 
-0.185000  -0.920000  993 0.340000 
-0.015000  -1.120000  994 0.340000 
-0.190000  -0.920000  995 0.340000 
0.085000  -0.870000  996 0.340000 
0.130000  -0.780000  997 0.340000 
0.225000  -0.780000  998 0.340000 
0.200000  -0.760000  999 0.340000 
