-0.955000  -1.840000  0 0.480000 
-0.865000  -1.590000  1 0.480000 
-0.945000  -1.820000  2 0.480000 
-0.905000  -1.770000  3 0.480000 
-0.795000  -1.450000  4 0.480000 
-0.955000  -1.860000  5 0.480000 
-0.855000  -1.590000  6 0.480000 
-0.940000  -1.790000  7 0.480000 
-0.825000  -1.490000  8 0.480000 
-0.845000  -1.610000  9 0.480000 
-0.910000  -1.760000  10 0.480000 
-0.890000  -1.660000  11 0.480000 
-0.870000  -1.600000  12 0.480000 
-0.890000  -1.690000  13 0.480000 
-0.930000  -1.770000  14 0.480000 
-0.925000  -1.760000  15 0.480000 
-0.895000  -1.720000  16 0.480000 
-0.865000  -1.630000  17 0.480000 
-0.765000  -1.540000  18 0.480000 
-0.930000  -1.770000  19 0.480000 
-0.910000  -1.750000  20 0.480000 
-0.875000  -1.770000  21 0.480000 
-0.915000  -1.760000  22 0.480000 
-0.880000  -1.630000  23 0.480000 
-0.890000  -1.650000  24 0.480000 
-0.755000  -1.510000  25 0.480000 
-0.910000  -1.710000  26 0.480000 
-0.930000  -1.760000  27 0.480000 
-0.880000  -1.640000  28 0.480000 
-0.810000  -1.500000  29 0.480000 
-0.890000  -1.720000  30 0.480000 
-0.690000  -1.590000  31 0.480000 
-0.880000  -1.680000  32 0.480000 
-0.825000  -1.560000  33 0.480000 
-0.840000  -1.700000  34 0.480000 
-0.905000  -1.660000  35 0.480000 
-0.905000  -1.720000  36 0.480000 
-0.805000  -1.640000  37 0.480000 
-0.940000  -1.780000  38 0.480000 
-0.730000  -1.490000  39 0.480000 
-0.800000  -1.560000  40 0.480000 
-0.915000  -1.700000  41 0.480000 
-0.905000  -1.700000  42 0.480000 
-0.905000  -1.700000  43 0.480000 
-0.825000  -1.700000  44 0.480000 
-0.900000  -1.680000  45 0.480000 
-0.890000  -1.640000  46 0.480000 
-0.790000  -1.520000  47 0.480000 
-0.935000  -1.800000  48 0.480000 
-0.900000  -1.720000  49 0.480000 
-0.905000  -1.710000  50 0.480000 
-0.865000  -1.670000  51 0.480000 
-0.905000  -1.680000  52 0.480000 
-0.845000  -1.560000  53 0.480000 
-0.905000  -1.690000  54 0.480000 
-0.925000  -1.770000  55 0.480000 
-0.740000  -1.600000  56 0.480000 
-0.865000  -1.640000  57 0.480000 
-0.870000  -1.620000  58 0.480000 
-0.915000  -1.740000  59 0.480000 
-0.685000  -1.500000  60 0.480000 
-0.840000  -1.640000  61 0.480000 
-0.910000  -1.750000  62 0.480000 
-0.905000  -1.740000  63 0.480000 
-0.905000  -1.740000  64 0.480000 
-0.915000  -1.720000  65 0.480000 
-0.835000  -1.540000  66 0.480000 
-0.835000  -1.550000  67 0.480000 
-0.890000  -1.630000  68 0.480000 
-0.860000  -1.700000  69 0.480000 
-0.895000  -1.630000  70 0.480000 
-0.830000  -1.560000  71 0.480000 
-0.800000  -1.490000  72 0.480000 
-0.865000  -1.670000  73 0.480000 
-0.915000  -1.750000  74 0.480000 
-0.930000  -1.750000  75 0.480000 
-0.880000  -1.640000  76 0.480000 
-0.890000  -1.690000  77 0.480000 
-0.830000  -1.630000  78 0.480000 
-0.925000  -1.790000  79 0.480000 
-0.895000  -1.700000  80 0.480000 
-0.950000  -1.870000  81 0.480000 
-0.895000  -1.740000  82 0.480000 
-0.880000  -1.640000  83 0.480000 
-0.810000  -1.560000  84 0.480000 
-0.900000  -1.770000  85 0.480000 
-0.855000  -1.560000  86 0.480000 
-0.820000  -1.480000  87 0.480000 
-0.800000  -1.460000  88 0.480000 
-0.795000  -1.510000  89 0.480000 
-0.870000  -1.620000  90 0.480000 
-0.860000  -1.620000  91 0.480000 
-0.900000  -1.730000  92 0.480000 
-0.795000  -1.470000  93 0.480000 
-0.885000  -1.710000  94 0.480000 
-0.930000  -1.770000  95 0.480000 
-0.895000  -1.670000  96 0.480000 
-0.855000  -1.680000  97 0.480000 
-0.870000  -1.690000  98 0.480000 
-0.920000  -1.760000  99 0.480000 
-0.860000  -1.650000  100 0.480000 
-0.925000  -1.730000  101 0.480000 
-0.920000  -1.740000  102 0.480000 
-0.875000  -1.650000  103 0.480000 
-0.880000  -1.700000  104 0.480000 
-0.890000  -1.640000  105 0.480000 
-0.825000  -1.650000  106 0.480000 
-0.860000  -1.650000  107 0.480000 
-0.895000  -1.730000  108 0.480000 
-0.885000  -1.610000  109 0.480000 
-0.865000  -1.590000  110 0.480000 
-0.925000  -1.740000  111 0.480000 
-0.895000  -1.680000  112 0.480000 
-0.845000  -1.510000  113 0.480000 
-0.875000  -1.630000  114 0.480000 
-0.900000  -1.650000  115 0.480000 
-0.965000  -1.870000  116 0.480000 
-0.935000  -1.780000  117 0.480000 
-0.720000  -1.350000  118 0.480000 
-0.900000  -1.720000  119 0.480000 
-0.940000  -1.790000  120 0.480000 
-0.890000  -1.690000  121 0.480000 
-0.950000  -1.830000  122 0.480000 
-0.905000  -1.680000  123 0.480000 
-0.860000  -1.660000  124 0.480000 
-0.635000  -1.300000  125 0.480000 
-0.850000  -1.650000  126 0.480000 
-0.750000  -1.560000  127 0.480000 
-0.830000  -1.680000  128 0.480000 
-0.910000  -1.740000  129 0.480000 
-0.850000  -1.570000  130 0.480000 
-0.955000  -1.860000  131 0.480000 
-0.955000  -1.820000  132 0.480000 
-0.675000  -1.380000  133 0.480000 
-0.940000  -1.770000  134 0.480000 
-0.975000  -1.900000  135 0.480000 
-0.935000  -1.790000  136 0.480000 
-0.855000  -1.580000  137 0.480000 
-0.840000  -1.640000  138 0.480000 
-0.850000  -1.650000  139 0.480000 
-0.935000  -1.780000  140 0.480000 
-0.915000  -1.760000  141 0.480000 
-0.900000  -1.680000  142 0.480000 
-0.905000  -1.770000  143 0.480000 
-0.950000  -1.840000  144 0.480000 
-0.815000  -1.530000  145 0.480000 
-0.810000  -1.600000  146 0.480000 
-0.915000  -1.710000  147 0.480000 
-0.945000  -1.800000  148 0.480000 
-0.900000  -1.650000  149 0.480000 
-0.840000  -1.630000  150 0.480000 
-0.880000  -1.640000  151 0.480000 
-0.900000  -1.660000  152 0.480000 
-0.885000  -1.650000  153 0.480000 
-0.895000  -1.640000  154 0.480000 
-0.835000  -1.520000  155 0.480000 
-0.930000  -1.780000  156 0.480000 
-0.905000  -1.750000  157 0.480000 
-0.900000  -1.700000  158 0.480000 
-0.910000  -1.730000  159 0.480000 
-0.925000  -1.740000  160 0.480000 
-0.950000  -1.820000  161 0.480000 
-0.835000  -1.560000  162 0.480000 
-0.860000  -1.600000  163 0.480000 
-0.780000  -1.560000  164 0.480000 
-0.805000  -1.680000  165 0.480000 
-0.815000  -1.570000  166 0.480000 
-0.880000  -1.690000  167 0.480000 
-0.870000  -1.670000  168 0.480000 
-0.910000  -1.710000  169 0.480000 
-0.890000  -1.670000  170 0.480000 
-0.715000  -1.540000  171 0.480000 
-0.885000  -1.630000  172 0.480000 
-0.910000  -1.700000  173 0.480000 
-0.910000  -1.700000  174 0.480000 
-0.955000  -1.850000  175 0.480000 
-0.730000  -1.390000  176 0.480000 
-0.840000  -1.510000  177 0.480000 
-0.830000  -1.560000  178 0.480000 
-0.905000  -1.720000  179 0.480000 
-0.890000  -1.690000  180 0.480000 
-0.865000  -1.630000  181 0.480000 
-0.935000  -1.780000  182 0.480000 
-0.820000  -1.650000  183 0.480000 
-0.940000  -1.770000  184 0.480000 
-0.940000  -1.780000  185 0.480000 
-0.930000  -1.750000  186 0.480000 
-0.830000  -1.610000  187 0.480000 
-0.935000  -1.760000  188 0.480000 
-0.845000  -1.670000  189 0.480000 
-0.890000  -1.680000  190 0.480000 
-0.895000  -1.720000  191 0.480000 
-0.945000  -1.840000  192 0.480000 
-0.890000  -1.680000  193 0.480000 
-0.925000  -1.780000  194 0.480000 
-0.900000  -1.740000  195 0.480000 
-0.765000  -1.590000  196 0.480000 
-0.920000  -1.770000  197 0.480000 
-0.965000  -1.870000  198 0.480000 
-0.910000  -1.720000  199 0.480000 
-0.875000  -1.680000  200 0.480000 
-0.940000  -1.820000  201 0.480000 
-0.835000  -1.520000  202 0.480000 
-0.910000  -1.690000  203 0.480000 
-0.840000  -1.610000  204 0.480000 
-0.885000  -1.720000  205 0.480000 
-0.920000  -1.760000  206 0.480000 
-0.715000  -1.530000  207 0.480000 
-0.895000  -1.760000  208 0.480000 
-0.915000  -1.710000  209 0.480000 
-0.950000  -1.820000  210 0.480000 
-0.865000  -1.570000  211 0.480000 
-0.855000  -1.680000  212 0.480000 
-0.785000  -1.540000  213 0.480000 
-0.830000  -1.550000  214 0.480000 
-0.880000  -1.690000  215 0.480000 
-0.870000  -1.660000  216 0.480000 
-0.915000  -1.700000  217 0.480000 
-0.900000  -1.730000  218 0.480000 
-0.930000  -1.780000  219 0.480000 
-0.685000  -1.450000  220 0.480000 
-0.945000  -1.810000  221 0.480000 
-0.905000  -1.710000  222 0.480000 
-0.845000  -1.630000  223 0.480000 
-0.885000  -1.640000  224 0.480000 
-0.945000  -1.800000  225 0.480000 
-0.930000  -1.740000  226 0.480000 
-0.950000  -1.800000  227 0.480000 
-0.775000  -1.480000  228 0.480000 
-0.840000  -1.620000  229 0.480000 
-0.795000  -1.590000  230 0.480000 
-0.890000  -1.700000  231 0.480000 
-0.860000  -1.650000  232 0.480000 
-0.730000  -1.590000  233 0.480000 
-0.885000  -1.640000  234 0.480000 
-0.935000  -1.760000  235 0.480000 
-0.830000  -1.590000  236 0.480000 
-0.930000  -1.800000  237 0.480000 
-0.735000  -1.520000  238 0.480000 
-0.895000  -1.690000  239 0.480000 
-0.895000  -1.660000  240 0.480000 
-0.925000  -1.770000  241 0.480000 
-0.895000  -1.680000  242 0.480000 
-0.930000  -1.740000  243 0.480000 
-0.945000  -1.800000  244 0.480000 
-0.790000  -1.510000  245 0.480000 
-0.910000  -1.720000  246 0.480000 
-0.945000  -1.820000  247 0.480000 
-0.910000  -1.750000  248 0.480000 
-0.905000  -1.700000  249 0.480000 
-0.905000  -1.680000  250 0.480000 
-0.935000  -1.770000  251 0.480000 
-0.935000  -1.760000  252 0.480000 
-0.875000  -1.620000  253 0.480000 
-0.945000  -1.820000  254 0.480000 
-0.900000  -1.700000  255 0.480000 
-0.865000  -1.680000  256 0.480000 
-0.790000  -1.520000  257 0.480000 
-0.880000  -1.650000  258 0.480000 
-0.835000  -1.620000  259 0.480000 
-0.920000  -1.730000  260 0.480000 
-0.905000  -1.720000  261 0.480000 
-0.955000  -1.840000  262 0.480000 
-0.925000  -1.800000  263 0.480000 
-0.885000  -1.620000  264 0.480000 
-0.925000  -1.750000  265 0.480000 
-0.760000  -1.590000  266 0.480000 
-0.945000  -1.810000  267 0.480000 
-0.885000  -1.660000  268 0.480000 
-0.950000  -1.820000  269 0.480000 
-0.890000  -1.640000  270 0.480000 
-0.830000  -1.450000  271 0.480000 
-0.935000  -1.770000  272 0.480000 
-0.860000  -1.630000  273 0.480000 
-0.880000  -1.610000  274 0.480000 
-0.945000  -1.800000  275 0.480000 
-0.875000  -1.600000  276 0.480000 
-0.895000  -1.660000  277 0.480000 
-0.880000  -1.700000  278 0.480000 
-0.900000  -1.670000  279 0.480000 
-0.865000  -1.620000  280 0.480000 
-0.905000  -1.770000  281 0.480000 
-0.885000  -1.650000  282 0.480000 
-0.880000  -1.640000  283 0.480000 
-0.910000  -1.720000  284 0.480000 
-0.895000  -1.770000  285 0.480000 
-0.905000  -1.750000  286 0.480000 
-0.935000  -1.780000  287 0.480000 
-0.935000  -1.790000  288 0.480000 
-0.900000  -1.720000  289 0.480000 
-0.920000  -1.750000  290 0.480000 
-0.935000  -1.780000  291 0.480000 
-0.940000  -1.800000  292 0.480000 
-0.815000  -1.650000  293 0.480000 
-0.885000  -1.680000  294 0.480000 
-0.900000  -1.720000  295 0.480000 
-0.915000  -1.720000  296 0.480000 
-0.820000  -1.620000  297 0.480000 
-0.900000  -1.730000  298 0.480000 
-0.895000  -1.660000  299 0.480000 
-0.920000  -1.780000  300 0.480000 
-0.850000  -1.620000  301 0.480000 
-0.925000  -1.740000  302 0.480000 
-0.830000  -1.540000  303 0.480000 
-0.865000  -1.640000  304 0.480000 
-0.930000  -1.770000  305 0.480000 
-0.845000  -1.620000  306 0.480000 
-0.720000  -1.550000  307 0.480000 
-0.765000  -1.430000  308 0.480000 
-0.805000  -1.460000  309 0.480000 
-0.935000  -1.760000  310 0.480000 
-0.870000  -1.640000  311 0.480000 
-0.915000  -1.790000  312 0.480000 
-0.940000  -1.800000  313 0.480000 
-0.780000  -1.530000  314 0.480000 
-0.900000  -1.660000  315 0.480000 
-0.880000  -1.600000  316 0.480000 
-0.975000  -1.900000  317 0.480000 
-0.750000  -1.580000  318 0.480000 
-0.930000  -1.750000  319 0.480000 
-0.915000  -1.750000  320 0.480000 
-0.915000  -1.780000  321 0.480000 
-0.835000  -1.640000  322 0.480000 
-0.950000  -1.840000  323 0.480000 
-0.920000  -1.750000  324 0.480000 
-0.890000  -1.650000  325 0.480000 
-0.880000  -1.650000  326 0.480000 
-0.845000  -1.610000  327 0.480000 
-0.880000  -1.610000  328 0.480000 
-0.875000  -1.610000  329 0.480000 
-0.910000  -1.700000  330 0.480000 
-0.915000  -1.740000  331 0.480000 
-0.900000  -1.730000  332 0.480000 
-0.915000  -1.710000  333 0.480000 
-0.810000  -1.630000  334 0.480000 
-0.870000  -1.650000  335 0.480000 
-0.890000  -1.700000  336 0.480000 
-0.840000  -1.540000  337 0.480000 
-0.880000  -1.730000  338 0.480000 
-0.930000  -1.830000  339 0.480000 
-0.810000  -1.580000  340 0.480000 
-0.630000  -1.350000  341 0.480000 
-0.860000  -1.620000  342 0.480000 
-0.960000  -1.850000  343 0.480000 
-0.935000  -1.780000  344 0.480000 
-0.860000  -1.590000  345 0.480000 
-0.885000  -1.650000  346 0.480000 
-0.945000  -1.800000  347 0.480000 
-0.780000  -1.500000  348 0.480000 
-0.810000  -1.660000  349 0.480000 
-0.805000  -1.560000  350 0.480000 
-0.870000  -1.630000  351 0.480000 
-0.890000  -1.740000  352 0.480000 
-0.910000  -1.690000  353 0.480000 
-0.855000  -1.630000  354 0.480000 
-0.920000  -1.750000  355 0.480000 
-0.920000  -1.760000  356 0.480000 
-0.945000  -1.800000  357 0.480000 
-0.910000  -1.700000  358 0.480000 
-0.900000  -1.710000  359 0.480000 
-0.900000  -1.740000  360 0.480000 
-0.930000  -1.770000  361 0.480000 
-0.805000  -1.550000  362 0.480000 
-0.900000  -1.670000  363 0.480000 
-0.905000  -1.710000  364 0.480000 
-0.875000  -1.670000  365 0.480000 
-0.840000  -1.620000  366 0.480000 
-0.895000  -1.700000  367 0.480000 
-0.840000  -1.570000  368 0.480000 
-0.925000  -1.750000  369 0.480000 
-0.900000  -1.740000  370 0.480000 
-0.895000  -1.660000  371 0.480000 
-0.785000  -1.710000  372 0.480000 
-0.935000  -1.880000  373 0.480000 
-0.880000  -1.590000  374 0.480000 
-0.945000  -1.810000  375 0.480000 
-0.805000  -1.590000  376 0.480000 
-0.850000  -1.550000  377 0.480000 
-0.765000  -1.660000  378 0.480000 
-0.895000  -1.660000  379 0.480000 
-0.895000  -1.640000  380 0.480000 
-0.775000  -1.520000  381 0.480000 
-0.830000  -1.610000  382 0.480000 
-0.815000  -1.560000  383 0.480000 
-0.840000  -1.670000  384 0.480000 
-0.925000  -1.740000  385 0.480000 
-0.900000  -1.710000  386 0.480000 
-0.890000  -1.620000  387 0.480000 
-0.870000  -1.620000  388 0.480000 
-0.750000  -1.550000  389 0.480000 
-0.880000  -1.670000  390 0.480000 
-0.845000  -1.540000  391 0.480000 
-0.975000  -1.910000  392 0.480000 
-0.920000  -1.730000  393 0.480000 
-0.925000  -1.750000  394 0.480000 
-0.885000  -1.660000  395 0.480000 
-0.940000  -1.800000  396 0.480000 
-0.890000  -1.680000  397 0.480000 
-0.900000  -1.700000  398 0.480000 
-0.870000  -1.660000  399 0.480000 
-0.930000  -1.750000  400 0.480000 
-0.915000  -1.730000  401 0.480000 
-0.940000  -1.790000  402 0.480000 
-0.910000  -1.700000  403 0.480000 
-0.970000  -1.880000  404 0.480000 
-0.945000  -1.810000  405 0.480000 
-0.860000  -1.660000  406 0.480000 
-0.875000  -1.650000  407 0.480000 
-0.905000  -1.700000  408 0.480000 
-0.790000  -1.620000  409 0.480000 
-0.935000  -1.790000  410 0.480000 
-0.920000  -1.730000  411 0.480000 
-0.845000  -1.600000  412 0.480000 
-0.910000  -1.750000  413 0.480000 
-0.855000  -1.650000  414 0.480000 
-0.765000  -1.690000  415 0.480000 
-0.920000  -1.780000  416 0.480000 
-0.850000  -1.660000  417 0.480000 
-0.855000  -1.580000  418 0.480000 
-0.905000  -1.690000  419 0.480000 
-0.840000  -1.500000  420 0.480000 
-0.680000  -1.410000  421 0.480000 
-0.890000  -1.660000  422 0.480000 
-0.935000  -1.800000  423 0.480000 
-0.725000  -1.440000  424 0.480000 
-0.885000  -1.650000  425 0.480000 
-0.830000  -1.660000  426 0.480000 
-0.845000  -1.600000  427 0.480000 
-0.925000  -1.720000  428 0.480000 
-0.905000  -1.700000  429 0.480000 
-0.820000  -1.640000  430 0.480000 
-0.905000  -1.720000  431 0.480000 
-0.760000  -1.460000  432 0.480000 
-0.800000  -1.530000  433 0.480000 
-0.945000  -1.800000  434 0.480000 
-0.330000  -1.460000  435 0.480000 
-0.930000  -1.750000  436 0.480000 
-0.865000  -1.610000  437 0.480000 
-0.895000  -1.690000  438 0.480000 
-0.840000  -1.570000  439 0.480000 
-0.940000  -1.790000  440 0.480000 
-0.900000  -1.680000  441 0.480000 
-0.915000  -1.710000  442 0.480000 
-0.945000  -1.810000  443 0.480000 
-0.940000  -1.810000  444 0.480000 
-0.930000  -1.760000  445 0.480000 
-0.920000  -1.770000  446 0.480000 
-0.890000  -1.700000  447 0.480000 
-0.915000  -1.740000  448 0.480000 
-0.885000  -1.630000  449 0.480000 
-0.935000  -1.810000  450 0.480000 
-0.835000  -1.680000  451 0.480000 
-0.905000  -1.720000  452 0.480000 
-0.750000  -1.540000  453 0.480000 
-0.940000  -1.820000  454 0.480000 
-0.885000  -1.630000  455 0.480000 
-0.865000  -1.640000  456 0.480000 
-0.920000  -1.750000  457 0.480000 
-0.910000  -1.720000  458 0.480000 
-0.870000  -1.600000  459 0.480000 
-0.830000  -1.580000  460 0.480000 
-0.950000  -1.820000  461 0.480000 
-0.885000  -1.730000  462 0.480000 
-0.950000  -1.810000  463 0.480000 
-0.935000  -1.780000  464 0.480000 
-0.720000  -1.420000  465 0.480000 
-0.875000  -1.690000  466 0.480000 
-0.840000  -1.580000  467 0.480000 
-0.935000  -1.830000  468 0.480000 
-0.790000  -1.590000  469 0.480000 
-0.880000  -1.680000  470 0.480000 
-0.850000  -1.680000  471 0.480000 
-0.945000  -1.800000  472 0.480000 
-0.925000  -1.740000  473 0.480000 
-0.830000  -1.650000  474 0.480000 
-0.855000  -1.610000  475 0.480000 
-0.835000  -1.580000  476 0.480000 
-0.905000  -1.730000  477 0.480000 
-0.945000  -1.790000  478 0.480000 
-0.785000  -1.510000  479 0.480000 
-0.900000  -1.690000  480 0.480000 
-0.915000  -1.720000  481 0.480000 
-0.895000  -1.680000  482 0.480000 
-0.865000  -1.610000  483 0.480000 
-0.935000  -1.800000  484 0.480000 
-0.895000  -1.660000  485 0.480000 
-0.845000  -1.610000  486 0.480000 
-0.930000  -1.790000  487 0.480000 
-0.925000  -1.750000  488 0.480000 
-0.925000  -1.730000  489 0.480000 
-0.905000  -1.680000  490 0.480000 
-0.885000  -1.650000  491 0.480000 
-0.855000  -1.700000  492 0.480000 
-0.905000  -1.710000  493 0.480000 
-0.910000  -1.690000  494 0.480000 
-0.900000  -1.700000  495 0.480000 
-0.870000  -1.670000  496 0.480000 
-0.880000  -1.630000  497 0.480000 
-0.890000  -1.670000  498 0.480000 
-0.925000  -1.760000  499 0.480000 
-0.875000  -1.630000  500 0.480000 
-0.920000  -1.730000  501 0.480000 
-0.835000  -1.620000  502 0.480000 
-0.915000  -1.720000  503 0.480000 
-0.915000  -1.750000  504 0.480000 
-0.895000  -1.680000  505 0.480000 
-0.745000  -1.540000  506 0.480000 
-0.855000  -1.550000  507 0.480000 
-0.910000  -1.720000  508 0.480000 
-0.915000  -1.710000  509 0.480000 
-0.885000  -1.720000  510 0.480000 
-0.835000  -1.530000  511 0.480000 
-0.910000  -1.710000  512 0.480000 
-0.785000  -1.610000  513 0.480000 
-0.960000  -1.860000  514 0.480000 
-0.820000  -1.640000  515 0.480000 
-0.865000  -1.650000  516 0.480000 
-0.900000  -1.700000  517 0.480000 
-0.930000  -1.800000  518 0.480000 
-0.805000  -1.500000  519 0.480000 
-0.840000  -1.590000  520 0.480000 
-0.865000  -1.660000  521 0.480000 
-0.855000  -1.730000  522 0.480000 
-0.865000  -1.650000  523 0.480000 
-0.915000  -1.710000  524 0.480000 
-0.800000  -1.590000  525 0.480000 
-0.910000  -1.700000  526 0.480000 
-0.885000  -1.680000  527 0.480000 
-0.835000  -1.580000  528 0.480000 
-0.925000  -1.740000  529 0.480000 
-0.875000  -1.680000  530 0.480000 
-0.920000  -1.750000  531 0.480000 
-0.930000  -1.750000  532 0.480000 
-0.985000  -1.940000  533 0.480000 
-0.865000  -1.650000  534 0.480000 
-0.910000  -1.740000  535 0.480000 
-0.875000  -1.670000  536 0.480000 
-0.905000  -1.710000  537 0.480000 
-0.945000  -1.870000  538 0.480000 
-0.825000  -1.650000  539 0.480000 
-0.875000  -1.670000  540 0.480000 
-0.930000  -1.770000  541 0.480000 
-0.890000  -1.650000  542 0.480000 
-0.875000  -1.760000  543 0.480000 
-0.900000  -1.710000  544 0.480000 
-0.885000  -1.720000  545 0.480000 
-0.935000  -1.790000  546 0.480000 
-0.925000  -1.770000  547 0.480000 
-0.880000  -1.710000  548 0.480000 
-0.945000  -1.810000  549 0.480000 
-0.915000  -1.710000  550 0.480000 
-0.895000  -1.650000  551 0.480000 
-0.915000  -1.760000  552 0.480000 
-0.615000  -1.300000  553 0.480000 
-0.900000  -1.660000  554 0.480000 
-0.950000  -1.800000  555 0.480000 
-0.945000  -1.810000  556 0.480000 
-0.920000  -1.780000  557 0.480000 
-0.905000  -1.690000  558 0.480000 
-0.925000  -1.750000  559 0.480000 
-0.835000  -1.630000  560 0.480000 
-0.950000  -1.840000  561 0.480000 
-0.870000  -1.610000  562 0.480000 
-0.805000  -1.530000  563 0.480000 
-0.910000  -1.740000  564 0.480000 
-0.885000  -1.740000  565 0.480000 
-0.935000  -1.800000  566 0.480000 
-0.880000  -1.610000  567 0.480000 
-0.935000  -1.750000  568 0.480000 
-0.900000  -1.730000  569 0.480000 
-0.475000  -1.430000  570 0.480000 
-0.960000  -1.850000  571 0.480000 
-0.675000  -1.500000  572 0.480000 
-0.935000  -1.770000  573 0.480000 
-0.930000  -1.750000  574 0.480000 
-0.895000  -1.700000  575 0.480000 
-0.905000  -1.670000  576 0.480000 
-0.935000  -1.770000  577 0.480000 
-0.880000  -1.640000  578 0.480000 
-0.925000  -1.730000  579 0.480000 
-0.810000  -1.480000  580 0.480000 
-0.935000  -1.780000  581 0.480000 
-0.910000  -1.730000  582 0.480000 
-0.965000  -1.870000  583 0.480000 
-0.890000  -1.710000  584 0.480000 
-0.895000  -1.660000  585 0.480000 
-0.905000  -1.670000  586 0.480000 
-0.840000  -1.650000  587 0.480000 
-0.945000  -1.780000  588 0.480000 
-0.945000  -1.830000  589 0.480000 
-0.880000  -1.660000  590 0.480000 
-0.855000  -1.680000  591 0.480000 
-0.900000  -1.650000  592 0.480000 
-0.900000  -1.750000  593 0.480000 
-0.900000  -1.720000  594 0.480000 
-0.945000  -1.800000  595 0.480000 
-0.910000  -1.710000  596 0.480000 
-0.890000  -1.640000  597 0.480000 
-0.855000  -1.560000  598 0.480000 
-0.955000  -1.820000  599 0.480000 
-0.895000  -1.650000  600 0.480000 
-0.930000  -1.770000  601 0.480000 
-0.915000  -1.710000  602 0.480000 
-0.885000  -1.690000  603 0.480000 
-0.840000  -1.610000  604 0.480000 
-0.865000  -1.660000  605 0.480000 
-0.800000  -1.550000  606 0.480000 
-0.925000  -1.730000  607 0.480000 
-0.895000  -1.670000  608 0.480000 
-0.920000  -1.760000  609 0.480000 
-0.910000  -1.690000  610 0.480000 
-0.890000  -1.720000  611 0.480000 
-0.905000  -1.740000  612 0.480000 
-0.930000  -1.800000  613 0.480000 
-0.900000  -1.690000  614 0.480000 
-0.720000  -1.530000  615 0.480000 
-0.480000  -1.420000  616 0.480000 
-0.380000  -1.380000  617 0.480000 
-0.885000  -1.690000  618 0.480000 
-0.880000  -1.690000  619 0.480000 
-0.950000  -1.810000  620 0.480000 
-0.930000  -1.780000  621 0.480000 
-0.855000  -1.570000  622 0.480000 
-0.880000  -1.630000  623 0.480000 
-0.920000  -1.760000  624 0.480000 
-0.870000  -1.620000  625 0.480000 
-0.895000  -1.680000  626 0.480000 
-0.870000  -1.660000  627 0.480000 
-0.830000  -1.690000  628 0.480000 
-0.885000  -1.690000  629 0.480000 
-0.930000  -1.780000  630 0.480000 
-0.965000  -1.870000  631 0.480000 
-0.915000  -1.700000  632 0.480000 
-0.830000  -1.550000  633 0.480000 
-0.885000  -1.750000  634 0.480000 
-0.905000  -1.750000  635 0.480000 
-0.840000  -1.540000  636 0.480000 
-0.830000  -1.610000  637 0.480000 
-0.870000  -1.700000  638 0.480000 
-0.870000  -1.620000  639 0.480000 
-0.895000  -1.680000  640 0.480000 
-0.925000  -1.760000  641 0.480000 
-0.925000  -1.790000  642 0.480000 
-0.930000  -1.770000  643 0.480000 
-0.900000  -1.700000  644 0.480000 
-0.925000  -1.730000  645 0.480000 
-0.910000  -1.710000  646 0.480000 
-0.830000  -1.550000  647 0.480000 
-0.940000  -1.800000  648 0.480000 
-0.920000  -1.720000  649 0.480000 
-0.900000  -1.730000  650 0.480000 
-0.870000  -1.660000  651 0.480000 
-0.890000  -1.650000  652 0.480000 
-0.745000  -1.430000  653 0.480000 
-0.865000  -1.660000  654 0.480000 
-0.920000  -1.800000  655 0.480000 
-0.855000  -1.660000  656 0.480000 
-0.875000  -1.650000  657 0.480000 
-0.895000  -1.780000  658 0.480000 
-0.875000  -1.660000  659 0.480000 
-0.805000  -1.570000  660 0.480000 
-0.895000  -1.750000  661 0.480000 
-0.925000  -1.760000  662 0.480000 
-0.890000  -1.730000  663 0.480000 
-0.630000  -1.420000  664 0.480000 
-0.730000  -1.480000  665 0.480000 
-0.935000  -1.740000  666 0.480000 
-0.810000  -1.560000  667 0.480000 
-0.825000  -1.650000  668 0.480000 
-0.915000  -1.740000  669 0.480000 
-0.890000  -1.670000  670 0.480000 
-0.910000  -1.690000  671 0.480000 
-0.920000  -1.730000  672 0.480000 
-0.905000  -1.690000  673 0.480000 
-0.875000  -1.720000  674 0.480000 
-0.520000  -1.480000  675 0.480000 
-0.895000  -1.670000  676 0.480000 
-0.945000  -1.810000  677 0.480000 
-0.910000  -1.760000  678 0.480000 
-0.945000  -1.830000  679 0.480000 
-0.840000  -1.570000  680 0.480000 
-0.870000  -1.680000  681 0.480000 
-0.925000  -1.770000  682 0.480000 
-0.905000  -1.690000  683 0.480000 
-0.855000  -1.650000  684 0.480000 
-0.835000  -1.570000  685 0.480000 
-0.950000  -1.830000  686 0.480000 
-0.810000  -1.570000  687 0.480000 
-0.875000  -1.600000  688 0.480000 
-0.910000  -1.740000  689 0.480000 
-0.905000  -1.690000  690 0.480000 
-0.915000  -1.750000  691 0.480000 
-0.880000  -1.680000  692 0.480000 
-0.920000  -1.720000  693 0.480000 
-0.885000  -1.630000  694 0.480000 
-0.920000  -1.760000  695 0.480000 
-0.955000  -1.830000  696 0.480000 
-0.885000  -1.710000  697 0.480000 
-0.955000  -1.850000  698 0.480000 
-0.860000  -1.590000  699 0.480000 
-0.905000  -1.730000  700 0.480000 
-0.940000  -1.810000  701 0.480000 
-0.795000  -1.540000  702 0.480000 
-0.910000  -1.700000  703 0.480000 
-0.905000  -1.700000  704 0.480000 
-0.890000  -1.640000  705 0.480000 
-0.890000  -1.680000  706 0.480000 
-0.880000  -1.660000  707 0.480000 
-0.890000  -1.690000  708 0.480000 
-0.945000  -1.820000  709 0.480000 
-0.845000  -1.690000  710 0.480000 
-0.935000  -1.760000  711 0.480000 
-0.915000  -1.740000  712 0.480000 
-0.930000  -1.750000  713 0.480000 
-0.870000  -1.570000  714 0.480000 
-0.905000  -1.680000  715 0.480000 
-0.755000  -1.650000  716 0.480000 
-0.910000  -1.710000  717 0.480000 
-0.970000  -1.890000  718 0.480000 
-0.890000  -1.630000  719 0.480000 
-0.895000  -1.670000  720 0.480000 
-0.530000  -1.390000  721 0.480000 
-0.855000  -1.710000  722 0.480000 
-0.830000  -1.580000  723 0.480000 
-0.915000  -1.720000  724 0.480000 
-0.895000  -1.650000  725 0.480000 
-0.930000  -1.790000  726 0.480000 
-0.865000  -1.730000  727 0.480000 
-0.925000  -1.780000  728 0.480000 
-0.870000  -1.620000  729 0.480000 
-0.730000  -1.520000  730 0.480000 
-0.885000  -1.630000  731 0.480000 
-0.925000  -1.760000  732 0.480000 
-0.900000  -1.780000  733 0.480000 
-0.905000  -1.730000  734 0.480000 
-0.870000  -1.580000  735 0.480000 
-0.895000  -1.730000  736 0.480000 
-0.825000  -1.580000  737 0.480000 
-0.910000  -1.750000  738 0.480000 
-0.930000  -1.760000  739 0.480000 
-0.735000  -1.410000  740 0.480000 
-0.850000  -1.630000  741 0.480000 
-0.930000  -1.720000  742 0.480000 
-0.935000  -1.780000  743 0.480000 
-0.795000  -1.490000  744 0.480000 
-0.900000  -1.690000  745 0.480000 
-0.890000  -1.680000  746 0.480000 
-0.900000  -1.680000  747 0.480000 
-0.900000  -1.740000  748 0.480000 
-0.935000  -1.800000  749 0.480000 
-0.870000  -1.660000  750 0.480000 
-0.920000  -1.700000  751 0.480000 
-0.930000  -1.800000  752 0.480000 
-0.935000  -1.790000  753 0.480000 
-0.905000  -1.700000  754 0.480000 
-0.805000  -1.520000  755 0.480000 
-0.870000  -1.570000  756 0.480000 
-0.890000  -1.670000  757 0.480000 
-0.925000  -1.760000  758 0.480000 
-0.885000  -1.630000  759 0.480000 
-0.825000  -1.650000  760 0.480000 
-0.875000  -1.690000  761 0.480000 
-0.900000  -1.680000  762 0.480000 
-0.940000  -1.800000  763 0.480000 
-0.870000  -1.660000  764 0.480000 
-0.880000  -1.660000  765 0.480000 
-0.900000  -1.700000  766 0.480000 
-0.925000  -1.750000  767 0.480000 
-0.915000  -1.770000  768 0.480000 
-0.865000  -1.690000  769 0.480000 
-0.800000  -1.540000  770 0.480000 
-0.930000  -1.770000  771 0.480000 
-0.925000  -1.760000  772 0.480000 
-0.935000  -1.780000  773 0.480000 
-0.830000  -1.660000  774 0.480000 
-0.885000  -1.640000  775 0.480000 
-0.950000  -1.840000  776 0.480000 
-0.880000  -1.650000  777 0.480000 
-0.915000  -1.760000  778 0.480000 
-0.900000  -1.720000  779 0.480000 
-0.890000  -1.720000  780 0.480000 
-0.805000  -1.540000  781 0.480000 
-0.905000  -1.720000  782 0.480000 
-0.920000  -1.730000  783 0.480000 
-0.815000  -1.550000  784 0.480000 
-0.925000  -1.740000  785 0.480000 
-0.940000  -1.780000  786 0.480000 
-0.920000  -1.790000  787 0.480000 
-0.820000  -1.590000  788 0.480000 
-0.900000  -1.680000  789 0.480000 
-0.875000  -1.620000  790 0.480000 
-0.920000  -1.770000  791 0.480000 
-0.945000  -1.820000  792 0.480000 
-0.925000  -1.760000  793 0.480000 
-0.865000  -1.660000  794 0.480000 
-0.865000  -1.680000  795 0.480000 
-0.915000  -1.720000  796 0.480000 
-0.835000  -1.540000  797 0.480000 
-0.910000  -1.720000  798 0.480000 
-0.915000  -1.720000  799 0.480000 
-0.935000  -1.820000  800 0.480000 
-0.820000  -1.500000  801 0.480000 
-0.745000  -1.430000  802 0.480000 
-0.920000  -1.720000  803 0.480000 
-0.905000  -1.730000  804 0.480000 
-0.835000  -1.680000  805 0.480000 
-0.815000  -1.570000  806 0.480000 
-0.910000  -1.710000  807 0.480000 
-0.915000  -1.730000  808 0.480000 
-0.955000  -1.850000  809 0.480000 
-0.895000  -1.660000  810 0.480000 
-0.955000  -1.820000  811 0.480000 
-0.910000  -1.740000  812 0.480000 
-0.740000  -1.560000  813 0.480000 
-0.865000  -1.680000  814 0.480000 
-0.915000  -1.730000  815 0.480000 
-0.925000  -1.750000  816 0.480000 
-0.735000  -1.540000  817 0.480000 
-0.920000  -1.780000  818 0.480000 
-0.925000  -1.750000  819 0.480000 
-0.925000  -1.750000  820 0.480000 
-0.875000  -1.670000  821 0.480000 
-0.945000  -1.800000  822 0.480000 
-0.920000  -1.740000  823 0.480000 
-0.890000  -1.750000  824 0.480000 
-0.925000  -1.750000  825 0.480000 
-0.895000  -1.680000  826 0.480000 
-0.855000  -1.580000  827 0.480000 
-0.835000  -1.590000  828 0.480000 
-0.870000  -1.560000  829 0.480000 
-0.920000  -1.780000  830 0.480000 
-0.900000  -1.690000  831 0.480000 
-0.830000  -1.530000  832 0.480000 
-0.930000  -1.820000  833 0.480000 
-0.840000  -1.630000  834 0.480000 
-0.845000  -1.630000  835 0.480000 
-0.815000  -1.570000  836 0.480000 
-0.855000  -1.570000  837 0.480000 
-0.815000  -1.570000  838 0.480000 
-0.945000  -1.810000  839 0.480000 
-0.920000  -1.760000  840 0.480000 
-0.885000  -1.720000  841 0.480000 
-0.745000  -1.590000  842 0.480000 
-0.740000  -1.450000  843 0.480000 
-0.950000  -1.810000  844 0.480000 
-0.880000  -1.650000  845 0.480000 
-0.845000  -1.570000  846 0.480000 
-0.930000  -1.810000  847 0.480000 
-0.155000  -1.380000  848 0.480000 
-0.880000  -1.700000  849 0.480000 
-0.645000  -1.560000  850 0.480000 
-0.735000  -1.420000  851 0.480000 
-0.930000  -1.750000  852 0.480000 
-0.900000  -1.670000  853 0.480000 
-0.885000  -1.680000  854 0.480000 
-0.905000  -1.790000  855 0.480000 
-0.895000  -1.700000  856 0.480000 
-0.905000  -1.720000  857 0.480000 
-0.850000  -1.630000  858 0.480000 
-0.810000  -1.580000  859 0.480000 
-0.775000  -1.690000  860 0.480000 
-0.815000  -1.570000  861 0.480000 
-0.865000  -1.680000  862 0.480000 
-0.940000  -1.820000  863 0.480000 
-0.755000  -1.490000  864 0.480000 
-0.845000  -1.630000  865 0.480000 
-0.910000  -1.710000  866 0.480000 
-0.940000  -1.780000  867 0.480000 
-0.805000  -1.550000  868 0.480000 
-0.865000  -1.630000  869 0.480000 
-0.855000  -1.620000  870 0.480000 
-0.900000  -1.680000  871 0.480000 
-0.730000  -1.470000  872 0.480000 
-0.905000  -1.710000  873 0.480000 
-0.865000  -1.690000  874 0.480000 
-0.840000  -1.560000  875 0.480000 
-0.960000  -1.850000  876 0.480000 
-0.860000  -1.720000  877 0.480000 
-0.905000  -1.710000  878 0.480000 
-0.935000  -1.770000  879 0.480000 
-0.925000  -1.780000  880 0.480000 
-0.850000  -1.560000  881 0.480000 
-0.935000  -1.820000  882 0.480000 
-0.860000  -1.670000  883 0.480000 
-0.875000  -1.730000  884 0.480000 
-0.850000  -1.580000  885 0.480000 
-0.915000  -1.720000  886 0.480000 
-0.945000  -1.810000  887 0.480000 
-0.850000  -1.610000  888 0.480000 
-0.895000  -1.670000  889 0.480000 
-0.885000  -1.620000  890 0.480000 
-0.865000  -1.660000  891 0.480000 
-0.945000  -1.800000  892 0.480000 
-0.850000  -1.620000  893 0.480000 
-0.940000  -1.790000  894 0.480000 
-0.955000  -1.860000  895 0.480000 
-0.835000  -1.550000  896 0.480000 
-0.770000  -1.500000  897 0.480000 
-0.810000  -1.530000  898 0.480000 
-0.860000  -1.620000  899 0.480000 
-0.885000  -1.610000  900 0.480000 
-0.855000  -1.610000  901 0.480000 
-0.885000  -1.650000  902 0.480000 
-0.780000  -1.410000  903 0.480000 
-0.920000  -1.740000  904 0.480000 
-0.815000  -1.510000  905 0.480000 
-0.920000  -1.730000  906 0.480000 
-0.865000  -1.630000  907 0.480000 
-0.795000  -1.630000  908 0.480000 
-0.920000  -1.770000  909 0.480000 
-0.925000  -1.770000  910 0.480000 
-0.930000  -1.760000  911 0.480000 
-0.900000  -1.680000  912 0.480000 
-0.875000  -1.640000  913 0.480000 
-0.920000  -1.720000  914 0.480000 
-0.705000  -1.380000  915 0.480000 
-0.905000  -1.750000  916 0.480000 
-0.915000  -1.720000  917 0.480000 
-0.875000  -1.610000  918 0.480000 
-0.920000  -1.730000  919 0.480000 
-0.935000  -1.760000  920 0.480000 
-0.920000  -1.720000  921 0.480000 
-0.920000  -1.720000  922 0.480000 
-0.875000  -1.670000  923 0.480000 
-0.855000  -1.580000  924 0.480000 
-0.600000  -1.440000  925 0.480000 
-0.905000  -1.700000  926 0.480000 
-0.945000  -1.810000  927 0.480000 
-0.810000  -1.620000  928 0.480000 
-0.815000  -1.550000  929 0.480000 
-0.905000  -1.690000  930 0.480000 
-0.875000  -1.660000  931 0.480000 
-0.630000  -1.430000  932 0.480000 
-0.955000  -1.840000  933 0.480000 
-0.890000  -1.640000  934 0.480000 
-0.940000  -1.800000  935 0.480000 
-0.925000  -1.740000  936 0.480000 
-0.670000  -1.660000  937 0.480000 
-0.890000  -1.670000  938 0.480000 
-0.870000  -1.610000  939 0.480000 
-0.820000  -1.560000  940 0.480000 
-0.850000  -1.690000  941 0.480000 
-0.850000  -1.590000  942 0.480000 
-0.940000  -1.800000  943 0.480000 
-0.950000  -1.820000  944 0.480000 
-0.940000  -1.810000  945 0.480000 
-0.805000  -1.650000  946 0.480000 
-0.925000  -1.770000  947 0.480000 
-0.910000  -1.710000  948 0.480000 
-0.770000  -1.410000  949 0.480000 
-0.870000  -1.610000  950 0.480000 
-0.915000  -1.740000  951 0.480000 
-0.925000  -1.720000  952 0.480000 
-0.950000  -1.840000  953 0.480000 
-0.880000  -1.720000  954 0.480000 
-0.895000  -1.650000  955 0.480000 
-0.820000  -1.540000  956 0.480000 
-0.920000  -1.730000  957 0.480000 
-0.920000  -1.750000  958 0.480000 
-0.895000  -1.710000  959 0.480000 
-0.965000  -1.860000  960 0.480000 
-0.950000  -1.820000  961 0.480000 
-0.705000  -1.300000  962 0.480000 
-0.930000  -1.740000  963 0.480000 
-0.890000  -1.670000  964 0.480000 
-0.905000  -1.700000  965 0.480000 
-0.885000  -1.680000  966 0.480000 
-0.885000  -1.640000  967 0.480000 
-0.830000  -1.510000  968 0.480000 
-0.870000  -1.670000  969 0.480000 
-0.925000  -1.770000  970 0.480000 
-0.905000  -1.700000  971 0.480000 
-0.910000  -1.700000  972 0.480000 
-0.850000  -1.570000  973 0.480000 
-0.865000  -1.640000  974 0.480000 
-0.720000  -1.460000  975 0.480000 
-0.910000  -1.690000  976 0.480000 
-0.920000  -1.730000  977 0.480000 
-0.915000  -1.760000  978 0.480000 
-0.965000  -1.880000  979 0.480000 
-0.845000  -1.610000  980 0.480000 
-0.880000  -1.720000  981 0.480000 
-0.900000  -1.630000  982 0.480000 
-0.915000  -1.750000  983 0.480000 
-0.895000  -1.750000  984 0.480000 
-0.820000  -1.540000  985 0.480000 
-0.915000  -1.700000  986 0.480000 
-0.850000  -1.700000  987 0.480000 
-0.850000  -1.500000  988 0.480000 
-0.840000  -1.600000  989 0.480000 
-0.925000  -1.770000  990 0.480000 
-0.840000  -1.520000  991 0.480000 
-0.965000  -1.860000  992 0.480000 
-0.875000  -1.620000  993 0.480000 
-0.885000  -1.710000  994 0.480000 
-0.895000  -1.680000  995 0.480000 
-0.860000  -1.640000  996 0.480000 
-0.725000  -1.460000  997 0.480000 
-0.965000  -1.870000  998 0.480000 
-0.905000  -1.700000  999 0.480000 
