-0.075000  -0.810000  0 0.330000 
-0.155000  -0.890000  1 0.330000 
0.085000  -0.720000  2 0.330000 
-0.125000  -0.860000  3 0.330000 
0.295000  -0.770000  4 0.330000 
-0.085000  -0.820000  5 0.330000 
0.000000  -0.670000  6 0.330000 
0.045000  -0.720000  7 0.330000 
-0.050000  -0.690000  8 0.330000 
0.230000  -0.640000  9 0.330000 
0.485000  -0.990000  10 0.330000 
0.070000  -0.810000  11 0.330000 
-0.040000  -0.790000  12 0.330000 
0.095000  -0.790000  13 0.330000 
-0.110000  -0.830000  14 0.330000 
0.145000  -0.920000  15 0.330000 
-0.200000  -0.710000  16 0.330000 
-0.175000  -0.780000  17 0.330000 
-0.105000  -0.730000  18 0.330000 
-0.200000  -0.900000  19 0.330000 
-0.045000  -0.720000  20 0.330000 
-0.165000  -0.860000  21 0.330000 
0.070000  -0.610000  22 0.330000 
-0.220000  -0.710000  23 0.330000 
0.230000  -0.810000  24 0.330000 
0.075000  -0.790000  25 0.330000 
-0.060000  -0.770000  26 0.330000 
0.075000  -0.830000  27 0.330000 
-0.170000  -0.880000  28 0.330000 
-0.255000  -0.710000  29 0.330000 
-0.170000  -0.780000  30 0.330000 
-0.180000  -0.730000  31 0.330000 
-0.140000  -0.660000  32 0.330000 
0.105000  -0.900000  33 0.330000 
0.030000  -0.780000  34 0.330000 
0.160000  -0.690000  35 0.330000 
-0.170000  -0.660000  36 0.330000 
0.220000  -0.910000  37 0.330000 
-0.135000  -0.670000  38 0.330000 
0.175000  -0.770000  39 0.330000 
-0.280000  -0.830000  40 0.330000 
0.150000  -0.930000  41 0.330000 
0.025000  -0.840000  42 0.330000 
-0.080000  -0.710000  43 0.330000 
0.185000  -0.820000  44 0.330000 
0.050000  -0.790000  45 0.330000 
-0.260000  -0.800000  46 0.330000 
0.215000  -0.870000  47 0.330000 
0.150000  -0.820000  48 0.330000 
0.380000  -0.830000  49 0.330000 
-0.225000  -0.780000  50 0.330000 
-0.345000  -1.000000  51 0.330000 
0.045000  -0.850000  52 0.330000 
0.120000  -0.790000  53 0.330000 
-0.075000  -0.810000  54 0.330000 
0.305000  -0.920000  55 0.330000 
-0.265000  -0.870000  56 0.330000 
0.070000  -0.770000  57 0.330000 
0.170000  -0.800000  58 0.330000 
-0.075000  -0.760000  59 0.330000 
0.170000  -0.760000  60 0.330000 
0.080000  -0.830000  61 0.330000 
0.075000  -0.760000  62 0.330000 
-0.145000  -0.800000  63 0.330000 
0.235000  -0.720000  64 0.330000 
0.270000  -0.790000  65 0.330000 
0.220000  -0.700000  66 0.330000 
0.300000  -0.820000  67 0.330000 
-0.015000  -0.650000  68 0.330000 
0.155000  -0.900000  69 0.330000 
-0.165000  -0.840000  70 0.330000 
0.140000  -0.900000  71 0.330000 
-0.245000  -0.870000  72 0.330000 
-0.055000  -0.640000  73 0.330000 
-0.095000  -0.830000  74 0.330000 
-0.195000  -0.930000  75 0.330000 
0.100000  -0.670000  76 0.330000 
-0.025000  -0.850000  77 0.330000 
-0.210000  -0.810000  78 0.330000 
-0.045000  -0.880000  79 0.330000 
-0.065000  -0.780000  80 0.330000 
-0.165000  -0.560000  81 0.330000 
0.190000  -0.610000  82 0.330000 
-0.005000  -0.880000  83 0.330000 
-0.110000  -0.780000  84 0.330000 
-0.070000  -0.700000  85 0.330000 
0.400000  -0.970000  86 0.330000 
-0.035000  -0.730000  87 0.330000 
0.055000  -0.710000  88 0.330000 
0.040000  -0.780000  89 0.330000 
-0.005000  -0.720000  90 0.330000 
-0.315000  -0.920000  91 0.330000 
0.235000  -0.780000  92 0.330000 
-0.025000  -0.820000  93 0.330000 
-0.065000  -0.850000  94 0.330000 
-0.150000  -0.720000  95 0.330000 
-0.155000  -0.710000  96 0.330000 
-0.025000  -0.840000  97 0.330000 
0.145000  -0.810000  98 0.330000 
0.230000  -0.830000  99 0.330000 
0.005000  -0.800000  100 0.330000 
0.035000  -0.920000  101 0.330000 
0.200000  -0.810000  102 0.330000 
0.035000  -0.830000  103 0.330000 
-0.165000  -0.910000  104 0.330000 
-0.110000  -0.760000  105 0.330000 
-0.175000  -0.800000  106 0.330000 
-0.175000  -0.950000  107 0.330000 
0.125000  -1.040000  108 0.330000 
-0.020000  -0.850000  109 0.330000 
-0.120000  -0.800000  110 0.330000 
-0.185000  -0.840000  111 0.330000 
-0.065000  -0.790000  112 0.330000 
-0.270000  -0.920000  113 0.330000 
-0.375000  -0.960000  114 0.330000 
-0.110000  -0.730000  115 0.330000 
-0.200000  -0.650000  116 0.330000 
-0.030000  -0.730000  117 0.330000 
-0.055000  -0.860000  118 0.330000 
0.025000  -0.730000  119 0.330000 
-0.105000  -0.710000  120 0.330000 
-0.060000  -1.070000  121 0.330000 
-0.060000  -0.760000  122 0.330000 
0.320000  -0.830000  123 0.330000 
-0.115000  -0.750000  124 0.330000 
-0.015000  -0.700000  125 0.330000 
0.130000  -0.870000  126 0.330000 
0.210000  -0.700000  127 0.330000 
0.060000  -0.890000  128 0.330000 
0.180000  -0.650000  129 0.330000 
0.055000  -0.810000  130 0.330000 
-0.175000  -0.830000  131 0.330000 
-0.040000  -0.810000  132 0.330000 
-0.145000  -1.100000  133 0.330000 
0.220000  -0.790000  134 0.330000 
-0.250000  -0.760000  135 0.330000 
-0.090000  -0.980000  136 0.330000 
0.035000  -0.880000  137 0.330000 
-0.035000  -0.820000  138 0.330000 
-0.135000  -0.810000  139 0.330000 
0.045000  -0.810000  140 0.330000 
-0.080000  -0.750000  141 0.330000 
0.060000  -0.610000  142 0.330000 
-0.455000  -0.910000  143 0.330000 
0.295000  -0.830000  144 0.330000 
0.160000  -0.890000  145 0.330000 
0.035000  -0.850000  146 0.330000 
-0.110000  -0.700000  147 0.330000 
0.225000  -0.910000  148 0.330000 
0.050000  -0.880000  149 0.330000 
0.160000  -0.850000  150 0.330000 
-0.060000  -0.720000  151 0.330000 
0.005000  -0.870000  152 0.330000 
-0.305000  -0.880000  153 0.330000 
-0.340000  -0.910000  154 0.330000 
0.060000  -0.580000  155 0.330000 
0.145000  -0.850000  156 0.330000 
0.245000  -0.810000  157 0.330000 
-0.180000  -0.760000  158 0.330000 
-0.105000  -0.750000  159 0.330000 
0.100000  -0.750000  160 0.330000 
0.380000  -0.800000  161 0.330000 
0.015000  -0.790000  162 0.330000 
0.115000  -0.620000  163 0.330000 
0.180000  -0.800000  164 0.330000 
-0.145000  -1.010000  165 0.330000 
0.025000  -0.870000  166 0.330000 
-0.080000  -0.820000  167 0.330000 
0.095000  -0.760000  168 0.330000 
0.110000  -0.630000  169 0.330000 
-0.125000  -0.800000  170 0.330000 
0.095000  -0.790000  171 0.330000 
-0.190000  -0.720000  172 0.330000 
0.255000  -0.840000  173 0.330000 
0.110000  -0.810000  174 0.330000 
-0.190000  -0.730000  175 0.330000 
-0.320000  -0.870000  176 0.330000 
-0.040000  -0.810000  177 0.330000 
-0.055000  -0.810000  178 0.330000 
-0.175000  -0.950000  179 0.330000 
-0.030000  -0.690000  180 0.330000 
0.360000  -0.840000  181 0.330000 
0.140000  -0.910000  182 0.330000 
0.150000  -0.790000  183 0.330000 
0.005000  -0.680000  184 0.330000 
0.100000  -0.760000  185 0.330000 
0.130000  -0.710000  186 0.330000 
0.005000  -0.780000  187 0.330000 
0.185000  -0.930000  188 0.330000 
-0.120000  -0.720000  189 0.330000 
-0.025000  -0.820000  190 0.330000 
0.220000  -0.840000  191 0.330000 
-0.015000  -0.830000  192 0.330000 
0.065000  -0.880000  193 0.330000 
-0.075000  -0.870000  194 0.330000 
-0.015000  -0.770000  195 0.330000 
-0.070000  -0.900000  196 0.330000 
0.355000  -0.920000  197 0.330000 
0.060000  -0.670000  198 0.330000 
-0.050000  -0.750000  199 0.330000 
0.105000  -0.750000  200 0.330000 
-0.145000  -0.770000  201 0.330000 
-0.060000  -0.870000  202 0.330000 
0.010000  -0.870000  203 0.330000 
-0.150000  -0.790000  204 0.330000 
0.435000  -0.880000  205 0.330000 
0.135000  -0.820000  206 0.330000 
0.020000  -0.710000  207 0.330000 
0.065000  -0.820000  208 0.330000 
-0.045000  -0.790000  209 0.330000 
-0.015000  -0.830000  210 0.330000 
-0.010000  -0.840000  211 0.330000 
-0.250000  -0.770000  212 0.330000 
-0.235000  -0.840000  213 0.330000 
0.325000  -0.920000  214 0.330000 
0.190000  -0.880000  215 0.330000 
-0.025000  -0.910000  216 0.330000 
-0.020000  -0.740000  217 0.330000 
-0.010000  -0.550000  218 0.330000 
-0.225000  -0.850000  219 0.330000 
0.115000  -0.780000  220 0.330000 
-0.050000  -0.720000  221 0.330000 
0.080000  -0.840000  222 0.330000 
0.130000  -0.950000  223 0.330000 
0.030000  -0.860000  224 0.330000 
-0.095000  -0.700000  225 0.330000 
0.125000  -0.890000  226 0.330000 
-0.115000  -0.900000  227 0.330000 
0.175000  -0.750000  228 0.330000 
0.010000  -0.720000  229 0.330000 
-0.090000  -0.750000  230 0.330000 
0.095000  -0.750000  231 0.330000 
0.100000  -0.630000  232 0.330000 
-0.085000  -0.860000  233 0.330000 
-0.230000  -0.790000  234 0.330000 
0.040000  -0.810000  235 0.330000 
0.275000  -0.710000  236 0.330000 
0.230000  -0.900000  237 0.330000 
-0.115000  -0.760000  238 0.330000 
0.055000  -0.940000  239 0.330000 
-0.315000  -0.980000  240 0.330000 
-0.310000  -1.000000  241 0.330000 
0.120000  -0.540000  242 0.330000 
0.105000  -0.880000  243 0.330000 
-0.020000  -0.770000  244 0.330000 
-0.075000  -0.770000  245 0.330000 
0.295000  -0.860000  246 0.330000 
0.030000  -0.710000  247 0.330000 
-0.115000  -0.640000  248 0.330000 
0.345000  -0.860000  249 0.330000 
-0.130000  -0.880000  250 0.330000 
0.105000  -0.850000  251 0.330000 
-0.005000  -0.760000  252 0.330000 
-0.085000  -0.750000  253 0.330000 
-0.065000  -0.870000  254 0.330000 
0.065000  -0.790000  255 0.330000 
0.080000  -0.910000  256 0.330000 
-0.100000  -0.850000  257 0.330000 
-0.025000  -0.800000  258 0.330000 
0.040000  -0.880000  259 0.330000 
0.245000  -0.870000  260 0.330000 
0.010000  -0.790000  261 0.330000 
0.190000  -0.680000  262 0.330000 
0.225000  -0.750000  263 0.330000 
-0.185000  -0.710000  264 0.330000 
0.310000  -0.770000  265 0.330000 
0.165000  -0.930000  266 0.330000 
-0.085000  -0.700000  267 0.330000 
0.120000  -0.840000  268 0.330000 
-0.095000  -0.800000  269 0.330000 
-0.225000  -0.860000  270 0.330000 
-0.015000  -0.860000  271 0.330000 
-0.055000  -0.910000  272 0.330000 
0.115000  -0.770000  273 0.330000 
-0.160000  -0.640000  274 0.330000 
0.280000  -0.910000  275 0.330000 
0.130000  -0.780000  276 0.330000 
-0.075000  -0.810000  277 0.330000 
0.005000  -0.920000  278 0.330000 
-0.100000  -0.850000  279 0.330000 
-0.105000  -0.730000  280 0.330000 
-0.020000  -0.930000  281 0.330000 
-0.140000  -0.760000  282 0.330000 
-0.165000  -0.680000  283 0.330000 
0.005000  -0.740000  284 0.330000 
-0.405000  -0.970000  285 0.330000 
0.080000  -0.650000  286 0.330000 
0.065000  -0.720000  287 0.330000 
0.065000  -0.860000  288 0.330000 
0.105000  -0.810000  289 0.330000 
0.095000  -0.910000  290 0.330000 
0.060000  -0.700000  291 0.330000 
0.100000  -0.920000  292 0.330000 
0.170000  -0.910000  293 0.330000 
-0.140000  -0.790000  294 0.330000 
-0.080000  -0.810000  295 0.330000 
-0.120000  -0.860000  296 0.330000 
0.230000  -1.020000  297 0.330000 
0.155000  -0.810000  298 0.330000 
0.300000  -0.700000  299 0.330000 
-0.015000  -0.620000  300 0.330000 
0.175000  -0.740000  301 0.330000 
-0.145000  -0.980000  302 0.330000 
0.255000  -0.730000  303 0.330000 
0.210000  -0.680000  304 0.330000 
-0.255000  -0.810000  305 0.330000 
0.155000  -0.740000  306 0.330000 
-0.225000  -0.760000  307 0.330000 
0.005000  -0.840000  308 0.330000 
-0.115000  -0.820000  309 0.330000 
-0.120000  -0.810000  310 0.330000 
0.340000  -0.830000  311 0.330000 
-0.130000  -0.700000  312 0.330000 
0.385000  -0.900000  313 0.330000 
-0.175000  -0.680000  314 0.330000 
0.005000  -0.760000  315 0.330000 
-0.060000  -0.690000  316 0.330000 
0.055000  -0.810000  317 0.330000 
-0.210000  -0.730000  318 0.330000 
-0.135000  -1.020000  319 0.330000 
0.290000  -0.870000  320 0.330000 
0.285000  -0.730000  321 0.330000 
0.155000  -0.930000  322 0.330000 
-0.100000  -0.810000  323 0.330000 
-0.100000  -0.710000  324 0.330000 
0.130000  -0.800000  325 0.330000 
-0.210000  -0.850000  326 0.330000 
-0.045000  -0.790000  327 0.330000 
-0.095000  -0.770000  328 0.330000 
-0.310000  -0.770000  329 0.330000 
0.015000  -0.770000  330 0.330000 
-0.370000  -0.860000  331 0.330000 
0.050000  -0.770000  332 0.330000 
-0.005000  -0.650000  333 0.330000 
0.130000  -0.890000  334 0.330000 
0.035000  -0.920000  335 0.330000 
-0.040000  -0.710000  336 0.330000 
-0.140000  -0.740000  337 0.330000 
-0.090000  -0.760000  338 0.330000 
-0.390000  -0.800000  339 0.330000 
0.085000  -0.880000  340 0.330000 
-0.055000  -0.890000  341 0.330000 
-0.065000  -0.830000  342 0.330000 
0.160000  -0.740000  343 0.330000 
0.105000  -0.770000  344 0.330000 
-0.175000  -0.800000  345 0.330000 
-0.030000  -0.660000  346 0.330000 
-0.045000  -0.680000  347 0.330000 
0.295000  -0.820000  348 0.330000 
0.050000  -0.740000  349 0.330000 
-0.005000  -0.780000  350 0.330000 
0.235000  -0.830000  351 0.330000 
0.055000  -0.740000  352 0.330000 
-0.070000  -0.720000  353 0.330000 
0.250000  -0.710000  354 0.330000 
0.170000  -0.600000  355 0.330000 
0.225000  -0.910000  356 0.330000 
0.150000  -0.750000  357 0.330000 
-0.155000  -0.720000  358 0.330000 
0.105000  -0.780000  359 0.330000 
-0.045000  -0.940000  360 0.330000 
-0.025000  -0.720000  361 0.330000 
0.035000  -1.040000  362 0.330000 
0.065000  -0.850000  363 0.330000 
0.180000  -0.880000  364 0.330000 
0.035000  -0.770000  365 0.330000 
0.350000  -0.770000  366 0.330000 
0.030000  -0.830000  367 0.330000 
-0.175000  -0.780000  368 0.330000 
0.240000  -0.750000  369 0.330000 
-0.480000  -0.990000  370 0.330000 
0.070000  -0.790000  371 0.330000 
0.025000  -0.800000  372 0.330000 
0.000000  -0.590000  373 0.330000 
0.270000  -0.880000  374 0.330000 
-0.155000  -1.010000  375 0.330000 
-0.135000  -0.770000  376 0.330000 
-0.090000  -0.710000  377 0.330000 
-0.115000  -0.700000  378 0.330000 
0.065000  -0.900000  379 0.330000 
0.035000  -0.720000  380 0.330000 
0.020000  -0.710000  381 0.330000 
-0.040000  -0.870000  382 0.330000 
-0.035000  -0.840000  383 0.330000 
0.255000  -0.720000  384 0.330000 
-0.045000  -0.790000  385 0.330000 
0.110000  -0.790000  386 0.330000 
0.180000  -0.670000  387 0.330000 
0.125000  -0.790000  388 0.330000 
-0.065000  -0.830000  389 0.330000 
-0.250000  -0.790000  390 0.330000 
-0.010000  -0.870000  391 0.330000 
0.120000  -0.920000  392 0.330000 
0.120000  -0.770000  393 0.330000 
-0.135000  -0.720000  394 0.330000 
0.010000  -0.700000  395 0.330000 
-0.275000  -0.920000  396 0.330000 
0.140000  -0.640000  397 0.330000 
-0.275000  -0.760000  398 0.330000 
-0.090000  -0.910000  399 0.330000 
0.135000  -0.930000  400 0.330000 
0.050000  -0.870000  401 0.330000 
-0.045000  -0.810000  402 0.330000 
-0.065000  -0.790000  403 0.330000 
0.165000  -0.740000  404 0.330000 
-0.040000  -0.880000  405 0.330000 
-0.260000  -0.790000  406 0.330000 
-0.060000  -0.870000  407 0.330000 
0.205000  -0.840000  408 0.330000 
-0.315000  -0.790000  409 0.330000 
-0.180000  -0.760000  410 0.330000 
0.190000  -0.890000  411 0.330000 
-0.090000  -0.770000  412 0.330000 
-0.080000  -0.860000  413 0.330000 
0.145000  -0.710000  414 0.330000 
0.170000  -0.800000  415 0.330000 
-0.010000  -0.690000  416 0.330000 
-0.065000  -0.830000  417 0.330000 
0.265000  -0.970000  418 0.330000 
-0.065000  -0.830000  419 0.330000 
0.080000  -0.930000  420 0.330000 
-0.035000  -0.820000  421 0.330000 
-0.370000  -0.900000  422 0.330000 
0.070000  -0.700000  423 0.330000 
0.095000  -0.850000  424 0.330000 
-0.190000  -0.830000  425 0.330000 
-0.085000  -0.850000  426 0.330000 
-0.155000  -0.740000  427 0.330000 
-0.170000  -0.820000  428 0.330000 
-0.090000  -0.870000  429 0.330000 
-0.420000  -1.020000  430 0.330000 
0.190000  -0.790000  431 0.330000 
-0.035000  -0.880000  432 0.330000 
-0.105000  -0.740000  433 0.330000 
-0.005000  -0.680000  434 0.330000 
-0.180000  -0.730000  435 0.330000 
0.070000  -0.700000  436 0.330000 
-0.040000  -0.780000  437 0.330000 
-0.055000  -0.930000  438 0.330000 
0.235000  -0.930000  439 0.330000 
0.000000  -0.770000  440 0.330000 
0.105000  -0.870000  441 0.330000 
0.155000  -0.730000  442 0.330000 
-0.010000  -0.620000  443 0.330000 
-0.145000  -0.670000  444 0.330000 
0.120000  -0.710000  445 0.330000 
0.260000  -0.800000  446 0.330000 
-0.245000  -0.870000  447 0.330000 
0.070000  -0.880000  448 0.330000 
0.010000  -0.790000  449 0.330000 
0.025000  -0.840000  450 0.330000 
0.140000  -0.920000  451 0.330000 
-0.010000  -0.740000  452 0.330000 
-0.305000  -0.680000  453 0.330000 
-0.015000  -0.880000  454 0.330000 
0.155000  -0.770000  455 0.330000 
-0.110000  -0.730000  456 0.330000 
0.020000  -0.810000  457 0.330000 
0.020000  -0.840000  458 0.330000 
0.000000  -0.860000  459 0.330000 
-0.045000  -0.870000  460 0.330000 
0.000000  -0.760000  461 0.330000 
0.210000  -0.820000  462 0.330000 
-0.335000  -0.760000  463 0.330000 
-0.025000  -0.840000  464 0.330000 
0.115000  -0.920000  465 0.330000 
-0.310000  -0.890000  466 0.330000 
-0.175000  -0.800000  467 0.330000 
0.005000  -0.750000  468 0.330000 
-0.100000  -0.690000  469 0.330000 
-0.100000  -0.830000  470 0.330000 
-0.030000  -0.840000  471 0.330000 
0.010000  -0.680000  472 0.330000 
-0.050000  -0.700000  473 0.330000 
0.125000  -0.740000  474 0.330000 
-0.200000  -0.810000  475 0.330000 
0.030000  -0.760000  476 0.330000 
-0.020000  -0.870000  477 0.330000 
-0.285000  -0.720000  478 0.330000 
-0.175000  -0.910000  479 0.330000 
0.075000  -0.730000  480 0.330000 
-0.030000  -1.020000  481 0.330000 
-0.145000  -0.820000  482 0.330000 
-0.090000  -0.770000  483 0.330000 
-0.105000  -0.960000  484 0.330000 
-0.010000  -0.850000  485 0.330000 
0.140000  -0.830000  486 0.330000 
0.170000  -0.620000  487 0.330000 
0.090000  -0.800000  488 0.330000 
-0.150000  -0.800000  489 0.330000 
0.060000  -0.760000  490 0.330000 
-0.140000  -0.900000  491 0.330000 
-0.095000  -0.840000  492 0.330000 
-0.255000  -0.960000  493 0.330000 
0.045000  -0.770000  494 0.330000 
0.045000  -0.690000  495 0.330000 
0.180000  -0.670000  496 0.330000 
0.140000  -0.770000  497 0.330000 
-0.130000  -0.670000  498 0.330000 
-0.510000  -1.070000  499 0.330000 
-0.025000  -0.860000  500 0.330000 
0.200000  -0.900000  501 0.330000 
-0.115000  -0.760000  502 0.330000 
0.160000  -0.760000  503 0.330000 
-0.165000  -0.720000  504 0.330000 
-0.085000  -0.720000  505 0.330000 
0.100000  -0.690000  506 0.330000 
-0.060000  -0.600000  507 0.330000 
-0.035000  -0.840000  508 0.330000 
-0.135000  -0.950000  509 0.330000 
-0.035000  -0.700000  510 0.330000 
-0.150000  -0.800000  511 0.330000 
-0.075000  -0.870000  512 0.330000 
0.085000  -0.780000  513 0.330000 
0.210000  -0.980000  514 0.330000 
0.050000  -0.900000  515 0.330000 
-0.015000  -0.880000  516 0.330000 
0.145000  -0.770000  517 0.330000 
0.025000  -0.860000  518 0.330000 
0.020000  -0.740000  519 0.330000 
-0.165000  -0.770000  520 0.330000 
-0.370000  -0.990000  521 0.330000 
0.095000  -0.610000  522 0.330000 
0.105000  -0.970000  523 0.330000 
-0.110000  -0.900000  524 0.330000 
0.205000  -0.730000  525 0.330000 
-0.085000  -0.790000  526 0.330000 
0.040000  -0.790000  527 0.330000 
-0.290000  -0.740000  528 0.330000 
0.090000  -0.730000  529 0.330000 
0.140000  -0.750000  530 0.330000 
0.090000  -0.880000  531 0.330000 
0.175000  -0.730000  532 0.330000 
-0.100000  -1.030000  533 0.330000 
0.070000  -0.820000  534 0.330000 
0.080000  -0.820000  535 0.330000 
-0.240000  -0.770000  536 0.330000 
0.175000  -0.910000  537 0.330000 
-0.285000  -0.900000  538 0.330000 
-0.290000  -1.000000  539 0.330000 
0.125000  -0.950000  540 0.330000 
0.060000  -0.810000  541 0.330000 
-0.120000  -0.760000  542 0.330000 
-0.105000  -0.670000  543 0.330000 
0.335000  -0.880000  544 0.330000 
-0.345000  -0.940000  545 0.330000 
-0.025000  -0.810000  546 0.330000 
-0.200000  -0.980000  547 0.330000 
-0.055000  -0.840000  548 0.330000 
-0.095000  -0.990000  549 0.330000 
0.005000  -0.680000  550 0.330000 
-0.025000  -0.780000  551 0.330000 
-0.020000  -0.890000  552 0.330000 
0.010000  -0.970000  553 0.330000 
0.050000  -0.740000  554 0.330000 
-0.050000  -0.770000  555 0.330000 
0.255000  -0.840000  556 0.330000 
0.310000  -0.750000  557 0.330000 
0.015000  -0.700000  558 0.330000 
-0.235000  -0.890000  559 0.330000 
-0.120000  -0.780000  560 0.330000 
-0.235000  -0.900000  561 0.330000 
0.220000  -0.770000  562 0.330000 
-0.065000  -0.760000  563 0.330000 
0.185000  -0.870000  564 0.330000 
-0.230000  -0.830000  565 0.330000 
0.130000  -0.750000  566 0.330000 
0.280000  -0.940000  567 0.330000 
-0.225000  -0.910000  568 0.330000 
0.190000  -0.790000  569 0.330000 
0.100000  -0.800000  570 0.330000 
0.195000  -0.980000  571 0.330000 
0.260000  -1.020000  572 0.330000 
0.035000  -0.860000  573 0.330000 
0.030000  -0.730000  574 0.330000 
-0.295000  -0.930000  575 0.330000 
0.145000  -0.740000  576 0.330000 
-0.190000  -0.800000  577 0.330000 
0.085000  -0.660000  578 0.330000 
0.105000  -0.810000  579 0.330000 
-0.070000  -0.720000  580 0.330000 
0.070000  -0.920000  581 0.330000 
0.150000  -0.800000  582 0.330000 
-0.070000  -0.760000  583 0.330000 
0.120000  -0.780000  584 0.330000 
0.155000  -0.840000  585 0.330000 
0.095000  -0.620000  586 0.330000 
-0.005000  -0.670000  587 0.330000 
0.040000  -0.800000  588 0.330000 
0.085000  -0.660000  589 0.330000 
0.060000  -0.820000  590 0.330000 
-0.060000  -1.000000  591 0.330000 
0.120000  -0.870000  592 0.330000 
0.230000  -0.820000  593 0.330000 
0.000000  -0.850000  594 0.330000 
-0.365000  -0.990000  595 0.330000 
0.210000  -0.820000  596 0.330000 
0.260000  -1.120000  597 0.330000 
-0.240000  -0.790000  598 0.330000 
-0.105000  -0.750000  599 0.330000 
-0.155000  -0.750000  600 0.330000 
0.020000  -0.790000  601 0.330000 
0.000000  -0.830000  602 0.330000 
-0.175000  -0.820000  603 0.330000 
-0.110000  -0.760000  604 0.330000 
-0.125000  -0.970000  605 0.330000 
-0.060000  -0.840000  606 0.330000 
-0.310000  -0.940000  607 0.330000 
0.150000  -0.870000  608 0.330000 
-0.105000  -0.810000  609 0.330000 
0.055000  -0.690000  610 0.330000 
-0.075000  -0.900000  611 0.330000 
-0.200000  -0.880000  612 0.330000 
-0.060000  -0.760000  613 0.330000 
-0.175000  -0.870000  614 0.330000 
0.250000  -0.940000  615 0.330000 
-0.010000  -0.650000  616 0.330000 
0.060000  -0.910000  617 0.330000 
-0.115000  -0.870000  618 0.330000 
0.140000  -0.720000  619 0.330000 
0.040000  -0.780000  620 0.330000 
0.065000  -0.680000  621 0.330000 
-0.045000  -0.810000  622 0.330000 
0.020000  -0.800000  623 0.330000 
-0.180000  -0.710000  624 0.330000 
0.045000  -0.910000  625 0.330000 
-0.040000  -0.790000  626 0.330000 
-0.170000  -0.700000  627 0.330000 
0.015000  -0.810000  628 0.330000 
0.130000  -0.810000  629 0.330000 
-0.015000  -0.860000  630 0.330000 
0.355000  -0.840000  631 0.330000 
-0.080000  -0.850000  632 0.330000 
0.045000  -0.810000  633 0.330000 
-0.165000  -0.660000  634 0.330000 
0.100000  -0.730000  635 0.330000 
0.020000  -0.850000  636 0.330000 
-0.340000  -0.900000  637 0.330000 
-0.155000  -1.020000  638 0.330000 
-0.230000  -0.930000  639 0.330000 
0.080000  -0.710000  640 0.330000 
0.110000  -0.830000  641 0.330000 
0.385000  -1.050000  642 0.330000 
-0.040000  -0.690000  643 0.330000 
-0.045000  -0.870000  644 0.330000 
0.170000  -0.720000  645 0.330000 
0.140000  -0.660000  646 0.330000 
0.000000  -0.850000  647 0.330000 
-0.070000  -0.800000  648 0.330000 
0.130000  -0.790000  649 0.330000 
0.010000  -0.710000  650 0.330000 
0.045000  -0.680000  651 0.330000 
-0.235000  -0.910000  652 0.330000 
-0.045000  -0.880000  653 0.330000 
-0.045000  -0.800000  654 0.330000 
-0.110000  -0.840000  655 0.330000 
-0.205000  -0.770000  656 0.330000 
-0.060000  -0.770000  657 0.330000 
-0.225000  -0.840000  658 0.330000 
-0.170000  -0.590000  659 0.330000 
-0.195000  -0.720000  660 0.330000 
0.110000  -0.910000  661 0.330000 
-0.015000  -0.820000  662 0.330000 
0.385000  -0.960000  663 0.330000 
-0.025000  -0.770000  664 0.330000 
-0.095000  -0.830000  665 0.330000 
-0.195000  -0.780000  666 0.330000 
-0.010000  -0.850000  667 0.330000 
0.050000  -0.720000  668 0.330000 
0.070000  -0.940000  669 0.330000 
0.090000  -0.910000  670 0.330000 
0.085000  -0.740000  671 0.330000 
0.195000  -0.770000  672 0.330000 
-0.065000  -0.870000  673 0.330000 
-0.075000  -0.610000  674 0.330000 
0.120000  -0.870000  675 0.330000 
-0.215000  -0.730000  676 0.330000 
0.000000  -0.820000  677 0.330000 
-0.140000  -0.910000  678 0.330000 
-0.210000  -0.630000  679 0.330000 
0.330000  -0.900000  680 0.330000 
0.360000  -0.820000  681 0.330000 
-0.010000  -0.810000  682 0.330000 
0.040000  -0.750000  683 0.330000 
-0.325000  -0.990000  684 0.330000 
-0.135000  -0.780000  685 0.330000 
-0.095000  -0.790000  686 0.330000 
0.035000  -0.800000  687 0.330000 
-0.135000  -1.010000  688 0.330000 
0.035000  -0.700000  689 0.330000 
0.050000  -0.750000  690 0.330000 
0.040000  -0.750000  691 0.330000 
-0.355000  -0.890000  692 0.330000 
-0.055000  -0.860000  693 0.330000 
0.135000  -0.990000  694 0.330000 
0.180000  -0.840000  695 0.330000 
0.390000  -0.800000  696 0.330000 
-0.150000  -0.790000  697 0.330000 
0.090000  -0.740000  698 0.330000 
0.120000  -0.750000  699 0.330000 
0.145000  -0.830000  700 0.330000 
0.105000  -0.780000  701 0.330000 
-0.255000  -0.720000  702 0.330000 
0.105000  -0.790000  703 0.330000 
0.200000  -0.650000  704 0.330000 
-0.140000  -0.830000  705 0.330000 
-0.070000  -0.860000  706 0.330000 
0.215000  -0.930000  707 0.330000 
0.090000  -0.630000  708 0.330000 
0.010000  -0.720000  709 0.330000 
0.240000  -1.020000  710 0.330000 
0.005000  -0.810000  711 0.330000 
0.115000  -0.800000  712 0.330000 
-0.045000  -0.660000  713 0.330000 
0.130000  -0.760000  714 0.330000 
-0.370000  -1.010000  715 0.330000 
-0.075000  -0.880000  716 0.330000 
0.025000  -0.770000  717 0.330000 
0.005000  -0.810000  718 0.330000 
-0.095000  -1.000000  719 0.330000 
-0.045000  -0.820000  720 0.330000 
-0.125000  -0.770000  721 0.330000 
-0.070000  -0.600000  722 0.330000 
0.150000  -0.770000  723 0.330000 
-0.085000  -0.660000  724 0.330000 
0.015000  -0.860000  725 0.330000 
-0.035000  -0.670000  726 0.330000 
-0.015000  -0.850000  727 0.330000 
-0.065000  -0.730000  728 0.330000 
-0.090000  -0.790000  729 0.330000 
0.140000  -0.940000  730 0.330000 
-0.135000  -0.730000  731 0.330000 
-0.270000  -0.930000  732 0.330000 
0.230000  -0.830000  733 0.330000 
-0.140000  -0.680000  734 0.330000 
-0.155000  -0.870000  735 0.330000 
-0.230000  -0.980000  736 0.330000 
-0.090000  -0.860000  737 0.330000 
-0.150000  -0.740000  738 0.330000 
0.125000  -0.990000  739 0.330000 
0.035000  -0.760000  740 0.330000 
-0.225000  -0.780000  741 0.330000 
0.075000  -0.930000  742 0.330000 
-0.060000  -0.830000  743 0.330000 
0.160000  -1.060000  744 0.330000 
-0.140000  -0.940000  745 0.330000 
-0.010000  -0.510000  746 0.330000 
0.090000  -0.710000  747 0.330000 
-0.215000  -0.990000  748 0.330000 
0.260000  -0.780000  749 0.330000 
0.205000  -0.960000  750 0.330000 
-0.130000  -0.660000  751 0.330000 
-0.105000  -0.690000  752 0.330000 
-0.155000  -0.700000  753 0.330000 
-0.140000  -0.750000  754 0.330000 
-0.075000  -0.670000  755 0.330000 
0.040000  -0.790000  756 0.330000 
0.045000  -0.980000  757 0.330000 
-0.025000  -0.730000  758 0.330000 
0.310000  -0.760000  759 0.330000 
0.090000  -0.710000  760 0.330000 
0.200000  -0.820000  761 0.330000 
-0.190000  -0.770000  762 0.330000 
0.045000  -1.030000  763 0.330000 
-0.100000  -0.770000  764 0.330000 
0.160000  -0.770000  765 0.330000 
-0.095000  -0.900000  766 0.330000 
-0.160000  -0.800000  767 0.330000 
-0.125000  -0.660000  768 0.330000 
-0.045000  -0.830000  769 0.330000 
-0.215000  -0.810000  770 0.330000 
0.245000  -1.110000  771 0.330000 
-0.220000  -0.760000  772 0.330000 
-0.100000  -0.980000  773 0.330000 
0.030000  -0.760000  774 0.330000 
0.120000  -0.830000  775 0.330000 
-0.060000  -0.730000  776 0.330000 
0.135000  -0.870000  777 0.330000 
0.030000  -1.000000  778 0.330000 
-0.225000  -0.670000  779 0.330000 
0.000000  -0.720000  780 0.330000 
0.135000  -0.770000  781 0.330000 
0.125000  -0.890000  782 0.330000 
0.145000  -0.630000  783 0.330000 
-0.075000  -0.900000  784 0.330000 
0.100000  -0.720000  785 0.330000 
-0.035000  -0.720000  786 0.330000 
-0.115000  -0.660000  787 0.330000 
0.075000  -0.760000  788 0.330000 
-0.095000  -0.710000  789 0.330000 
-0.215000  -0.800000  790 0.330000 
0.055000  -0.880000  791 0.330000 
0.175000  -0.950000  792 0.330000 
-0.085000  -0.800000  793 0.330000 
0.460000  -0.880000  794 0.330000 
0.000000  -0.760000  795 0.330000 
0.055000  -0.640000  796 0.330000 
0.100000  -0.910000  797 0.330000 
-0.405000  -0.990000  798 0.330000 
0.070000  -0.730000  799 0.330000 
0.170000  -0.910000  800 0.330000 
-0.165000  -0.790000  801 0.330000 
0.100000  -0.740000  802 0.330000 
0.170000  -0.860000  803 0.330000 
0.080000  -0.920000  804 0.330000 
0.060000  -0.730000  805 0.330000 
-0.355000  -0.880000  806 0.330000 
0.110000  -0.920000  807 0.330000 
0.275000  -0.930000  808 0.330000 
-0.045000  -0.590000  809 0.330000 
0.155000  -0.730000  810 0.330000 
0.010000  -0.830000  811 0.330000 
0.010000  -0.790000  812 0.330000 
0.130000  -0.890000  813 0.330000 
-0.275000  -0.830000  814 0.330000 
-0.255000  -0.890000  815 0.330000 
0.030000  -0.850000  816 0.330000 
-0.260000  -0.810000  817 0.330000 
0.265000  -0.760000  818 0.330000 
0.240000  -0.940000  819 0.330000 
-0.125000  -0.820000  820 0.330000 
-0.025000  -0.980000  821 0.330000 
0.075000  -0.910000  822 0.330000 
-0.075000  -0.810000  823 0.330000 
0.115000  -0.780000  824 0.330000 
0.300000  -0.900000  825 0.330000 
-0.015000  -0.800000  826 0.330000 
0.020000  -0.750000  827 0.330000 
-0.020000  -0.720000  828 0.330000 
0.165000  -0.710000  829 0.330000 
-0.040000  -0.770000  830 0.330000 
0.080000  -0.820000  831 0.330000 
0.080000  -0.680000  832 0.330000 
-0.070000  -0.740000  833 0.330000 
-0.085000  -0.710000  834 0.330000 
-0.105000  -0.980000  835 0.330000 
0.240000  -0.820000  836 0.330000 
0.020000  -0.810000  837 0.330000 
0.280000  -0.880000  838 0.330000 
0.110000  -0.920000  839 0.330000 
-0.130000  -0.690000  840 0.330000 
0.060000  -0.760000  841 0.330000 
-0.165000  -0.620000  842 0.330000 
0.080000  -0.810000  843 0.330000 
0.140000  -0.820000  844 0.330000 
-0.065000  -0.600000  845 0.330000 
-0.110000  -0.680000  846 0.330000 
-0.045000  -0.850000  847 0.330000 
0.195000  -0.810000  848 0.330000 
-0.275000  -0.670000  849 0.330000 
-0.015000  -0.750000  850 0.330000 
-0.080000  -0.930000  851 0.330000 
-0.015000  -0.560000  852 0.330000 
-0.105000  -0.790000  853 0.330000 
-0.030000  -0.710000  854 0.330000 
-0.010000  -0.720000  855 0.330000 
0.175000  -0.890000  856 0.330000 
0.185000  -0.710000  857 0.330000 
0.120000  -0.850000  858 0.330000 
0.050000  -0.800000  859 0.330000 
0.310000  -0.880000  860 0.330000 
-0.045000  -0.770000  861 0.330000 
0.050000  -0.800000  862 0.330000 
-0.020000  -0.710000  863 0.330000 
-0.290000  -0.850000  864 0.330000 
-0.090000  -0.820000  865 0.330000 
-0.275000  -0.810000  866 0.330000 
-0.260000  -0.730000  867 0.330000 
-0.280000  -0.890000  868 0.330000 
-0.085000  -0.760000  869 0.330000 
0.230000  -0.830000  870 0.330000 
-0.125000  -0.830000  871 0.330000 
-0.200000  -0.890000  872 0.330000 
0.225000  -0.800000  873 0.330000 
0.030000  -0.830000  874 0.330000 
-0.070000  -0.790000  875 0.330000 
-0.040000  -0.880000  876 0.330000 
0.135000  -0.830000  877 0.330000 
0.015000  -0.810000  878 0.330000 
-0.070000  -0.700000  879 0.330000 
0.140000  -0.810000  880 0.330000 
-0.215000  -0.880000  881 0.330000 
-0.160000  -0.780000  882 0.330000 
-0.120000  -0.700000  883 0.330000 
-0.200000  -0.870000  884 0.330000 
0.485000  -1.030000  885 0.330000 
-0.015000  -0.910000  886 0.330000 
0.025000  -0.810000  887 0.330000 
-0.225000  -0.790000  888 0.330000 
0.135000  -0.800000  889 0.330000 
-0.360000  -0.890000  890 0.330000 
-0.145000  -0.790000  891 0.330000 
-0.110000  -0.850000  892 0.330000 
0.050000  -0.760000  893 0.330000 
0.160000  -0.910000  894 0.330000 
0.265000  -0.800000  895 0.330000 
0.215000  -0.900000  896 0.330000 
0.130000  -0.680000  897 0.330000 
-0.010000  -0.900000  898 0.330000 
0.355000  -1.030000  899 0.330000 
0.055000  -0.720000  900 0.330000 
0.120000  -0.850000  901 0.330000 
0.175000  -0.750000  902 0.330000 
0.370000  -0.790000  903 0.330000 
-0.070000  -0.850000  904 0.330000 
0.090000  -0.800000  905 0.330000 
-0.140000  -0.820000  906 0.330000 
0.255000  -0.970000  907 0.330000 
-0.065000  -0.940000  908 0.330000 
0.270000  -0.680000  909 0.330000 
-0.085000  -0.770000  910 0.330000 
-0.160000  -0.840000  911 0.330000 
0.020000  -0.800000  912 0.330000 
-0.115000  -0.670000  913 0.330000 
-0.270000  -0.820000  914 0.330000 
-0.090000  -1.020000  915 0.330000 
0.100000  -0.640000  916 0.330000 
0.110000  -0.740000  917 0.330000 
-0.030000  -0.950000  918 0.330000 
-0.150000  -0.810000  919 0.330000 
0.025000  -0.850000  920 0.330000 
-0.105000  -0.730000  921 0.330000 
0.205000  -0.760000  922 0.330000 
-0.150000  -0.790000  923 0.330000 
-0.020000  -0.940000  924 0.330000 
0.205000  -0.860000  925 0.330000 
0.155000  -0.870000  926 0.330000 
0.210000  -0.900000  927 0.330000 
-0.320000  -0.900000  928 0.330000 
-0.065000  -0.600000  929 0.330000 
0.365000  -0.850000  930 0.330000 
-0.005000  -0.720000  931 0.330000 
0.060000  -0.740000  932 0.330000 
-0.055000  -0.860000  933 0.330000 
0.100000  -0.820000  934 0.330000 
-0.325000  -0.810000  935 0.330000 
0.185000  -0.830000  936 0.330000 
0.130000  -0.700000  937 0.330000 
-0.300000  -0.890000  938 0.330000 
-0.460000  -0.990000  939 0.330000 
-0.010000  -0.670000  940 0.330000 
-0.150000  -0.800000  941 0.330000 
-0.175000  -0.850000  942 0.330000 
-0.125000  -0.870000  943 0.330000 
-0.385000  -0.820000  944 0.330000 
-0.230000  -0.890000  945 0.330000 
0.280000  -0.830000  946 0.330000 
0.065000  -0.670000  947 0.330000 
-0.190000  -0.940000  948 0.330000 
0.005000  -0.630000  949 0.330000 
-0.055000  -0.890000  950 0.330000 
0.410000  -1.040000  951 0.330000 
-0.065000  -0.670000  952 0.330000 
0.185000  -0.760000  953 0.330000 
0.060000  -0.870000  954 0.330000 
0.080000  -0.760000  955 0.330000 
0.000000  -0.880000  956 0.330000 
0.235000  -0.740000  957 0.330000 
-0.165000  -0.810000  958 0.330000 
0.000000  -0.600000  959 0.330000 
-0.085000  -0.670000  960 0.330000 
0.125000  -0.980000  961 0.330000 
-0.100000  -0.920000  962 0.330000 
-0.030000  -0.810000  963 0.330000 
-0.035000  -0.830000  964 0.330000 
0.205000  -0.920000  965 0.330000 
-0.020000  -0.770000  966 0.330000 
0.200000  -0.850000  967 0.330000 
0.265000  -0.830000  968 0.330000 
-0.155000  -0.790000  969 0.330000 
-0.175000  -0.880000  970 0.330000 
-0.050000  -0.790000  971 0.330000 
0.195000  -0.780000  972 0.330000 
0.200000  -0.820000  973 0.330000 
0.090000  -0.810000  974 0.330000 
-0.045000  -0.760000  975 0.330000 
0.045000  -0.780000  976 0.330000 
0.000000  -0.770000  977 0.330000 
-0.270000  -1.000000  978 0.330000 
0.115000  -0.710000  979 0.330000 
0.030000  -0.870000  980 0.330000 
-0.240000  -0.960000  981 0.330000 
-0.140000  -0.740000  982 0.330000 
-0.160000  -0.870000  983 0.330000 
0.165000  -0.960000  984 0.330000 
-0.085000  -0.910000  985 0.330000 
0.125000  -0.840000  986 0.330000 
0.115000  -0.890000  987 0.330000 
0.170000  -0.870000  988 0.330000 
-0.125000  -1.000000  989 0.330000 
0.075000  -0.890000  990 0.330000 
-0.125000  -0.930000  991 0.330000 
0.040000  -0.760000  992 0.330000 
0.125000  -0.950000  993 0.330000 
-0.205000  -0.930000  994 0.330000 
-0.095000  -0.770000  995 0.330000 
-0.055000  -0.870000  996 0.330000 
-0.020000  -0.720000  997 0.330000 
0.140000  -0.990000  998 0.330000 
0.045000  -0.700000  999 0.330000 
