0.610000  -1.300000  0 0.443000 
0.840000  -1.560000  1 0.443000 
0.820000  -1.580000  2 0.443000 
0.645000  -1.370000  3 0.443000 
0.820000  -1.520000  4 0.443000 
0.680000  -1.390000  5 0.443000 
0.905000  -1.700000  6 0.443000 
0.890000  -1.660000  7 0.443000 
0.875000  -1.650000  8 0.443000 
0.660000  -1.220000  9 0.443000 
0.610000  -1.330000  10 0.443000 
0.695000  -1.470000  11 0.443000 
0.745000  -1.520000  12 0.443000 
0.775000  -1.350000  13 0.443000 
0.630000  -1.460000  14 0.443000 
0.715000  -1.410000  15 0.443000 
0.585000  -1.370000  16 0.443000 
0.660000  -1.420000  17 0.443000 
0.885000  -1.650000  18 0.443000 
0.815000  -1.540000  19 0.443000 
0.700000  -1.390000  20 0.443000 
0.875000  -1.640000  21 0.443000 
0.645000  -1.350000  22 0.443000 
0.735000  -1.410000  23 0.443000 
0.790000  -1.440000  24 0.443000 
0.395000  -1.070000  25 0.443000 
0.825000  -1.510000  26 0.443000 
0.240000  -1.180000  27 0.443000 
0.320000  -1.230000  28 0.443000 
0.745000  -1.420000  29 0.443000 
0.515000  -1.180000  30 0.443000 
0.670000  -1.330000  31 0.443000 
0.895000  -1.670000  32 0.443000 
0.660000  -1.400000  33 0.443000 
0.765000  -1.540000  34 0.443000 
0.310000  -1.310000  35 0.443000 
0.920000  -1.730000  36 0.443000 
0.800000  -1.480000  37 0.443000 
0.830000  -1.610000  38 0.443000 
0.775000  -1.410000  39 0.443000 
0.705000  -1.470000  40 0.443000 
0.600000  -1.340000  41 0.443000 
0.750000  -1.520000  42 0.443000 
0.825000  -1.570000  43 0.443000 
0.825000  -1.500000  44 0.443000 
0.820000  -1.500000  45 0.443000 
0.830000  -1.610000  46 0.443000 
0.785000  -1.450000  47 0.443000 
0.850000  -1.610000  48 0.443000 
0.820000  -1.510000  49 0.443000 
0.540000  -1.370000  50 0.443000 
0.880000  -1.640000  51 0.443000 
0.720000  -1.380000  52 0.443000 
0.880000  -1.660000  53 0.443000 
0.670000  -1.420000  54 0.443000 
0.750000  -1.480000  55 0.443000 
0.880000  -1.670000  56 0.443000 
0.825000  -1.650000  57 0.443000 
0.830000  -1.560000  58 0.443000 
0.625000  -1.290000  59 0.443000 
0.845000  -1.520000  60 0.443000 
0.790000  -1.450000  61 0.443000 
0.830000  -1.540000  62 0.443000 
0.870000  -1.680000  63 0.443000 
0.755000  -1.530000  64 0.443000 
0.840000  -1.530000  65 0.443000 
0.865000  -1.660000  66 0.443000 
0.885000  -1.620000  67 0.443000 
0.845000  -1.540000  68 0.443000 
0.550000  -1.340000  69 0.443000 
0.850000  -1.650000  70 0.443000 
0.815000  -1.450000  71 0.443000 
0.760000  -1.620000  72 0.443000 
0.750000  -1.510000  73 0.443000 
0.540000  -1.140000  74 0.443000 
-0.455000  -1.370000  75 0.443000 
-0.780000  -1.430000  76 0.443000 
-0.580000  -1.310000  77 0.443000 
-0.895000  -1.650000  78 0.443000 
-0.655000  -1.240000  79 0.443000 
-0.825000  -1.530000  80 0.443000 
-0.925000  -1.750000  81 0.443000 
-0.575000  -1.420000  82 0.443000 
-0.880000  -1.720000  83 0.443000 
-0.805000  -1.530000  84 0.443000 
-0.805000  -1.520000  85 0.443000 
-0.845000  -1.520000  86 0.443000 
-0.810000  -1.560000  87 0.443000 
-0.640000  -1.430000  88 0.443000 
-0.750000  -1.390000  89 0.443000 
-0.820000  -1.520000  90 0.443000 
-0.605000  -1.360000  91 0.443000 
-0.565000  -1.200000  92 0.443000 
-0.820000  -1.550000  93 0.443000 
-0.590000  -1.410000  94 0.443000 
-0.835000  -1.570000  95 0.443000 
-0.840000  -1.580000  96 0.443000 
-0.765000  -1.400000  97 0.443000 
-0.940000  -1.800000  98 0.443000 
-0.880000  -1.620000  99 0.443000 
-0.830000  -1.490000  100 0.443000 
-0.775000  -1.560000  101 0.443000 
-0.790000  -1.450000  102 0.443000 
-0.850000  -1.580000  103 0.443000 
-0.810000  -1.500000  104 0.443000 
-0.785000  -1.600000  105 0.443000 
-0.745000  -1.390000  106 0.443000 
-0.905000  -1.660000  107 0.443000 
-0.855000  -1.630000  108 0.443000 
-0.725000  -1.450000  109 0.443000 
-0.865000  -1.640000  110 0.443000 
-0.785000  -1.470000  111 0.443000 
-0.865000  -1.640000  112 0.443000 
-0.700000  -1.320000  113 0.443000 
-0.785000  -1.400000  114 0.443000 
-0.740000  -1.450000  115 0.443000 
-0.725000  -1.440000  116 0.443000 
-0.835000  -1.600000  117 0.443000 
-0.870000  -1.630000  118 0.443000 
-0.830000  -1.540000  119 0.443000 
-0.715000  -1.300000  120 0.443000 
-0.645000  -1.380000  121 0.443000 
-0.855000  -1.600000  122 0.443000 
-0.890000  -1.640000  123 0.443000 
-0.815000  -1.500000  124 0.443000 
-0.865000  -1.620000  125 0.443000 
-0.745000  -1.380000  126 0.443000 
-0.640000  -1.340000  127 0.443000 
-0.760000  -1.450000  128 0.443000 
-0.800000  -1.600000  129 0.443000 
-0.740000  -1.430000  130 0.443000 
-0.725000  -1.340000  131 0.443000 
-0.845000  -1.580000  132 0.443000 
-0.815000  -1.540000  133 0.443000 
-0.470000  -1.410000  134 0.443000 
-0.270000  -1.270000  135 0.443000 
-0.790000  -1.530000  136 0.443000 
-0.900000  -1.700000  137 0.443000 
-0.820000  -1.430000  138 0.443000 
-0.530000  -1.360000  139 0.443000 
-0.295000  -1.300000  140 0.443000 
-0.690000  -1.340000  141 0.443000 
-0.720000  -1.500000  142 0.443000 
-0.715000  -1.580000  143 0.443000 
0.160000  -1.180000  144 0.443000 
0.055000  -1.250000  145 0.443000 
-0.760000  -1.450000  146 0.443000 
-0.620000  -1.310000  147 0.443000 
-0.400000  -1.400000  148 0.443000 
-0.910000  -1.680000  149 0.443000 
-0.775000  -1.500000  150 0.443000 
-0.835000  -1.670000  151 0.443000 
-0.585000  -1.220000  152 0.443000 
-0.580000  -1.420000  153 0.443000 
-0.840000  -1.540000  154 0.443000 
-0.885000  -1.720000  155 0.443000 
-0.690000  -1.360000  156 0.443000 
-0.725000  -1.430000  157 0.443000 
-0.850000  -1.520000  158 0.443000 
-0.605000  -1.330000  159 0.443000 
-0.695000  -1.400000  160 0.443000 
-0.630000  -1.400000  161 0.443000 
-0.775000  -1.520000  162 0.443000 
-0.610000  -1.280000  163 0.443000 
-0.800000  -1.510000  164 0.443000 
-0.645000  -1.400000  165 0.443000 
-0.675000  -1.350000  166 0.443000 
-0.795000  -1.490000  167 0.443000 
-0.655000  -1.480000  168 0.443000 
-0.590000  -1.400000  169 0.443000 
-0.920000  -1.720000  170 0.443000 
-0.735000  -1.480000  171 0.443000 
-0.630000  -1.460000  172 0.443000 
-0.640000  -1.300000  173 0.443000 
-0.850000  -1.570000  174 0.443000 
-0.870000  -1.630000  175 0.443000 
-0.790000  -1.490000  176 0.443000 
-0.590000  -1.300000  177 0.443000 
-0.780000  -1.530000  178 0.443000 
-0.700000  -1.320000  179 0.443000 
-0.880000  -1.610000  180 0.443000 
-0.650000  -1.420000  181 0.443000 
-0.060000  -1.160000  182 0.443000 
0.805000  -1.430000  183 0.443000 
0.700000  -1.370000  184 0.443000 
0.850000  -1.660000  185 0.443000 
0.785000  -1.490000  186 0.443000 
0.760000  -1.530000  187 0.443000 
0.700000  -1.340000  188 0.443000 
0.755000  -1.500000  189 0.443000 
0.830000  -1.540000  190 0.443000 
0.880000  -1.680000  191 0.443000 
0.915000  -1.760000  192 0.443000 
0.740000  -1.360000  193 0.443000 
0.720000  -1.390000  194 0.443000 
0.830000  -1.510000  195 0.443000 
0.790000  -1.560000  196 0.443000 
0.825000  -1.500000  197 0.443000 
0.730000  -1.490000  198 0.443000 
0.715000  -1.450000  199 0.443000 
0.670000  -1.370000  200 0.443000 
0.505000  -1.330000  201 0.443000 
0.670000  -1.470000  202 0.443000 
0.330000  -1.210000  203 0.443000 
0.740000  -1.440000  204 0.443000 
0.795000  -1.560000  205 0.443000 
0.765000  -1.450000  206 0.443000 
0.880000  -1.620000  207 0.443000 
0.800000  -1.470000  208 0.443000 
0.090000  -1.170000  209 0.443000 
0.110000  -1.460000  210 0.443000 
-0.760000  -1.400000  211 0.443000 
-0.830000  -1.640000  212 0.443000 
-0.885000  -1.630000  213 0.443000 
-0.720000  -1.430000  214 0.443000 
-0.830000  -1.560000  215 0.443000 
-0.595000  -1.350000  216 0.443000 
0.255000  -1.190000  217 0.443000 
0.830000  -1.500000  218 0.443000 
0.905000  -1.670000  219 0.443000 
0.505000  -1.450000  220 0.443000 
0.400000  -1.090000  221 0.443000 
0.885000  -1.620000  222 0.443000 
0.705000  -1.480000  223 0.443000 
0.735000  -1.380000  224 0.443000 
0.760000  -1.390000  225 0.443000 
0.840000  -1.590000  226 0.443000 
0.810000  -1.540000  227 0.443000 
-0.160000  -1.240000  228 0.443000 
-0.405000  -1.390000  229 0.443000 
-0.755000  -1.400000  230 0.443000 
-0.745000  -1.430000  231 0.443000 
-0.820000  -1.470000  232 0.443000 
-0.800000  -1.600000  233 0.443000 
-0.645000  -1.400000  234 0.443000 
-0.325000  -1.190000  235 0.443000 
-0.805000  -1.540000  236 0.443000 
-0.750000  -1.440000  237 0.443000 
-0.825000  -1.450000  238 0.443000 
-0.775000  -1.480000  239 0.443000 
-0.775000  -1.440000  240 0.443000 
-0.535000  -1.350000  241 0.443000 
-0.780000  -1.410000  242 0.443000 
-0.850000  -1.570000  243 0.443000 
-0.860000  -1.600000  244 0.443000 
-0.820000  -1.500000  245 0.443000 
-0.655000  -1.280000  246 0.443000 
-0.685000  -1.330000  247 0.443000 
-0.550000  -1.400000  248 0.443000 
-0.575000  -1.420000  249 0.443000 
-0.610000  -1.390000  250 0.443000 
-0.935000  -1.760000  251 0.443000 
0.245000  -1.290000  252 0.443000 
0.620000  -1.290000  253 0.443000 
0.820000  -1.550000  254 0.443000 
0.800000  -1.620000  255 0.443000 
0.850000  -1.640000  256 0.443000 
0.795000  -1.640000  257 0.443000 
0.785000  -1.480000  258 0.443000 
0.410000  -1.270000  259 0.443000 
0.380000  -1.350000  260 0.443000 
0.695000  -1.440000  261 0.443000 
0.695000  -1.410000  262 0.443000 
0.620000  -1.250000  263 0.443000 
0.545000  -1.360000  264 0.443000 
0.890000  -1.670000  265 0.443000 
0.590000  -1.450000  266 0.443000 
0.885000  -1.700000  267 0.443000 
0.505000  -1.360000  268 0.443000 
0.065000  -1.110000  269 0.443000 
0.205000  -1.160000  270 0.443000 
0.655000  -1.460000  271 0.443000 
0.775000  -1.490000  272 0.443000 
0.835000  -1.590000  273 0.443000 
0.815000  -1.540000  274 0.443000 
0.875000  -1.610000  275 0.443000 
0.840000  -1.570000  276 0.443000 
0.825000  -1.560000  277 0.443000 
0.740000  -1.550000  278 0.443000 
0.595000  -1.290000  279 0.443000 
0.815000  -1.490000  280 0.443000 
0.860000  -1.610000  281 0.443000 
0.340000  -1.150000  282 0.443000 
0.215000  -1.270000  283 0.443000 
-0.185000  -1.340000  284 0.443000 
0.875000  -1.680000  285 0.443000 
0.725000  -1.330000  286 0.443000 
0.780000  -1.540000  287 0.443000 
0.820000  -1.550000  288 0.443000 
0.835000  -1.540000  289 0.443000 
0.925000  -1.720000  290 0.443000 
0.905000  -1.740000  291 0.443000 
0.885000  -1.660000  292 0.443000 
0.670000  -1.420000  293 0.443000 
0.755000  -1.420000  294 0.443000 
0.740000  -1.420000  295 0.443000 
0.860000  -1.550000  296 0.443000 
0.750000  -1.480000  297 0.443000 
0.695000  -1.490000  298 0.443000 
0.710000  -1.410000  299 0.443000 
0.840000  -1.560000  300 0.443000 
0.590000  -1.350000  301 0.443000 
0.735000  -1.400000  302 0.443000 
0.765000  -1.590000  303 0.443000 
0.875000  -1.610000  304 0.443000 
0.700000  -1.370000  305 0.443000 
0.145000  -1.360000  306 0.443000 
-0.390000  -1.190000  307 0.443000 
-0.740000  -1.360000  308 0.443000 
-0.735000  -1.330000  309 0.443000 
-0.120000  -1.210000  310 0.443000 
-0.675000  -1.440000  311 0.443000 
-0.880000  -1.650000  312 0.443000 
-0.815000  -1.550000  313 0.443000 
-0.840000  -1.610000  314 0.443000 
-0.870000  -1.640000  315 0.443000 
-0.800000  -1.550000  316 0.443000 
-0.895000  -1.640000  317 0.443000 
-0.690000  -1.340000  318 0.443000 
-0.520000  -1.430000  319 0.443000 
-0.145000  -1.340000  320 0.443000 
0.580000  -1.330000  321 0.443000 
0.860000  -1.550000  322 0.443000 
0.655000  -1.390000  323 0.443000 
0.730000  -1.300000  324 0.443000 
0.905000  -1.670000  325 0.443000 
0.840000  -1.550000  326 0.443000 
0.750000  -1.510000  327 0.443000 
0.740000  -1.440000  328 0.443000 
0.775000  -1.400000  329 0.443000 
0.920000  -1.700000  330 0.443000 
0.720000  -1.390000  331 0.443000 
0.730000  -1.370000  332 0.443000 
0.865000  -1.620000  333 0.443000 
0.805000  -1.460000  334 0.443000 
0.705000  -1.350000  335 0.443000 
0.785000  -1.500000  336 0.443000 
0.775000  -1.490000  337 0.443000 
0.630000  -1.310000  338 0.443000 
0.815000  -1.460000  339 0.443000 
0.840000  -1.510000  340 0.443000 
0.770000  -1.470000  341 0.443000 
0.665000  -1.420000  342 0.443000 
0.835000  -1.520000  343 0.443000 
0.890000  -1.640000  344 0.443000 
0.785000  -1.520000  345 0.443000 
0.825000  -1.560000  346 0.443000 
0.855000  -1.640000  347 0.443000 
0.845000  -1.620000  348 0.443000 
0.735000  -1.330000  349 0.443000 
0.705000  -1.410000  350 0.443000 
0.610000  -1.410000  351 0.443000 
0.650000  -1.360000  352 0.443000 
0.870000  -1.700000  353 0.443000 
0.775000  -1.480000  354 0.443000 
0.670000  -1.480000  355 0.443000 
0.570000  -1.460000  356 0.443000 
0.880000  -1.660000  357 0.443000 
0.855000  -1.590000  358 0.443000 
0.730000  -1.410000  359 0.443000 
0.730000  -1.420000  360 0.443000 
0.640000  -1.160000  361 0.443000 
0.780000  -1.470000  362 0.443000 
0.835000  -1.560000  363 0.443000 
0.840000  -1.570000  364 0.443000 
0.565000  -1.480000  365 0.443000 
0.865000  -1.630000  366 0.443000 
0.850000  -1.550000  367 0.443000 
0.875000  -1.650000  368 0.443000 
0.865000  -1.580000  369 0.443000 
0.805000  -1.440000  370 0.443000 
0.825000  -1.500000  371 0.443000 
0.635000  -1.270000  372 0.443000 
0.820000  -1.520000  373 0.443000 
0.730000  -1.420000  374 0.443000 
0.870000  -1.570000  375 0.443000 
0.695000  -1.440000  376 0.443000 
0.655000  -1.410000  377 0.443000 
0.910000  -1.740000  378 0.443000 
0.835000  -1.560000  379 0.443000 
0.825000  -1.560000  380 0.443000 
0.785000  -1.460000  381 0.443000 
0.760000  -1.430000  382 0.443000 
0.815000  -1.450000  383 0.443000 
0.810000  -1.580000  384 0.443000 
0.720000  -1.410000  385 0.443000 
0.830000  -1.510000  386 0.443000 
0.550000  -1.390000  387 0.443000 
0.880000  -1.610000  388 0.443000 
0.785000  -1.430000  389 0.443000 
0.815000  -1.530000  390 0.443000 
0.715000  -1.400000  391 0.443000 
0.845000  -1.570000  392 0.443000 
0.920000  -1.730000  393 0.443000 
0.710000  -1.390000  394 0.443000 
0.765000  -1.420000  395 0.443000 
0.775000  -1.480000  396 0.443000 
0.915000  -1.720000  397 0.443000 
0.870000  -1.580000  398 0.443000 
0.680000  -1.420000  399 0.443000 
0.650000  -1.430000  400 0.443000 
0.655000  -1.280000  401 0.443000 
-0.095000  -1.190000  402 0.443000 
-0.070000  -1.310000  403 0.443000 
-0.735000  -1.470000  404 0.443000 
-0.765000  -1.440000  405 0.443000 
-0.805000  -1.520000  406 0.443000 
-0.910000  -1.740000  407 0.443000 
-0.860000  -1.610000  408 0.443000 
-0.510000  -1.290000  409 0.443000 
-0.415000  -1.180000  410 0.443000 
-0.380000  -1.160000  411 0.443000 
-0.775000  -1.480000  412 0.443000 
-0.870000  -1.590000  413 0.443000 
-0.810000  -1.480000  414 0.443000 
-0.675000  -1.440000  415 0.443000 
-0.760000  -1.520000  416 0.443000 
-0.660000  -1.210000  417 0.443000 
-0.615000  -1.420000  418 0.443000 
-0.655000  -1.500000  419 0.443000 
-0.905000  -1.690000  420 0.443000 
-0.630000  -1.290000  421 0.443000 
-0.715000  -1.390000  422 0.443000 
-0.805000  -1.490000  423 0.443000 
-0.515000  -1.250000  424 0.443000 
-0.630000  -1.270000  425 0.443000 
-0.795000  -1.580000  426 0.443000 
-0.865000  -1.600000  427 0.443000 
-0.895000  -1.640000  428 0.443000 
-0.800000  -1.550000  429 0.443000 
-0.815000  -1.540000  430 0.443000 
-0.695000  -1.330000  431 0.443000 
-0.905000  -1.680000  432 0.443000 
-0.545000  -1.320000  433 0.443000 
-0.760000  -1.490000  434 0.443000 
-0.885000  -1.690000  435 0.443000 
-0.745000  -1.430000  436 0.443000 
-0.740000  -1.360000  437 0.443000 
-0.575000  -1.370000  438 0.443000 
-0.510000  -1.440000  439 0.443000 
-0.525000  -1.350000  440 0.443000 
-0.210000  -1.260000  441 0.443000 
-0.815000  -1.480000  442 0.443000 
-0.860000  -1.600000  443 0.443000 
-0.475000  -1.360000  444 0.443000 
-0.825000  -1.540000  445 0.443000 
-0.645000  -1.450000  446 0.443000 
-0.370000  -1.210000  447 0.443000 
-0.930000  -1.730000  448 0.443000 
-0.655000  -1.220000  449 0.443000 
-0.780000  -1.500000  450 0.443000 
-0.825000  -1.570000  451 0.443000 
-0.810000  -1.460000  452 0.443000 
-0.800000  -1.440000  453 0.443000 
-0.740000  -1.450000  454 0.443000 
-0.880000  -1.640000  455 0.443000 
-0.745000  -1.310000  456 0.443000 
-0.825000  -1.540000  457 0.443000 
-0.640000  -1.550000  458 0.443000 
-0.815000  -1.610000  459 0.443000 
-0.560000  -1.350000  460 0.443000 
-0.755000  -1.410000  461 0.443000 
-0.880000  -1.660000  462 0.443000 
-0.555000  -1.400000  463 0.443000 
-0.810000  -1.420000  464 0.443000 
-0.785000  -1.500000  465 0.443000 
-0.795000  -1.460000  466 0.443000 
-0.730000  -1.490000  467 0.443000 
-0.765000  -1.410000  468 0.443000 
-0.840000  -1.610000  469 0.443000 
-0.790000  -1.440000  470 0.443000 
-0.750000  -1.460000  471 0.443000 
-0.850000  -1.600000  472 0.443000 
-0.825000  -1.540000  473 0.443000 
-0.800000  -1.440000  474 0.443000 
-0.565000  -1.470000  475 0.443000 
-0.875000  -1.590000  476 0.443000 
-0.760000  -1.610000  477 0.443000 
-0.815000  -1.540000  478 0.443000 
-0.795000  -1.460000  479 0.443000 
-0.855000  -1.640000  480 0.443000 
-0.850000  -1.570000  481 0.443000 
-0.755000  -1.440000  482 0.443000 
-0.860000  -1.560000  483 0.443000 
-0.520000  -1.450000  484 0.443000 
-0.895000  -1.700000  485 0.443000 
-0.705000  -1.570000  486 0.443000 
-0.560000  -1.380000  487 0.443000 
-0.800000  -1.560000  488 0.443000 
-0.820000  -1.580000  489 0.443000 
-0.870000  -1.620000  490 0.443000 
-0.515000  -1.280000  491 0.443000 
-0.560000  -1.220000  492 0.443000 
-0.330000  -1.260000  493 0.443000 
-0.450000  -1.390000  494 0.443000 
-0.445000  -1.340000  495 0.443000 
-0.085000  -1.110000  496 0.443000 
0.870000  -1.610000  497 0.443000 
0.815000  -1.460000  498 0.443000 
0.855000  -1.600000  499 0.443000 
0.785000  -1.440000  500 0.443000 
0.810000  -1.540000  501 0.443000 
0.760000  -1.580000  502 0.443000 
0.665000  -1.500000  503 0.443000 
0.670000  -1.320000  504 0.443000 
0.780000  -1.430000  505 0.443000 
0.780000  -1.500000  506 0.443000 
0.840000  -1.450000  507 0.443000 
0.595000  -1.370000  508 0.443000 
0.740000  -1.370000  509 0.443000 
0.690000  -1.390000  510 0.443000 
0.350000  -1.150000  511 0.443000 
0.815000  -1.600000  512 0.443000 
0.700000  -1.420000  513 0.443000 
0.730000  -1.390000  514 0.443000 
0.840000  -1.640000  515 0.443000 
0.520000  -1.180000  516 0.443000 
0.535000  -1.300000  517 0.443000 
0.890000  -1.700000  518 0.443000 
0.480000  -1.380000  519 0.443000 
0.735000  -1.380000  520 0.443000 
0.835000  -1.490000  521 0.443000 
0.840000  -1.630000  522 0.443000 
0.400000  -1.170000  523 0.443000 
0.835000  -1.530000  524 0.443000 
0.615000  -1.320000  525 0.443000 
0.635000  -1.340000  526 0.443000 
0.780000  -1.500000  527 0.443000 
0.840000  -1.500000  528 0.443000 
0.850000  -1.660000  529 0.443000 
0.795000  -1.440000  530 0.443000 
0.655000  -1.300000  531 0.443000 
0.750000  -1.490000  532 0.443000 
0.705000  -1.440000  533 0.443000 
0.565000  -1.280000  534 0.443000 
0.565000  -1.230000  535 0.443000 
0.925000  -1.750000  536 0.443000 
0.715000  -1.310000  537 0.443000 
0.780000  -1.480000  538 0.443000 
0.770000  -1.510000  539 0.443000 
0.850000  -1.620000  540 0.443000 
0.875000  -1.580000  541 0.443000 
0.815000  -1.500000  542 0.443000 
0.700000  -1.450000  543 0.443000 
0.840000  -1.560000  544 0.443000 
0.780000  -1.410000  545 0.443000 
0.680000  -1.330000  546 0.443000 
0.565000  -1.320000  547 0.443000 
0.665000  -1.470000  548 0.443000 
0.790000  -1.480000  549 0.443000 
0.940000  -1.770000  550 0.443000 
0.750000  -1.430000  551 0.443000 
0.915000  -1.750000  552 0.443000 
0.780000  -1.480000  553 0.443000 
0.765000  -1.400000  554 0.443000 
0.735000  -1.390000  555 0.443000 
0.895000  -1.730000  556 0.443000 
0.825000  -1.500000  557 0.443000 
0.900000  -1.730000  558 0.443000 
0.790000  -1.470000  559 0.443000 
0.870000  -1.580000  560 0.443000 
0.860000  -1.590000  561 0.443000 
0.790000  -1.540000  562 0.443000 
0.710000  -1.360000  563 0.443000 
0.900000  -1.690000  564 0.443000 
0.860000  -1.630000  565 0.443000 
0.880000  -1.600000  566 0.443000 
0.825000  -1.540000  567 0.443000 
0.810000  -1.620000  568 0.443000 
0.815000  -1.550000  569 0.443000 
0.685000  -1.560000  570 0.443000 
0.540000  -1.330000  571 0.443000 
0.725000  -1.370000  572 0.443000 
0.270000  -1.060000  573 0.443000 
0.360000  -1.250000  574 0.443000 
0.285000  -1.220000  575 0.443000 
-0.125000  -1.290000  576 0.443000 
-0.810000  -1.420000  577 0.443000 
-0.490000  -1.250000  578 0.443000 
-0.855000  -1.610000  579 0.443000 
-0.835000  -1.580000  580 0.443000 
-0.675000  -1.410000  581 0.443000 
-0.875000  -1.640000  582 0.443000 
-0.685000  -1.450000  583 0.443000 
-0.710000  -1.370000  584 0.443000 
0.465000  -1.290000  585 0.443000 
0.850000  -1.550000  586 0.443000 
0.730000  -1.370000  587 0.443000 
0.770000  -1.390000  588 0.443000 
0.780000  -1.510000  589 0.443000 
-0.120000  -1.100000  590 0.443000 
-0.670000  -1.430000  591 0.443000 
-0.840000  -1.580000  592 0.443000 
-0.850000  -1.650000  593 0.443000 
-0.580000  -1.340000  594 0.443000 
-0.930000  -1.780000  595 0.443000 
-0.890000  -1.700000  596 0.443000 
-0.750000  -1.600000  597 0.443000 
-0.755000  -1.410000  598 0.443000 
-0.800000  -1.510000  599 0.443000 
-0.725000  -1.490000  600 0.443000 
-0.695000  -1.460000  601 0.443000 
-0.640000  -1.330000  602 0.443000 
-0.835000  -1.510000  603 0.443000 
-0.840000  -1.580000  604 0.443000 
-0.915000  -1.700000  605 0.443000 
-0.600000  -1.400000  606 0.443000 
-0.410000  -1.270000  607 0.443000 
-0.380000  -1.280000  608 0.443000 
-0.685000  -1.360000  609 0.443000 
-0.655000  -1.430000  610 0.443000 
-0.360000  -1.270000  611 0.443000 
0.550000  -1.380000  612 0.443000 
0.665000  -1.420000  613 0.443000 
0.935000  -1.780000  614 0.443000 
0.885000  -1.640000  615 0.443000 
0.835000  -1.590000  616 0.443000 
0.795000  -1.480000  617 0.443000 
0.685000  -1.460000  618 0.443000 
0.335000  -1.130000  619 0.443000 
0.720000  -1.530000  620 0.443000 
0.760000  -1.450000  621 0.443000 
0.740000  -1.580000  622 0.443000 
0.855000  -1.540000  623 0.443000 
0.940000  -1.800000  624 0.443000 
0.805000  -1.660000  625 0.443000 
0.560000  -1.320000  626 0.443000 
0.700000  -1.410000  627 0.443000 
0.870000  -1.620000  628 0.443000 
0.525000  -1.260000  629 0.443000 
-0.885000  -1.620000  630 0.443000 
-0.695000  -1.470000  631 0.443000 
-0.710000  -1.460000  632 0.443000 
-0.700000  -1.360000  633 0.443000 
-0.815000  -1.510000  634 0.443000 
-0.855000  -1.550000  635 0.443000 
-0.890000  -1.700000  636 0.443000 
-0.925000  -1.740000  637 0.443000 
-0.805000  -1.480000  638 0.443000 
-0.740000  -1.430000  639 0.443000 
-0.230000  -1.050000  640 0.443000 
-0.800000  -1.540000  641 0.443000 
-0.770000  -1.550000  642 0.443000 
-0.625000  -1.430000  643 0.443000 
-0.320000  -1.210000  644 0.443000 
-0.760000  -1.410000  645 0.443000 
-0.830000  -1.500000  646 0.443000 
-0.710000  -1.350000  647 0.443000 
-0.815000  -1.540000  648 0.443000 
-0.870000  -1.610000  649 0.443000 
-0.680000  -1.430000  650 0.443000 
-0.820000  -1.590000  651 0.443000 
-0.845000  -1.500000  652 0.443000 
-0.715000  -1.280000  653 0.443000 
-0.875000  -1.610000  654 0.443000 
-0.805000  -1.550000  655 0.443000 
-0.730000  -1.370000  656 0.443000 
-0.510000  -1.200000  657 0.443000 
-0.790000  -1.400000  658 0.443000 
-0.715000  -1.430000  659 0.443000 
-0.690000  -1.380000  660 0.443000 
-0.570000  -1.340000  661 0.443000 
-0.815000  -1.530000  662 0.443000 
-0.730000  -1.480000  663 0.443000 
-0.755000  -1.440000  664 0.443000 
-0.815000  -1.670000  665 0.443000 
-0.830000  -1.590000  666 0.443000 
-0.780000  -1.420000  667 0.443000 
-0.835000  -1.570000  668 0.443000 
-0.645000  -1.410000  669 0.443000 
-0.750000  -1.470000  670 0.443000 
-0.885000  -1.600000  671 0.443000 
-0.855000  -1.610000  672 0.443000 
-0.750000  -1.470000  673 0.443000 
-0.790000  -1.480000  674 0.443000 
-0.840000  -1.550000  675 0.443000 
-0.685000  -1.330000  676 0.443000 
-0.595000  -1.330000  677 0.443000 
-0.860000  -1.620000  678 0.443000 
-0.650000  -1.320000  679 0.443000 
-0.750000  -1.410000  680 0.443000 
-0.810000  -1.580000  681 0.443000 
-0.730000  -1.410000  682 0.443000 
-0.635000  -1.280000  683 0.443000 
0.020000  -1.440000  684 0.443000 
-0.680000  -1.450000  685 0.443000 
-0.845000  -1.570000  686 0.443000 
-0.430000  -1.290000  687 0.443000 
-0.795000  -1.530000  688 0.443000 
-0.650000  -1.370000  689 0.443000 
-0.835000  -1.620000  690 0.443000 
-0.470000  -1.270000  691 0.443000 
-0.840000  -1.580000  692 0.443000 
-0.845000  -1.640000  693 0.443000 
-0.080000  -1.260000  694 0.443000 
-0.870000  -1.650000  695 0.443000 
-0.570000  -1.300000  696 0.443000 
-0.880000  -1.650000  697 0.443000 
-0.830000  -1.550000  698 0.443000 
-0.825000  -1.560000  699 0.443000 
-0.695000  -1.360000  700 0.443000 
-0.850000  -1.560000  701 0.443000 
-0.670000  -1.470000  702 0.443000 
-0.675000  -1.260000  703 0.443000 
-0.770000  -1.510000  704 0.443000 
-0.790000  -1.440000  705 0.443000 
-0.815000  -1.480000  706 0.443000 
-0.675000  -1.350000  707 0.443000 
-0.835000  -1.610000  708 0.443000 
-0.425000  -1.360000  709 0.443000 
-0.830000  -1.600000  710 0.443000 
-0.860000  -1.590000  711 0.443000 
-0.665000  -1.410000  712 0.443000 
-0.415000  -1.210000  713 0.443000 
-0.695000  -1.290000  714 0.443000 
-0.680000  -1.350000  715 0.443000 
-0.785000  -1.450000  716 0.443000 
-0.765000  -1.400000  717 0.443000 
-0.820000  -1.510000  718 0.443000 
-0.845000  -1.630000  719 0.443000 
-0.490000  -1.330000  720 0.443000 
-0.790000  -1.360000  721 0.443000 
-0.905000  -1.690000  722 0.443000 
0.085000  -1.240000  723 0.443000 
0.640000  -1.300000  724 0.443000 
0.420000  -1.330000  725 0.443000 
0.780000  -1.470000  726 0.443000 
0.630000  -1.340000  727 0.443000 
0.720000  -1.420000  728 0.443000 
0.815000  -1.520000  729 0.443000 
0.840000  -1.600000  730 0.443000 
0.770000  -1.490000  731 0.443000 
0.555000  -1.350000  732 0.443000 
0.745000  -1.420000  733 0.443000 
0.765000  -1.440000  734 0.443000 
0.765000  -1.470000  735 0.443000 
0.710000  -1.240000  736 0.443000 
0.845000  -1.550000  737 0.443000 
-0.855000  -1.530000  738 0.443000 
-0.815000  -1.540000  739 0.443000 
-0.285000  -1.240000  740 0.443000 
0.400000  -1.340000  741 0.443000 
0.640000  -1.460000  742 0.443000 
0.815000  -1.490000  743 0.443000 
0.790000  -1.530000  744 0.443000 
0.880000  -1.620000  745 0.443000 
0.775000  -1.490000  746 0.443000 
0.785000  -1.550000  747 0.443000 
0.900000  -1.720000  748 0.443000 
0.820000  -1.510000  749 0.443000 
0.745000  -1.490000  750 0.443000 
0.685000  -1.460000  751 0.443000 
0.815000  -1.540000  752 0.443000 
0.605000  -1.320000  753 0.443000 
0.940000  -1.780000  754 0.443000 
0.510000  -1.330000  755 0.443000 
0.830000  -1.530000  756 0.443000 
0.795000  -1.590000  757 0.443000 
0.850000  -1.630000  758 0.443000 
0.840000  -1.520000  759 0.443000 
0.575000  -1.290000  760 0.443000 
0.415000  -1.270000  761 0.443000 
0.350000  -1.230000  762 0.443000 
0.155000  -1.290000  763 0.443000 
0.850000  -1.640000  764 0.443000 
0.860000  -1.620000  765 0.443000 
0.770000  -1.400000  766 0.443000 
0.765000  -1.460000  767 0.443000 
0.880000  -1.660000  768 0.443000 
0.715000  -1.390000  769 0.443000 
0.775000  -1.620000  770 0.443000 
0.670000  -1.350000  771 0.443000 
0.790000  -1.540000  772 0.443000 
0.800000  -1.480000  773 0.443000 
0.795000  -1.450000  774 0.443000 
0.745000  -1.470000  775 0.443000 
0.655000  -1.410000  776 0.443000 
0.685000  -1.340000  777 0.443000 
0.790000  -1.570000  778 0.443000 
0.860000  -1.660000  779 0.443000 
0.555000  -1.320000  780 0.443000 
0.740000  -1.500000  781 0.443000 
0.680000  -1.390000  782 0.443000 
0.800000  -1.520000  783 0.443000 
0.780000  -1.400000  784 0.443000 
0.895000  -1.620000  785 0.443000 
0.555000  -1.330000  786 0.443000 
0.665000  -1.350000  787 0.443000 
0.860000  -1.580000  788 0.443000 
0.780000  -1.560000  789 0.443000 
0.860000  -1.630000  790 0.443000 
0.660000  -1.350000  791 0.443000 
0.825000  -1.500000  792 0.443000 
0.575000  -1.280000  793 0.443000 
0.715000  -1.380000  794 0.443000 
0.720000  -1.400000  795 0.443000 
0.540000  -1.270000  796 0.443000 
0.855000  -1.630000  797 0.443000 
0.840000  -1.510000  798 0.443000 
0.910000  -1.740000  799 0.443000 
0.685000  -1.340000  800 0.443000 
0.785000  -1.510000  801 0.443000 
0.890000  -1.720000  802 0.443000 
0.770000  -1.500000  803 0.443000 
0.670000  -1.350000  804 0.443000 
0.805000  -1.450000  805 0.443000 
0.730000  -1.480000  806 0.443000 
0.665000  -1.490000  807 0.443000 
0.890000  -1.640000  808 0.443000 
0.810000  -1.450000  809 0.443000 
0.735000  -1.430000  810 0.443000 
0.795000  -1.600000  811 0.443000 
0.745000  -1.410000  812 0.443000 
0.865000  -1.570000  813 0.443000 
0.535000  -1.450000  814 0.443000 
0.860000  -1.620000  815 0.443000 
0.880000  -1.590000  816 0.443000 
0.755000  -1.420000  817 0.443000 
0.775000  -1.470000  818 0.443000 
0.755000  -1.460000  819 0.443000 
0.935000  -1.740000  820 0.443000 
-0.460000  -1.190000  821 0.443000 
-0.880000  -1.650000  822 0.443000 
-0.860000  -1.610000  823 0.443000 
-0.920000  -1.710000  824 0.443000 
-0.920000  -1.760000  825 0.443000 
-0.835000  -1.550000  826 0.443000 
-0.805000  -1.490000  827 0.443000 
-0.695000  -1.360000  828 0.443000 
-0.775000  -1.440000  829 0.443000 
-0.770000  -1.530000  830 0.443000 
-0.810000  -1.540000  831 0.443000 
-0.850000  -1.640000  832 0.443000 
-0.655000  -1.400000  833 0.443000 
-0.810000  -1.540000  834 0.443000 
-0.870000  -1.600000  835 0.443000 
-0.505000  -1.300000  836 0.443000 
-0.850000  -1.550000  837 0.443000 
-0.880000  -1.650000  838 0.443000 
-0.805000  -1.540000  839 0.443000 
-0.725000  -1.340000  840 0.443000 
-0.755000  -1.490000  841 0.443000 
-0.850000  -1.580000  842 0.443000 
-0.585000  -1.390000  843 0.443000 
-0.905000  -1.730000  844 0.443000 
-0.770000  -1.450000  845 0.443000 
-0.825000  -1.570000  846 0.443000 
-0.640000  -1.440000  847 0.443000 
-0.435000  -1.350000  848 0.443000 
0.335000  -1.360000  849 0.443000 
0.475000  -1.480000  850 0.443000 
0.565000  -1.320000  851 0.443000 
0.610000  -1.330000  852 0.443000 
0.915000  -1.730000  853 0.443000 
0.650000  -1.350000  854 0.443000 
0.855000  -1.590000  855 0.443000 
0.710000  -1.590000  856 0.443000 
0.275000  -1.140000  857 0.443000 
0.825000  -1.580000  858 0.443000 
0.820000  -1.500000  859 0.443000 
0.840000  -1.620000  860 0.443000 
0.885000  -1.650000  861 0.443000 
0.905000  -1.650000  862 0.443000 
0.470000  -1.320000  863 0.443000 
0.505000  -1.370000  864 0.443000 
0.750000  -1.400000  865 0.443000 
0.740000  -1.440000  866 0.443000 
0.865000  -1.580000  867 0.443000 
0.915000  -1.770000  868 0.443000 
0.700000  -1.410000  869 0.443000 
0.705000  -1.390000  870 0.443000 
0.910000  -1.700000  871 0.443000 
0.720000  -1.530000  872 0.443000 
0.455000  -1.420000  873 0.443000 
0.545000  -1.380000  874 0.443000 
0.750000  -1.450000  875 0.443000 
0.835000  -1.620000  876 0.443000 
0.845000  -1.580000  877 0.443000 
0.885000  -1.620000  878 0.443000 
0.815000  -1.560000  879 0.443000 
0.640000  -1.400000  880 0.443000 
0.605000  -1.490000  881 0.443000 
0.870000  -1.620000  882 0.443000 
0.860000  -1.610000  883 0.443000 
0.655000  -1.300000  884 0.443000 
0.575000  -1.340000  885 0.443000 
0.845000  -1.580000  886 0.443000 
0.715000  -1.430000  887 0.443000 
0.765000  -1.340000  888 0.443000 
0.780000  -1.520000  889 0.443000 
0.855000  -1.590000  890 0.443000 
0.645000  -1.440000  891 0.443000 
0.850000  -1.630000  892 0.443000 
0.710000  -1.400000  893 0.443000 
0.760000  -1.560000  894 0.443000 
0.820000  -1.470000  895 0.443000 
0.845000  -1.560000  896 0.443000 
0.635000  -1.350000  897 0.443000 
0.850000  -1.570000  898 0.443000 
0.635000  -1.300000  899 0.443000 
0.600000  -1.460000  900 0.443000 
0.785000  -1.530000  901 0.443000 
0.845000  -1.550000  902 0.443000 
0.575000  -1.340000  903 0.443000 
0.675000  -1.370000  904 0.443000 
0.810000  -1.620000  905 0.443000 
0.890000  -1.670000  906 0.443000 
0.465000  -1.320000  907 0.443000 
0.845000  -1.530000  908 0.443000 
0.885000  -1.660000  909 0.443000 
0.360000  -1.230000  910 0.443000 
0.865000  -1.660000  911 0.443000 
0.770000  -1.370000  912 0.443000 
0.725000  -1.450000  913 0.443000 
0.775000  -1.470000  914 0.443000 
0.755000  -1.500000  915 0.443000 
0.800000  -1.540000  916 0.443000 
0.795000  -1.520000  917 0.443000 
0.725000  -1.440000  918 0.443000 
0.295000  -1.280000  919 0.443000 
-0.465000  -1.120000  920 0.443000 
-0.910000  -1.710000  921 0.443000 
-0.405000  -1.470000  922 0.443000 
-0.705000  -1.360000  923 0.443000 
-0.815000  -1.490000  924 0.443000 
-0.780000  -1.640000  925 0.443000 
-0.910000  -1.710000  926 0.443000 
-0.675000  -1.440000  927 0.443000 
-0.735000  -1.340000  928 0.443000 
-0.105000  -1.330000  929 0.443000 
0.385000  -1.220000  930 0.443000 
-0.770000  -1.430000  931 0.443000 
-0.525000  -1.320000  932 0.443000 
-0.810000  -1.530000  933 0.443000 
-0.895000  -1.640000  934 0.443000 
-0.885000  -1.660000  935 0.443000 
-0.705000  -1.480000  936 0.443000 
-0.775000  -1.510000  937 0.443000 
-0.325000  -1.200000  938 0.443000 
-0.870000  -1.650000  939 0.443000 
-0.885000  -1.640000  940 0.443000 
-0.725000  -1.460000  941 0.443000 
-0.585000  -1.240000  942 0.443000 
-0.910000  -1.700000  943 0.443000 
-0.470000  -1.360000  944 0.443000 
-0.390000  -1.190000  945 0.443000 
-0.845000  -1.600000  946 0.443000 
-0.780000  -1.530000  947 0.443000 
-0.800000  -1.510000  948 0.443000 
-0.725000  -1.490000  949 0.443000 
-0.740000  -1.440000  950 0.443000 
-0.790000  -1.540000  951 0.443000 
-0.815000  -1.540000  952 0.443000 
-0.770000  -1.520000  953 0.443000 
-0.715000  -1.290000  954 0.443000 
-0.580000  -1.430000  955 0.443000 
-0.875000  -1.560000  956 0.443000 
-0.705000  -1.440000  957 0.443000 
-0.845000  -1.540000  958 0.443000 
-0.825000  -1.630000  959 0.443000 
-0.665000  -1.410000  960 0.443000 
-0.920000  -1.730000  961 0.443000 
-0.865000  -1.620000  962 0.443000 
-0.495000  -1.290000  963 0.443000 
-0.030000  -1.210000  964 0.443000 
0.635000  -1.380000  965 0.443000 
0.655000  -1.360000  966 0.443000 
0.465000  -1.330000  967 0.443000 
0.460000  -1.260000  968 0.443000 
0.475000  -1.350000  969 0.443000 
0.835000  -1.650000  970 0.443000 
0.905000  -1.690000  971 0.443000 
0.840000  -1.530000  972 0.443000 
0.755000  -1.300000  973 0.443000 
0.610000  -1.400000  974 0.443000 
0.080000  -1.200000  975 0.443000 
0.295000  -1.500000  976 0.443000 
0.850000  -1.620000  977 0.443000 
0.760000  -1.380000  978 0.443000 
0.840000  -1.540000  979 0.443000 
0.890000  -1.660000  980 0.443000 
0.880000  -1.630000  981 0.443000 
0.710000  -1.410000  982 0.443000 
0.640000  -1.320000  983 0.443000 
0.515000  -1.460000  984 0.443000 
0.760000  -1.450000  985 0.443000 
0.670000  -1.370000  986 0.443000 
0.755000  -1.510000  987 0.443000 
0.785000  -1.510000  988 0.443000 
0.700000  -1.380000  989 0.443000 
0.795000  -1.490000  990 0.443000 
0.800000  -1.530000  991 0.443000 
0.735000  -1.580000  992 0.443000 
0.690000  -1.440000  993 0.443000 
0.815000  -1.500000  994 0.443000 
0.660000  -1.210000  995 0.443000 
0.690000  -1.360000  996 0.443000 
0.760000  -1.460000  997 0.443000 
0.910000  -1.750000  998 0.443000 
0.770000  -1.450000  999 0.443000 
