0.600000  -1.340000  0 0.432000 
0.740000  -1.430000  1 0.432000 
0.610000  -1.250000  2 0.432000 
0.320000  -1.090000  3 0.432000 
0.355000  -1.100000  4 0.432000 
0.735000  -1.430000  5 0.432000 
0.680000  -1.230000  6 0.432000 
0.385000  -1.220000  7 0.432000 
-0.335000  -1.120000  8 0.432000 
-0.790000  -1.490000  9 0.432000 
-0.590000  -1.240000  10 0.432000 
-0.860000  -1.560000  11 0.432000 
-0.525000  -1.420000  12 0.432000 
-0.660000  -1.330000  13 0.432000 
-0.650000  -1.290000  14 0.432000 
-0.635000  -1.380000  15 0.432000 
0.360000  -1.130000  16 0.432000 
0.375000  -1.390000  17 0.432000 
0.285000  -1.310000  18 0.432000 
0.530000  -1.180000  19 0.432000 
0.735000  -1.480000  20 0.432000 
0.740000  -1.360000  21 0.432000 
0.330000  -1.240000  22 0.432000 
0.605000  -1.500000  23 0.432000 
0.070000  -1.190000  24 0.432000 
-0.100000  -1.190000  25 0.432000 
-0.690000  -1.460000  26 0.432000 
-0.885000  -1.650000  27 0.432000 
-0.790000  -1.450000  28 0.432000 
-0.510000  -1.280000  29 0.432000 
-0.615000  -1.280000  30 0.432000 
-0.720000  -1.300000  31 0.432000 
-0.215000  -1.240000  32 0.432000 
-0.210000  -1.180000  33 0.432000 
-0.645000  -1.370000  34 0.432000 
-0.825000  -1.600000  35 0.432000 
-0.720000  -1.310000  36 0.432000 
-0.805000  -1.480000  37 0.432000 
-0.335000  -1.220000  38 0.432000 
-0.685000  -1.450000  39 0.432000 
-0.685000  -1.380000  40 0.432000 
-0.575000  -1.270000  41 0.432000 
-0.855000  -1.610000  42 0.432000 
-0.095000  -1.140000  43 0.432000 
0.115000  -1.160000  44 0.432000 
0.765000  -1.420000  45 0.432000 
0.745000  -1.500000  46 0.432000 
0.920000  -1.740000  47 0.432000 
0.570000  -1.440000  48 0.432000 
0.770000  -1.500000  49 0.432000 
0.860000  -1.560000  50 0.432000 
0.590000  -1.310000  51 0.432000 
0.570000  -1.270000  52 0.432000 
-0.325000  -1.280000  53 0.432000 
-0.635000  -1.320000  54 0.432000 
-0.630000  -1.250000  55 0.432000 
-0.760000  -1.460000  56 0.432000 
-0.800000  -1.510000  57 0.432000 
-0.765000  -1.430000  58 0.432000 
-0.735000  -1.440000  59 0.432000 
-0.820000  -1.500000  60 0.432000 
-0.750000  -1.500000  61 0.432000 
-0.710000  -1.330000  62 0.432000 
-0.235000  -1.260000  63 0.432000 
0.625000  -1.380000  64 0.432000 
0.460000  -1.300000  65 0.432000 
0.790000  -1.550000  66 0.432000 
0.870000  -1.570000  67 0.432000 
0.565000  -1.170000  68 0.432000 
0.755000  -1.350000  69 0.432000 
-0.505000  -1.410000  70 0.432000 
-0.490000  -1.300000  71 0.432000 
-0.710000  -1.450000  72 0.432000 
-0.935000  -1.770000  73 0.432000 
-0.720000  -1.350000  74 0.432000 
-0.720000  -1.430000  75 0.432000 
-0.270000  -1.150000  76 0.432000 
0.570000  -1.380000  77 0.432000 
0.570000  -1.280000  78 0.432000 
0.530000  -1.230000  79 0.432000 
-0.090000  -1.300000  80 0.432000 
0.065000  -1.360000  81 0.432000 
-0.490000  -1.330000  82 0.432000 
-0.630000  -1.170000  83 0.432000 
-0.680000  -1.280000  84 0.432000 
-0.315000  -1.370000  85 0.432000 
0.220000  -1.280000  86 0.432000 
0.830000  -1.560000  87 0.432000 
0.575000  -1.520000  88 0.432000 
0.705000  -1.400000  89 0.432000 
0.645000  -1.370000  90 0.432000 
0.780000  -1.500000  91 0.432000 
0.825000  -1.580000  92 0.432000 
0.790000  -1.410000  93 0.432000 
0.630000  -1.320000  94 0.432000 
0.800000  -1.490000  95 0.432000 
0.820000  -1.510000  96 0.432000 
0.735000  -1.380000  97 0.432000 
0.840000  -1.540000  98 0.432000 
0.635000  -1.320000  99 0.432000 
-0.505000  -1.280000  100 0.432000 
-0.485000  -1.140000  101 0.432000 
-0.860000  -1.570000  102 0.432000 
-0.780000  -1.460000  103 0.432000 
-0.635000  -1.410000  104 0.432000 
-0.765000  -1.460000  105 0.432000 
-0.755000  -1.430000  106 0.432000 
-0.110000  -1.070000  107 0.432000 
0.745000  -1.410000  108 0.432000 
0.360000  -1.090000  109 0.432000 
0.570000  -1.320000  110 0.432000 
0.830000  -1.590000  111 0.432000 
0.685000  -1.270000  112 0.432000 
0.845000  -1.510000  113 0.432000 
0.560000  -1.220000  114 0.432000 
0.565000  -1.170000  115 0.432000 
0.625000  -1.330000  116 0.432000 
0.770000  -1.370000  117 0.432000 
0.750000  -1.430000  118 0.432000 
0.630000  -1.180000  119 0.432000 
0.815000  -1.520000  120 0.432000 
0.575000  -1.250000  121 0.432000 
0.600000  -1.320000  122 0.432000 
0.540000  -1.380000  123 0.432000 
0.280000  -1.260000  124 0.432000 
0.680000  -1.340000  125 0.432000 
0.750000  -1.540000  126 0.432000 
0.470000  -1.180000  127 0.432000 
0.810000  -1.470000  128 0.432000 
0.425000  -1.200000  129 0.432000 
0.745000  -1.390000  130 0.432000 
0.775000  -1.410000  131 0.432000 
0.675000  -1.390000  132 0.432000 
0.910000  -1.730000  133 0.432000 
0.770000  -1.440000  134 0.432000 
0.725000  -1.600000  135 0.432000 
0.880000  -1.670000  136 0.432000 
0.765000  -1.430000  137 0.432000 
0.780000  -1.540000  138 0.432000 
0.710000  -1.330000  139 0.432000 
0.620000  -1.290000  140 0.432000 
0.410000  -1.120000  141 0.432000 
0.800000  -1.480000  142 0.432000 
0.830000  -1.570000  143 0.432000 
0.690000  -1.410000  144 0.432000 
0.455000  -1.300000  145 0.432000 
0.770000  -1.550000  146 0.432000 
0.610000  -1.190000  147 0.432000 
0.840000  -1.560000  148 0.432000 
-0.195000  -1.300000  149 0.432000 
-0.700000  -1.410000  150 0.432000 
-0.400000  -1.320000  151 0.432000 
0.760000  -1.410000  152 0.432000 
0.760000  -1.520000  153 0.432000 
0.755000  -1.390000  154 0.432000 
0.495000  -1.310000  155 0.432000 
0.835000  -1.550000  156 0.432000 
0.705000  -1.370000  157 0.432000 
0.555000  -1.170000  158 0.432000 
0.725000  -1.420000  159 0.432000 
0.785000  -1.470000  160 0.432000 
0.575000  -1.320000  161 0.432000 
0.780000  -1.420000  162 0.432000 
0.455000  -1.220000  163 0.432000 
0.885000  -1.580000  164 0.432000 
0.705000  -1.420000  165 0.432000 
0.640000  -1.280000  166 0.432000 
0.695000  -1.420000  167 0.432000 
0.670000  -1.390000  168 0.432000 
0.525000  -1.340000  169 0.432000 
0.765000  -1.400000  170 0.432000 
0.675000  -1.480000  171 0.432000 
0.630000  -1.210000  172 0.432000 
0.410000  -1.360000  173 0.432000 
0.840000  -1.530000  174 0.432000 
0.800000  -1.540000  175 0.432000 
0.740000  -1.500000  176 0.432000 
0.730000  -1.450000  177 0.432000 
0.580000  -1.320000  178 0.432000 
0.565000  -1.220000  179 0.432000 
0.780000  -1.340000  180 0.432000 
0.625000  -1.210000  181 0.432000 
0.295000  -1.060000  182 0.432000 
0.615000  -1.460000  183 0.432000 
0.785000  -1.490000  184 0.432000 
0.780000  -1.570000  185 0.432000 
0.770000  -1.590000  186 0.432000 
0.785000  -1.480000  187 0.432000 
0.835000  -1.610000  188 0.432000 
0.580000  -1.230000  189 0.432000 
0.785000  -1.340000  190 0.432000 
0.275000  -1.170000  191 0.432000 
0.010000  -1.140000  192 0.432000 
0.090000  -1.260000  193 0.432000 
-0.880000  -1.640000  194 0.432000 
-0.760000  -1.460000  195 0.432000 
-0.535000  -1.180000  196 0.432000 
-0.860000  -1.570000  197 0.432000 
-0.625000  -1.460000  198 0.432000 
-0.695000  -1.440000  199 0.432000 
-0.790000  -1.460000  200 0.432000 
-0.290000  -1.290000  201 0.432000 
-0.540000  -1.220000  202 0.432000 
-0.660000  -1.170000  203 0.432000 
-0.805000  -1.480000  204 0.432000 
-0.110000  -1.330000  205 0.432000 
-0.525000  -1.220000  206 0.432000 
-0.460000  -1.140000  207 0.432000 
-0.840000  -1.550000  208 0.432000 
-0.775000  -1.430000  209 0.432000 
-0.680000  -1.350000  210 0.432000 
-0.850000  -1.610000  211 0.432000 
-0.640000  -1.330000  212 0.432000 
-0.550000  -1.340000  213 0.432000 
-0.540000  -1.250000  214 0.432000 
-0.575000  -1.250000  215 0.432000 
-0.520000  -1.310000  216 0.432000 
-0.530000  -1.380000  217 0.432000 
-0.525000  -1.290000  218 0.432000 
-0.175000  -1.070000  219 0.432000 
-0.680000  -1.500000  220 0.432000 
-0.720000  -1.330000  221 0.432000 
-0.895000  -1.700000  222 0.432000 
-0.620000  -1.300000  223 0.432000 
-0.015000  -1.190000  224 0.432000 
-0.815000  -1.560000  225 0.432000 
-0.880000  -1.620000  226 0.432000 
-0.800000  -1.450000  227 0.432000 
-0.645000  -1.430000  228 0.432000 
-0.695000  -1.420000  229 0.432000 
-0.480000  -1.370000  230 0.432000 
-0.850000  -1.570000  231 0.432000 
-0.745000  -1.390000  232 0.432000 
-0.800000  -1.500000  233 0.432000 
-0.780000  -1.540000  234 0.432000 
-0.825000  -1.470000  235 0.432000 
-0.080000  -1.250000  236 0.432000 
0.600000  -1.350000  237 0.432000 
0.655000  -1.330000  238 0.432000 
0.345000  -1.290000  239 0.432000 
-0.060000  -1.100000  240 0.432000 
0.535000  -1.310000  241 0.432000 
0.045000  -1.180000  242 0.432000 
0.775000  -1.430000  243 0.432000 
0.755000  -1.540000  244 0.432000 
0.810000  -1.520000  245 0.432000 
0.600000  -1.230000  246 0.432000 
0.730000  -1.370000  247 0.432000 
0.550000  -1.210000  248 0.432000 
0.600000  -1.310000  249 0.432000 
0.055000  -1.270000  250 0.432000 
0.695000  -1.330000  251 0.432000 
0.890000  -1.660000  252 0.432000 
0.780000  -1.410000  253 0.432000 
0.800000  -1.440000  254 0.432000 
0.250000  -1.030000  255 0.432000 
-0.120000  -1.210000  256 0.432000 
0.315000  -1.250000  257 0.432000 
0.875000  -1.660000  258 0.432000 
0.810000  -1.440000  259 0.432000 
0.860000  -1.600000  260 0.432000 
0.260000  -1.370000  261 0.432000 
0.620000  -1.430000  262 0.432000 
0.660000  -1.350000  263 0.432000 
0.710000  -1.360000  264 0.432000 
0.325000  -1.040000  265 0.432000 
0.710000  -1.380000  266 0.432000 
-0.155000  -1.180000  267 0.432000 
0.590000  -1.260000  268 0.432000 
0.590000  -1.370000  269 0.432000 
0.805000  -1.620000  270 0.432000 
0.355000  -1.170000  271 0.432000 
0.650000  -1.430000  272 0.432000 
0.750000  -1.310000  273 0.432000 
0.775000  -1.460000  274 0.432000 
0.760000  -1.450000  275 0.432000 
0.630000  -1.270000  276 0.432000 
0.855000  -1.530000  277 0.432000 
0.220000  -1.210000  278 0.432000 
0.815000  -1.560000  279 0.432000 
0.345000  -1.270000  280 0.432000 
0.760000  -1.530000  281 0.432000 
0.685000  -1.290000  282 0.432000 
0.405000  -1.230000  283 0.432000 
0.850000  -1.530000  284 0.432000 
0.570000  -1.270000  285 0.432000 
-0.265000  -1.200000  286 0.432000 
0.850000  -1.510000  287 0.432000 
0.790000  -1.510000  288 0.432000 
0.840000  -1.540000  289 0.432000 
0.825000  -1.610000  290 0.432000 
0.400000  -1.190000  291 0.432000 
0.035000  -1.100000  292 0.432000 
0.370000  -1.090000  293 0.432000 
0.180000  -1.240000  294 0.432000 
-0.240000  -1.080000  295 0.432000 
0.215000  -1.280000  296 0.432000 
0.325000  -1.290000  297 0.432000 
0.650000  -1.250000  298 0.432000 
0.125000  -1.090000  299 0.432000 
-0.795000  -1.470000  300 0.432000 
-0.750000  -1.450000  301 0.432000 
-0.615000  -1.500000  302 0.432000 
-0.870000  -1.670000  303 0.432000 
-0.870000  -1.590000  304 0.432000 
-0.835000  -1.540000  305 0.432000 
-0.800000  -1.460000  306 0.432000 
-0.675000  -1.260000  307 0.432000 
-0.585000  -1.140000  308 0.432000 
-0.735000  -1.400000  309 0.432000 
-0.755000  -1.510000  310 0.432000 
-0.755000  -1.420000  311 0.432000 
-0.650000  -1.440000  312 0.432000 
-0.790000  -1.450000  313 0.432000 
-0.695000  -1.370000  314 0.432000 
-0.495000  -1.210000  315 0.432000 
-0.815000  -1.510000  316 0.432000 
-0.315000  -1.180000  317 0.432000 
-0.765000  -1.560000  318 0.432000 
-0.540000  -1.400000  319 0.432000 
-0.845000  -1.660000  320 0.432000 
-0.795000  -1.440000  321 0.432000 
-0.715000  -1.370000  322 0.432000 
-0.600000  -1.340000  323 0.432000 
-0.845000  -1.560000  324 0.432000 
-0.710000  -1.430000  325 0.432000 
-0.470000  -1.290000  326 0.432000 
-0.685000  -1.350000  327 0.432000 
-0.745000  -1.390000  328 0.432000 
-0.580000  -1.290000  329 0.432000 
-0.570000  -1.090000  330 0.432000 
-0.725000  -1.420000  331 0.432000 
-0.260000  -1.360000  332 0.432000 
-0.450000  -1.150000  333 0.432000 
0.410000  -1.070000  334 0.432000 
-0.160000  -1.120000  335 0.432000 
0.450000  -1.160000  336 0.432000 
0.705000  -1.490000  337 0.432000 
0.755000  -1.440000  338 0.432000 
0.770000  -1.480000  339 0.432000 
0.655000  -1.450000  340 0.432000 
0.720000  -1.380000  341 0.432000 
0.700000  -1.410000  342 0.432000 
0.645000  -1.200000  343 0.432000 
0.110000  -1.120000  344 0.432000 
-0.520000  -1.250000  345 0.432000 
-0.580000  -1.370000  346 0.432000 
-0.620000  -1.350000  347 0.432000 
-0.745000  -1.430000  348 0.432000 
-0.855000  -1.610000  349 0.432000 
-0.770000  -1.360000  350 0.432000 
-0.660000  -1.310000  351 0.432000 
-0.715000  -1.440000  352 0.432000 
-0.860000  -1.570000  353 0.432000 
-0.585000  -1.290000  354 0.432000 
-0.935000  -1.760000  355 0.432000 
-0.775000  -1.450000  356 0.432000 
-0.775000  -1.410000  357 0.432000 
-0.830000  -1.560000  358 0.432000 
-0.755000  -1.380000  359 0.432000 
-0.775000  -1.490000  360 0.432000 
-0.800000  -1.510000  361 0.432000 
-0.740000  -1.400000  362 0.432000 
-0.015000  -1.200000  363 0.432000 
0.675000  -1.420000  364 0.432000 
0.400000  -1.230000  365 0.432000 
0.430000  -1.290000  366 0.432000 
0.785000  -1.410000  367 0.432000 
0.875000  -1.620000  368 0.432000 
0.760000  -1.510000  369 0.432000 
0.785000  -1.510000  370 0.432000 
0.750000  -1.470000  371 0.432000 
0.730000  -1.410000  372 0.432000 
0.510000  -1.430000  373 0.432000 
-0.035000  -1.120000  374 0.432000 
-0.710000  -1.460000  375 0.432000 
-0.800000  -1.490000  376 0.432000 
-0.400000  -1.200000  377 0.432000 
-0.450000  -1.270000  378 0.432000 
0.035000  -1.180000  379 0.432000 
0.335000  -1.140000  380 0.432000 
0.190000  -1.170000  381 0.432000 
0.535000  -1.290000  382 0.432000 
0.630000  -1.370000  383 0.432000 
0.560000  -1.360000  384 0.432000 
0.325000  -1.200000  385 0.432000 
0.410000  -1.260000  386 0.432000 
0.680000  -1.360000  387 0.432000 
0.835000  -1.500000  388 0.432000 
0.865000  -1.570000  389 0.432000 
0.470000  -1.410000  390 0.432000 
0.800000  -1.570000  391 0.432000 
0.445000  -1.340000  392 0.432000 
0.195000  -1.000000  393 0.432000 
0.720000  -1.390000  394 0.432000 
0.830000  -1.560000  395 0.432000 
0.855000  -1.650000  396 0.432000 
0.755000  -1.450000  397 0.432000 
0.105000  -1.150000  398 0.432000 
0.275000  -1.170000  399 0.432000 
0.670000  -1.410000  400 0.432000 
-0.190000  -1.320000  401 0.432000 
-0.440000  -1.240000  402 0.432000 
0.275000  -1.170000  403 0.432000 
0.685000  -1.430000  404 0.432000 
0.700000  -1.320000  405 0.432000 
0.665000  -1.430000  406 0.432000 
0.785000  -1.370000  407 0.432000 
0.655000  -1.470000  408 0.432000 
0.590000  -1.120000  409 0.432000 
-0.045000  -1.220000  410 0.432000 
0.465000  -1.380000  411 0.432000 
0.485000  -1.130000  412 0.432000 
0.720000  -1.330000  413 0.432000 
0.725000  -1.410000  414 0.432000 
0.545000  -1.140000  415 0.432000 
-0.650000  -1.260000  416 0.432000 
-0.825000  -1.500000  417 0.432000 
-0.630000  -1.320000  418 0.432000 
-0.765000  -1.500000  419 0.432000 
-0.705000  -1.570000  420 0.432000 
-0.335000  -1.350000  421 0.432000 
-0.070000  -1.300000  422 0.432000 
0.570000  -1.420000  423 0.432000 
0.810000  -1.450000  424 0.432000 
0.720000  -1.390000  425 0.432000 
0.890000  -1.650000  426 0.432000 
0.525000  -1.110000  427 0.432000 
0.415000  -1.330000  428 0.432000 
0.445000  -1.220000  429 0.432000 
0.790000  -1.570000  430 0.432000 
0.450000  -1.200000  431 0.432000 
0.760000  -1.390000  432 0.432000 
0.790000  -1.410000  433 0.432000 
0.655000  -1.260000  434 0.432000 
0.765000  -1.410000  435 0.432000 
0.615000  -1.250000  436 0.432000 
0.455000  -1.420000  437 0.432000 
0.750000  -1.500000  438 0.432000 
0.415000  -1.390000  439 0.432000 
0.715000  -1.360000  440 0.432000 
0.665000  -1.330000  441 0.432000 
0.825000  -1.520000  442 0.432000 
0.360000  -1.070000  443 0.432000 
0.770000  -1.460000  444 0.432000 
0.835000  -1.490000  445 0.432000 
0.640000  -1.530000  446 0.432000 
0.290000  -1.270000  447 0.432000 
0.770000  -1.500000  448 0.432000 
0.590000  -1.290000  449 0.432000 
0.450000  -1.330000  450 0.432000 
-0.505000  -1.260000  451 0.432000 
-0.765000  -1.370000  452 0.432000 
-0.675000  -1.300000  453 0.432000 
-0.705000  -1.320000  454 0.432000 
-0.830000  -1.520000  455 0.432000 
-0.680000  -1.330000  456 0.432000 
-0.540000  -1.220000  457 0.432000 
-0.600000  -1.400000  458 0.432000 
-0.580000  -1.230000  459 0.432000 
-0.845000  -1.630000  460 0.432000 
-0.575000  -1.300000  461 0.432000 
-0.610000  -1.220000  462 0.432000 
-0.795000  -1.460000  463 0.432000 
-0.355000  -1.290000  464 0.432000 
0.385000  -1.290000  465 0.432000 
0.640000  -1.250000  466 0.432000 
0.470000  -1.220000  467 0.432000 
0.650000  -1.280000  468 0.432000 
0.560000  -1.440000  469 0.432000 
0.670000  -1.400000  470 0.432000 
0.825000  -1.560000  471 0.432000 
0.685000  -1.380000  472 0.432000 
0.050000  -1.170000  473 0.432000 
0.705000  -1.340000  474 0.432000 
0.725000  -1.330000  475 0.432000 
0.735000  -1.350000  476 0.432000 
0.845000  -1.550000  477 0.432000 
0.860000  -1.570000  478 0.432000 
0.440000  -1.310000  479 0.432000 
-0.025000  -1.090000  480 0.432000 
0.850000  -1.630000  481 0.432000 
0.725000  -1.430000  482 0.432000 
0.715000  -1.350000  483 0.432000 
0.745000  -1.540000  484 0.432000 
0.600000  -1.230000  485 0.432000 
-0.460000  -1.220000  486 0.432000 
-0.845000  -1.650000  487 0.432000 
-0.785000  -1.500000  488 0.432000 
-0.720000  -1.480000  489 0.432000 
-0.725000  -1.400000  490 0.432000 
-0.470000  -1.310000  491 0.432000 
-0.825000  -1.440000  492 0.432000 
-0.845000  -1.550000  493 0.432000 
-0.720000  -1.400000  494 0.432000 
-0.630000  -1.340000  495 0.432000 
-0.830000  -1.550000  496 0.432000 
-0.535000  -1.200000  497 0.432000 
-0.880000  -1.630000  498 0.432000 
-0.230000  -1.240000  499 0.432000 
-0.755000  -1.400000  500 0.432000 
-0.525000  -1.420000  501 0.432000 
-0.435000  -1.210000  502 0.432000 
-0.635000  -1.340000  503 0.432000 
-0.600000  -1.290000  504 0.432000 
-0.720000  -1.450000  505 0.432000 
-0.710000  -1.540000  506 0.432000 
-0.835000  -1.520000  507 0.432000 
-0.825000  -1.540000  508 0.432000 
-0.815000  -1.530000  509 0.432000 
-0.565000  -1.440000  510 0.432000 
-0.780000  -1.400000  511 0.432000 
-0.880000  -1.630000  512 0.432000 
0.010000  -1.360000  513 0.432000 
-0.050000  -1.000000  514 0.432000 
0.705000  -1.400000  515 0.432000 
0.625000  -1.300000  516 0.432000 
0.650000  -1.350000  517 0.432000 
0.360000  -1.420000  518 0.432000 
0.630000  -1.310000  519 0.432000 
0.735000  -1.490000  520 0.432000 
0.545000  -1.310000  521 0.432000 
0.780000  -1.560000  522 0.432000 
0.780000  -1.470000  523 0.432000 
0.760000  -1.480000  524 0.432000 
0.755000  -1.350000  525 0.432000 
0.645000  -1.380000  526 0.432000 
0.740000  -1.410000  527 0.432000 
0.545000  -1.360000  528 0.432000 
0.610000  -1.160000  529 0.432000 
0.585000  -1.320000  530 0.432000 
0.680000  -1.410000  531 0.432000 
0.710000  -1.320000  532 0.432000 
0.765000  -1.390000  533 0.432000 
0.815000  -1.490000  534 0.432000 
0.450000  -1.260000  535 0.432000 
0.865000  -1.620000  536 0.432000 
0.550000  -1.240000  537 0.432000 
-0.235000  -1.190000  538 0.432000 
-0.755000  -1.540000  539 0.432000 
-0.620000  -1.210000  540 0.432000 
-0.680000  -1.380000  541 0.432000 
-0.830000  -1.550000  542 0.432000 
-0.420000  -1.050000  543 0.432000 
0.080000  -1.180000  544 0.432000 
0.855000  -1.590000  545 0.432000 
0.790000  -1.420000  546 0.432000 
0.780000  -1.420000  547 0.432000 
-0.330000  -1.270000  548 0.432000 
-0.650000  -1.340000  549 0.432000 
-0.710000  -1.440000  550 0.432000 
-0.735000  -1.340000  551 0.432000 
-0.595000  -1.200000  552 0.432000 
-0.755000  -1.420000  553 0.432000 
-0.850000  -1.630000  554 0.432000 
-0.205000  -1.290000  555 0.432000 
-0.705000  -1.410000  556 0.432000 
-0.345000  -1.160000  557 0.432000 
-0.610000  -1.490000  558 0.432000 
-0.490000  -1.200000  559 0.432000 
-0.705000  -1.370000  560 0.432000 
-0.865000  -1.610000  561 0.432000 
-0.475000  -1.370000  562 0.432000 
-0.840000  -1.560000  563 0.432000 
-0.800000  -1.620000  564 0.432000 
-0.455000  -1.470000  565 0.432000 
-0.245000  -1.130000  566 0.432000 
-0.505000  -1.260000  567 0.432000 
0.485000  -1.430000  568 0.432000 
0.590000  -1.260000  569 0.432000 
0.870000  -1.640000  570 0.432000 
0.775000  -1.520000  571 0.432000 
0.585000  -1.450000  572 0.432000 
-0.060000  -1.360000  573 0.432000 
-0.105000  -1.220000  574 0.432000 
-0.555000  -1.200000  575 0.432000 
-0.820000  -1.550000  576 0.432000 
-0.750000  -1.340000  577 0.432000 
-0.805000  -1.520000  578 0.432000 
-0.620000  -1.480000  579 0.432000 
-0.455000  -1.110000  580 0.432000 
-0.650000  -1.460000  581 0.432000 
-0.835000  -1.530000  582 0.432000 
-0.420000  -1.150000  583 0.432000 
-0.525000  -1.210000  584 0.432000 
-0.875000  -1.630000  585 0.432000 
-0.735000  -1.320000  586 0.432000 
-0.700000  -1.390000  587 0.432000 
-0.015000  -1.130000  588 0.432000 
0.205000  -1.080000  589 0.432000 
0.530000  -1.420000  590 0.432000 
0.745000  -1.340000  591 0.432000 
0.750000  -1.380000  592 0.432000 
0.095000  -1.120000  593 0.432000 
0.660000  -1.390000  594 0.432000 
0.810000  -1.560000  595 0.432000 
0.600000  -1.280000  596 0.432000 
0.840000  -1.540000  597 0.432000 
0.750000  -1.250000  598 0.432000 
0.520000  -1.250000  599 0.432000 
0.775000  -1.470000  600 0.432000 
0.730000  -1.390000  601 0.432000 
0.665000  -1.330000  602 0.432000 
0.770000  -1.430000  603 0.432000 
0.770000  -1.350000  604 0.432000 
0.575000  -1.320000  605 0.432000 
0.900000  -1.670000  606 0.432000 
0.605000  -1.430000  607 0.432000 
0.735000  -1.500000  608 0.432000 
0.360000  -1.220000  609 0.432000 
0.505000  -1.310000  610 0.432000 
0.440000  -1.150000  611 0.432000 
-0.770000  -1.450000  612 0.432000 
-0.555000  -1.200000  613 0.432000 
-0.795000  -1.520000  614 0.432000 
-0.655000  -1.350000  615 0.432000 
-0.730000  -1.460000  616 0.432000 
-0.565000  -1.210000  617 0.432000 
-0.620000  -1.390000  618 0.432000 
-0.710000  -1.520000  619 0.432000 
-0.450000  -1.130000  620 0.432000 
-0.870000  -1.550000  621 0.432000 
-0.925000  -1.750000  622 0.432000 
-0.485000  -1.260000  623 0.432000 
-0.585000  -1.340000  624 0.432000 
-0.410000  -1.170000  625 0.432000 
-0.725000  -1.400000  626 0.432000 
-0.750000  -1.420000  627 0.432000 
-0.710000  -1.400000  628 0.432000 
-0.500000  -1.340000  629 0.432000 
-0.670000  -1.380000  630 0.432000 
-0.765000  -1.580000  631 0.432000 
-0.770000  -1.500000  632 0.432000 
-0.615000  -1.380000  633 0.432000 
-0.530000  -1.200000  634 0.432000 
-0.720000  -1.330000  635 0.432000 
-0.760000  -1.610000  636 0.432000 
-0.850000  -1.560000  637 0.432000 
-0.325000  -1.100000  638 0.432000 
-0.845000  -1.560000  639 0.432000 
-0.695000  -1.380000  640 0.432000 
-0.790000  -1.490000  641 0.432000 
-0.710000  -1.440000  642 0.432000 
-0.800000  -1.520000  643 0.432000 
-0.595000  -1.240000  644 0.432000 
-0.635000  -1.310000  645 0.432000 
-0.585000  -1.220000  646 0.432000 
-0.705000  -1.490000  647 0.432000 
-0.820000  -1.530000  648 0.432000 
-0.850000  -1.550000  649 0.432000 
-0.805000  -1.460000  650 0.432000 
-0.065000  -1.140000  651 0.432000 
0.465000  -1.330000  652 0.432000 
0.760000  -1.400000  653 0.432000 
0.620000  -1.230000  654 0.432000 
0.820000  -1.440000  655 0.432000 
0.175000  -1.100000  656 0.432000 
0.380000  -1.240000  657 0.432000 
0.745000  -1.490000  658 0.432000 
0.820000  -1.520000  659 0.432000 
0.725000  -1.400000  660 0.432000 
0.525000  -1.250000  661 0.432000 
0.810000  -1.550000  662 0.432000 
0.055000  -1.030000  663 0.432000 
0.720000  -1.380000  664 0.432000 
0.610000  -1.260000  665 0.432000 
0.725000  -1.550000  666 0.432000 
0.805000  -1.530000  667 0.432000 
0.590000  -1.330000  668 0.432000 
0.870000  -1.650000  669 0.432000 
0.670000  -1.290000  670 0.432000 
0.685000  -1.300000  671 0.432000 
0.830000  -1.540000  672 0.432000 
-0.015000  -1.210000  673 0.432000 
0.870000  -1.570000  674 0.432000 
0.405000  -1.240000  675 0.432000 
0.565000  -1.370000  676 0.432000 
0.045000  -1.160000  677 0.432000 
-0.025000  -0.970000  678 0.432000 
-0.480000  -1.270000  679 0.432000 
-0.875000  -1.610000  680 0.432000 
-0.755000  -1.510000  681 0.432000 
-0.805000  -1.510000  682 0.432000 
-0.325000  -1.220000  683 0.432000 
-0.805000  -1.430000  684 0.432000 
-0.315000  -1.340000  685 0.432000 
-0.145000  -1.010000  686 0.432000 
-0.650000  -1.370000  687 0.432000 
-0.805000  -1.520000  688 0.432000 
-0.850000  -1.560000  689 0.432000 
-0.885000  -1.590000  690 0.432000 
-0.405000  -1.070000  691 0.432000 
0.085000  -1.090000  692 0.432000 
0.805000  -1.480000  693 0.432000 
0.460000  -1.140000  694 0.432000 
0.485000  -1.150000  695 0.432000 
0.575000  -1.470000  696 0.432000 
0.585000  -1.210000  697 0.432000 
0.580000  -1.230000  698 0.432000 
0.815000  -1.510000  699 0.432000 
0.420000  -1.360000  700 0.432000 
0.360000  -1.090000  701 0.432000 
0.805000  -1.540000  702 0.432000 
0.630000  -1.420000  703 0.432000 
0.610000  -1.070000  704 0.432000 
0.725000  -1.360000  705 0.432000 
0.845000  -1.600000  706 0.432000 
0.680000  -1.370000  707 0.432000 
0.380000  -1.030000  708 0.432000 
0.420000  -1.340000  709 0.432000 
0.285000  -1.110000  710 0.432000 
0.465000  -1.280000  711 0.432000 
0.730000  -1.360000  712 0.432000 
0.695000  -1.500000  713 0.432000 
0.760000  -1.460000  714 0.432000 
0.785000  -1.480000  715 0.432000 
0.560000  -1.320000  716 0.432000 
0.670000  -1.250000  717 0.432000 
0.790000  -1.400000  718 0.432000 
0.620000  -1.450000  719 0.432000 
0.540000  -1.410000  720 0.432000 
0.230000  -1.170000  721 0.432000 
-0.660000  -1.380000  722 0.432000 
-0.845000  -1.540000  723 0.432000 
-0.740000  -1.420000  724 0.432000 
-0.715000  -1.410000  725 0.432000 
-0.390000  -1.140000  726 0.432000 
0.600000  -1.290000  727 0.432000 
0.310000  -1.010000  728 0.432000 
0.545000  -1.280000  729 0.432000 
0.745000  -1.420000  730 0.432000 
0.830000  -1.520000  731 0.432000 
0.690000  -1.390000  732 0.432000 
0.435000  -1.300000  733 0.432000 
0.785000  -1.450000  734 0.432000 
0.650000  -1.280000  735 0.432000 
0.755000  -1.440000  736 0.432000 
0.670000  -1.300000  737 0.432000 
0.695000  -1.260000  738 0.432000 
0.780000  -1.490000  739 0.432000 
0.600000  -1.470000  740 0.432000 
0.755000  -1.610000  741 0.432000 
0.705000  -1.500000  742 0.432000 
0.655000  -1.310000  743 0.432000 
0.515000  -1.440000  744 0.432000 
0.445000  -1.180000  745 0.432000 
0.485000  -1.350000  746 0.432000 
0.430000  -1.210000  747 0.432000 
0.060000  -1.110000  748 0.432000 
0.875000  -1.680000  749 0.432000 
0.815000  -1.510000  750 0.432000 
0.295000  -1.300000  751 0.432000 
-0.410000  -1.290000  752 0.432000 
0.140000  -1.140000  753 0.432000 
-0.195000  -1.210000  754 0.432000 
-0.370000  -1.150000  755 0.432000 
-0.630000  -1.370000  756 0.432000 
-0.655000  -1.390000  757 0.432000 
-0.700000  -1.340000  758 0.432000 
-0.700000  -1.340000  759 0.432000 
-0.410000  -1.320000  760 0.432000 
-0.470000  -0.940000  761 0.432000 
-0.775000  -1.410000  762 0.432000 
-0.265000  -1.180000  763 0.432000 
-0.145000  -1.280000  764 0.432000 
0.015000  -1.360000  765 0.432000 
-0.100000  -1.050000  766 0.432000 
-0.595000  -1.280000  767 0.432000 
-0.735000  -1.370000  768 0.432000 
-0.605000  -1.140000  769 0.432000 
-0.645000  -1.350000  770 0.432000 
-0.800000  -1.580000  771 0.432000 
-0.605000  -1.280000  772 0.432000 
-0.610000  -1.230000  773 0.432000 
-0.805000  -1.500000  774 0.432000 
-0.665000  -1.390000  775 0.432000 
-0.440000  -1.100000  776 0.432000 
-0.740000  -1.470000  777 0.432000 
-0.380000  -1.280000  778 0.432000 
-0.545000  -1.230000  779 0.432000 
-0.675000  -1.280000  780 0.432000 
-0.715000  -1.360000  781 0.432000 
-0.595000  -1.310000  782 0.432000 
-0.040000  -1.230000  783 0.432000 
-0.780000  -1.460000  784 0.432000 
-0.050000  -1.150000  785 0.432000 
0.570000  -1.150000  786 0.432000 
0.790000  -1.500000  787 0.432000 
0.575000  -1.290000  788 0.432000 
0.760000  -1.370000  789 0.432000 
0.860000  -1.600000  790 0.432000 
0.405000  -1.360000  791 0.432000 
0.855000  -1.550000  792 0.432000 
0.610000  -1.220000  793 0.432000 
0.830000  -1.600000  794 0.432000 
0.800000  -1.530000  795 0.432000 
0.490000  -1.090000  796 0.432000 
0.765000  -1.430000  797 0.432000 
-0.390000  -1.330000  798 0.432000 
-0.110000  -1.140000  799 0.432000 
0.330000  -1.330000  800 0.432000 
-0.595000  -1.290000  801 0.432000 
-0.750000  -1.470000  802 0.432000 
-0.790000  -1.500000  803 0.432000 
-0.740000  -1.430000  804 0.432000 
-0.250000  -1.190000  805 0.432000 
-0.400000  -1.270000  806 0.432000 
-0.555000  -1.230000  807 0.432000 
-0.745000  -1.430000  808 0.432000 
-0.360000  -1.280000  809 0.432000 
-0.715000  -1.450000  810 0.432000 
-0.865000  -1.570000  811 0.432000 
-0.820000  -1.500000  812 0.432000 
-0.715000  -1.330000  813 0.432000 
-0.390000  -1.360000  814 0.432000 
-0.610000  -1.230000  815 0.432000 
-0.405000  -1.320000  816 0.432000 
-0.710000  -1.510000  817 0.432000 
-0.860000  -1.690000  818 0.432000 
-0.740000  -1.540000  819 0.432000 
-0.825000  -1.530000  820 0.432000 
-0.540000  -1.230000  821 0.432000 
-0.420000  -1.220000  822 0.432000 
-0.695000  -1.400000  823 0.432000 
-0.715000  -1.420000  824 0.432000 
-0.810000  -1.660000  825 0.432000 
-0.060000  -1.220000  826 0.432000 
-0.720000  -1.510000  827 0.432000 
-0.735000  -1.290000  828 0.432000 
0.410000  -1.100000  829 0.432000 
0.665000  -1.330000  830 0.432000 
0.425000  -1.130000  831 0.432000 
-0.130000  -1.200000  832 0.432000 
-0.680000  -1.490000  833 0.432000 
-0.675000  -1.320000  834 0.432000 
0.325000  -1.210000  835 0.432000 
0.675000  -1.300000  836 0.432000 
0.630000  -1.240000  837 0.432000 
0.530000  -1.130000  838 0.432000 
0.725000  -1.370000  839 0.432000 
0.615000  -1.320000  840 0.432000 
0.385000  -1.350000  841 0.432000 
0.560000  -1.220000  842 0.432000 
0.830000  -1.490000  843 0.432000 
0.675000  -1.390000  844 0.432000 
0.900000  -1.700000  845 0.432000 
0.605000  -1.370000  846 0.432000 
0.030000  -1.280000  847 0.432000 
0.150000  -1.160000  848 0.432000 
0.790000  -1.440000  849 0.432000 
0.510000  -1.280000  850 0.432000 
0.635000  -1.360000  851 0.432000 
0.400000  -1.300000  852 0.432000 
0.550000  -1.270000  853 0.432000 
0.705000  -1.430000  854 0.432000 
0.630000  -1.400000  855 0.432000 
0.775000  -1.430000  856 0.432000 
0.645000  -1.360000  857 0.432000 
0.650000  -1.320000  858 0.432000 
0.570000  -1.360000  859 0.432000 
0.735000  -1.430000  860 0.432000 
0.725000  -1.460000  861 0.432000 
0.525000  -1.190000  862 0.432000 
0.715000  -1.410000  863 0.432000 
0.735000  -1.470000  864 0.432000 
0.715000  -1.320000  865 0.432000 
0.535000  -1.170000  866 0.432000 
-0.115000  -1.280000  867 0.432000 
0.250000  -1.220000  868 0.432000 
0.525000  -1.290000  869 0.432000 
0.625000  -1.340000  870 0.432000 
0.535000  -1.300000  871 0.432000 
0.855000  -1.570000  872 0.432000 
0.850000  -1.580000  873 0.432000 
0.800000  -1.490000  874 0.432000 
0.830000  -1.480000  875 0.432000 
0.755000  -1.410000  876 0.432000 
0.405000  -1.170000  877 0.432000 
0.950000  -1.810000  878 0.432000 
0.195000  -1.250000  879 0.432000 
-0.215000  -1.310000  880 0.432000 
-0.375000  -1.300000  881 0.432000 
-0.010000  -1.090000  882 0.432000 
-0.775000  -1.460000  883 0.432000 
-0.445000  -1.120000  884 0.432000 
-0.090000  -1.210000  885 0.432000 
-0.255000  -1.190000  886 0.432000 
-0.880000  -1.640000  887 0.432000 
-0.840000  -1.570000  888 0.432000 
-0.310000  -1.190000  889 0.432000 
-0.845000  -1.540000  890 0.432000 
-0.725000  -1.390000  891 0.432000 
-0.595000  -1.400000  892 0.432000 
-0.720000  -1.380000  893 0.432000 
-0.585000  -1.120000  894 0.432000 
-0.615000  -1.300000  895 0.432000 
-0.765000  -1.450000  896 0.432000 
-0.480000  -1.200000  897 0.432000 
-0.715000  -1.370000  898 0.432000 
-0.705000  -1.360000  899 0.432000 
-0.610000  -1.340000  900 0.432000 
-0.660000  -1.460000  901 0.432000 
-0.730000  -1.380000  902 0.432000 
-0.655000  -1.410000  903 0.432000 
-0.870000  -1.630000  904 0.432000 
-0.575000  -1.230000  905 0.432000 
-0.755000  -1.370000  906 0.432000 
-0.520000  -1.410000  907 0.432000 
-0.745000  -1.510000  908 0.432000 
-0.450000  -1.130000  909 0.432000 
0.395000  -1.300000  910 0.432000 
0.635000  -1.290000  911 0.432000 
0.805000  -1.590000  912 0.432000 
0.540000  -1.320000  913 0.432000 
0.635000  -1.440000  914 0.432000 
0.810000  -1.490000  915 0.432000 
0.480000  -1.160000  916 0.432000 
0.725000  -1.380000  917 0.432000 
0.370000  -1.130000  918 0.432000 
-0.680000  -1.300000  919 0.432000 
-0.770000  -1.480000  920 0.432000 
-0.475000  -1.260000  921 0.432000 
-0.765000  -1.420000  922 0.432000 
0.115000  -1.230000  923 0.432000 
0.040000  -1.370000  924 0.432000 
-0.280000  -1.160000  925 0.432000 
-0.155000  -1.190000  926 0.432000 
-0.475000  -1.060000  927 0.432000 
-0.550000  -1.330000  928 0.432000 
-0.560000  -1.420000  929 0.432000 
-0.810000  -1.440000  930 0.432000 
-0.395000  -1.270000  931 0.432000 
-0.095000  -1.100000  932 0.432000 
-0.645000  -1.290000  933 0.432000 
-0.510000  -1.220000  934 0.432000 
-0.805000  -1.530000  935 0.432000 
-0.770000  -1.410000  936 0.432000 
-0.800000  -1.460000  937 0.432000 
-0.605000  -1.500000  938 0.432000 
-0.260000  -1.280000  939 0.432000 
0.500000  -1.240000  940 0.432000 
0.495000  -1.140000  941 0.432000 
0.080000  -0.990000  942 0.432000 
0.470000  -1.190000  943 0.432000 
0.785000  -1.430000  944 0.432000 
-0.570000  -1.330000  945 0.432000 
0.185000  -1.240000  946 0.432000 
-0.335000  -1.390000  947 0.432000 
-0.795000  -1.480000  948 0.432000 
-0.710000  -1.320000  949 0.432000 
-0.725000  -1.300000  950 0.432000 
-0.745000  -1.430000  951 0.432000 
-0.855000  -1.570000  952 0.432000 
-0.740000  -1.430000  953 0.432000 
-0.845000  -1.580000  954 0.432000 
0.265000  -1.260000  955 0.432000 
-0.230000  -1.230000  956 0.432000 
-0.900000  -1.680000  957 0.432000 
-0.280000  -1.070000  958 0.432000 
0.660000  -1.340000  959 0.432000 
0.790000  -1.570000  960 0.432000 
0.560000  -1.130000  961 0.432000 
0.635000  -1.330000  962 0.432000 
0.625000  -1.340000  963 0.432000 
0.840000  -1.590000  964 0.432000 
0.690000  -1.360000  965 0.432000 
0.680000  -1.340000  966 0.432000 
0.810000  -1.460000  967 0.432000 
0.545000  -1.260000  968 0.432000 
0.485000  -1.450000  969 0.432000 
0.450000  -1.200000  970 0.432000 
0.270000  -1.210000  971 0.432000 
-0.315000  -1.300000  972 0.432000 
-0.750000  -1.460000  973 0.432000 
-0.820000  -1.570000  974 0.432000 
-0.630000  -1.320000  975 0.432000 
-0.195000  -1.180000  976 0.432000 
-0.250000  -1.280000  977 0.432000 
-0.480000  -1.070000  978 0.432000 
-0.865000  -1.580000  979 0.432000 
-0.725000  -1.380000  980 0.432000 
-0.805000  -1.480000  981 0.432000 
-0.745000  -1.360000  982 0.432000 
-0.620000  -1.260000  983 0.432000 
-0.600000  -1.310000  984 0.432000 
-0.820000  -1.510000  985 0.432000 
-0.890000  -1.700000  986 0.432000 
-0.855000  -1.580000  987 0.432000 
-0.890000  -1.670000  988 0.432000 
-0.810000  -1.680000  989 0.432000 
-0.675000  -1.350000  990 0.432000 
-0.775000  -1.440000  991 0.432000 
-0.855000  -1.600000  992 0.432000 
-0.845000  -1.590000  993 0.432000 
0.845000  -1.650000  994 0.432000 
0.870000  -1.630000  995 0.432000 
0.635000  -1.330000  996 0.432000 
0.790000  -1.460000  997 0.432000 
0.740000  -1.380000  998 0.432000 
0.255000  -1.110000  999 0.432000 
