0.335000  -1.310000  0 0.438000 
-0.265000  -1.260000  1 0.438000 
-0.785000  -1.500000  2 0.438000 
-0.565000  -1.330000  3 0.438000 
-0.180000  -1.270000  4 0.438000 
-0.320000  -1.070000  5 0.438000 
-0.675000  -1.390000  6 0.438000 
-0.900000  -1.680000  7 0.438000 
-0.860000  -1.600000  8 0.438000 
-0.695000  -1.360000  9 0.438000 
-0.385000  -1.350000  10 0.438000 
-0.610000  -1.380000  11 0.438000 
-0.680000  -1.470000  12 0.438000 
-0.760000  -1.330000  13 0.438000 
-0.615000  -1.450000  14 0.438000 
-0.570000  -1.240000  15 0.438000 
-0.600000  -1.360000  16 0.438000 
-0.650000  -1.320000  17 0.438000 
-0.870000  -1.610000  18 0.438000 
-0.815000  -1.490000  19 0.438000 
-0.570000  -1.370000  20 0.438000 
-0.620000  -1.330000  21 0.438000 
-0.615000  -1.300000  22 0.438000 
-0.635000  -1.350000  23 0.438000 
-0.790000  -1.440000  24 0.438000 
-0.360000  -1.200000  25 0.438000 
-0.800000  -1.470000  26 0.438000 
-0.725000  -1.440000  27 0.438000 
-0.775000  -1.460000  28 0.438000 
-0.765000  -1.430000  29 0.438000 
-0.480000  -1.130000  30 0.438000 
-0.650000  -1.160000  31 0.438000 
-0.770000  -1.440000  32 0.438000 
-0.780000  -1.440000  33 0.438000 
-0.825000  -1.550000  34 0.438000 
-0.685000  -1.350000  35 0.438000 
-0.920000  -1.730000  36 0.438000 
-0.795000  -1.470000  37 0.438000 
-0.835000  -1.640000  38 0.438000 
-0.755000  -1.400000  39 0.438000 
-0.845000  -1.510000  40 0.438000 
-0.655000  -1.430000  41 0.438000 
-0.475000  -1.420000  42 0.438000 
0.630000  -1.430000  43 0.438000 
0.800000  -1.440000  44 0.438000 
0.805000  -1.460000  45 0.438000 
0.815000  -1.560000  46 0.438000 
0.850000  -1.540000  47 0.438000 
0.840000  -1.580000  48 0.438000 
0.815000  -1.500000  49 0.438000 
0.665000  -1.390000  50 0.438000 
0.885000  -1.690000  51 0.438000 
0.730000  -1.380000  52 0.438000 
0.855000  -1.620000  53 0.438000 
0.695000  -1.410000  54 0.438000 
0.670000  -1.390000  55 0.438000 
0.875000  -1.630000  56 0.438000 
0.825000  -1.650000  57 0.438000 
0.715000  -1.400000  58 0.438000 
0.380000  -1.190000  59 0.438000 
0.830000  -1.520000  60 0.438000 
0.765000  -1.390000  61 0.438000 
0.825000  -1.520000  62 0.438000 
0.865000  -1.660000  63 0.438000 
0.755000  -1.530000  64 0.438000 
0.790000  -1.460000  65 0.438000 
0.860000  -1.640000  66 0.438000 
0.885000  -1.620000  67 0.438000 
0.885000  -1.610000  68 0.438000 
0.495000  -1.460000  69 0.438000 
0.710000  -1.420000  70 0.438000 
0.725000  -1.370000  71 0.438000 
0.690000  -1.520000  72 0.438000 
0.115000  -1.190000  73 0.438000 
0.295000  -1.110000  74 0.438000 
0.565000  -1.320000  75 0.438000 
0.725000  -1.390000  76 0.438000 
0.610000  -1.390000  77 0.438000 
0.875000  -1.620000  78 0.438000 
0.470000  -1.100000  79 0.438000 
-0.505000  -1.390000  80 0.438000 
-0.870000  -1.680000  81 0.438000 
-0.640000  -1.410000  82 0.438000 
-0.880000  -1.720000  83 0.438000 
-0.730000  -1.390000  84 0.438000 
-0.015000  -1.050000  85 0.438000 
0.395000  -1.260000  86 0.438000 
0.820000  -1.560000  87 0.438000 
0.760000  -1.460000  88 0.438000 
0.775000  -1.440000  89 0.438000 
0.830000  -1.530000  90 0.438000 
0.665000  -1.370000  91 0.438000 
0.395000  -1.050000  92 0.438000 
-0.820000  -1.550000  93 0.438000 
-0.375000  -1.360000  94 0.438000 
-0.860000  -1.610000  95 0.438000 
-0.440000  -1.310000  96 0.438000 
-0.765000  -1.400000  97 0.438000 
-0.815000  -1.640000  98 0.438000 
-0.850000  -1.540000  99 0.438000 
-0.805000  -1.450000  100 0.438000 
0.100000  -1.020000  101 0.438000 
0.135000  -1.210000  102 0.438000 
-0.845000  -1.570000  103 0.438000 
-0.805000  -1.440000  104 0.438000 
-0.630000  -1.430000  105 0.438000 
-0.675000  -1.270000  106 0.438000 
0.255000  -1.280000  107 0.438000 
0.845000  -1.590000  108 0.438000 
0.700000  -1.340000  109 0.438000 
0.865000  -1.640000  110 0.438000 
0.555000  -1.390000  111 0.438000 
0.855000  -1.600000  112 0.438000 
0.295000  -1.150000  113 0.438000 
0.540000  -1.090000  114 0.438000 
0.655000  -1.380000  115 0.438000 
0.775000  -1.570000  116 0.438000 
0.905000  -1.660000  117 0.438000 
0.870000  -1.630000  118 0.438000 
0.460000  -1.300000  119 0.438000 
0.710000  -1.280000  120 0.438000 
0.605000  -1.240000  121 0.438000 
0.875000  -1.640000  122 0.438000 
0.890000  -1.640000  123 0.438000 
0.795000  -1.440000  124 0.438000 
0.735000  -1.480000  125 0.438000 
0.750000  -1.390000  126 0.438000 
0.550000  -1.140000  127 0.438000 
0.310000  -1.320000  128 0.438000 
0.430000  -1.190000  129 0.438000 
0.805000  -1.510000  130 0.438000 
0.690000  -1.330000  131 0.438000 
0.560000  -1.380000  132 0.438000 
0.735000  -1.500000  133 0.438000 
0.775000  -1.480000  134 0.438000 
0.815000  -1.520000  135 0.438000 
0.790000  -1.510000  136 0.438000 
0.855000  -1.620000  137 0.438000 
0.810000  -1.390000  138 0.438000 
0.625000  -1.320000  139 0.438000 
0.300000  -1.160000  140 0.438000 
0.730000  -1.390000  141 0.438000 
0.700000  -1.450000  142 0.438000 
0.760000  -1.450000  143 0.438000 
0.845000  -1.530000  144 0.438000 
0.480000  -1.200000  145 0.438000 
0.745000  -1.410000  146 0.438000 
0.855000  -1.600000  147 0.438000 
-0.470000  -1.320000  148 0.438000 
-0.855000  -1.610000  149 0.438000 
-0.875000  -1.600000  150 0.438000 
-0.705000  -1.480000  151 0.438000 
-0.465000  -1.170000  152 0.438000 
-0.835000  -1.550000  153 0.438000 
-0.760000  -1.420000  154 0.438000 
-0.690000  -1.510000  155 0.438000 
-0.135000  -1.280000  156 0.438000 
-0.715000  -1.410000  157 0.438000 
-0.845000  -1.510000  158 0.438000 
-0.785000  -1.360000  159 0.438000 
-0.610000  -1.330000  160 0.438000 
-0.620000  -1.360000  161 0.438000 
-0.760000  -1.450000  162 0.438000 
-0.610000  -1.280000  163 0.438000 
-0.360000  -1.200000  164 0.438000 
-0.850000  -1.580000  165 0.438000 
-0.790000  -1.480000  166 0.438000 
-0.795000  -1.500000  167 0.438000 
-0.785000  -1.580000  168 0.438000 
-0.775000  -1.430000  169 0.438000 
-0.775000  -1.610000  170 0.438000 
-0.265000  -1.340000  171 0.438000 
-0.565000  -1.480000  172 0.438000 
-0.870000  -1.590000  173 0.438000 
-0.775000  -1.550000  174 0.438000 
-0.860000  -1.590000  175 0.438000 
-0.825000  -1.530000  176 0.438000 
-0.775000  -1.370000  177 0.438000 
-0.745000  -1.440000  178 0.438000 
-0.210000  -1.230000  179 0.438000 
-0.800000  -1.530000  180 0.438000 
-0.615000  -1.380000  181 0.438000 
-0.360000  -1.020000  182 0.438000 
-0.650000  -1.320000  183 0.438000 
-0.770000  -1.410000  184 0.438000 
-0.910000  -1.730000  185 0.438000 
-0.755000  -1.390000  186 0.438000 
-0.740000  -1.470000  187 0.438000 
-0.295000  -1.080000  188 0.438000 
-0.215000  -1.350000  189 0.438000 
-0.815000  -1.490000  190 0.438000 
-0.895000  -1.690000  191 0.438000 
-0.875000  -1.670000  192 0.438000 
-0.680000  -1.390000  193 0.438000 
-0.770000  -1.430000  194 0.438000 
-0.830000  -1.510000  195 0.438000 
-0.545000  -1.340000  196 0.438000 
-0.295000  -1.060000  197 0.438000 
-0.495000  -1.360000  198 0.438000 
-0.445000  -1.270000  199 0.438000 
-0.750000  -1.420000  200 0.438000 
-0.665000  -1.440000  201 0.438000 
-0.640000  -1.520000  202 0.438000 
-0.730000  -1.420000  203 0.438000 
-0.580000  -1.320000  204 0.438000 
-0.795000  -1.560000  205 0.438000 
-0.635000  -1.320000  206 0.438000 
-0.870000  -1.590000  207 0.438000 
-0.780000  -1.440000  208 0.438000 
-0.105000  -1.120000  209 0.438000 
-0.475000  -1.250000  210 0.438000 
-0.700000  -1.340000  211 0.438000 
-0.905000  -1.750000  212 0.438000 
-0.855000  -1.590000  213 0.438000 
-0.310000  -1.190000  214 0.438000 
-0.860000  -1.580000  215 0.438000 
-0.640000  -1.290000  216 0.438000 
-0.765000  -1.410000  217 0.438000 
-0.800000  -1.490000  218 0.438000 
-0.495000  -1.310000  219 0.438000 
-0.920000  -1.690000  220 0.438000 
-0.460000  -1.270000  221 0.438000 
-0.770000  -1.490000  222 0.438000 
-0.600000  -1.330000  223 0.438000 
-0.735000  -1.380000  224 0.438000 
-0.760000  -1.390000  225 0.438000 
-0.665000  -1.420000  226 0.438000 
-0.820000  -1.560000  227 0.438000 
-0.245000  -0.960000  228 0.438000 
-0.250000  -1.150000  229 0.438000 
-0.665000  -1.380000  230 0.438000 
-0.735000  -1.390000  231 0.438000 
-0.815000  -1.440000  232 0.438000 
-0.800000  -1.600000  233 0.438000 
-0.555000  -1.390000  234 0.438000 
-0.850000  -1.550000  235 0.438000 
-0.620000  -1.310000  236 0.438000 
-0.830000  -1.530000  237 0.438000 
-0.780000  -1.400000  238 0.438000 
-0.770000  -1.470000  239 0.438000 
-0.790000  -1.470000  240 0.438000 
-0.560000  -1.320000  241 0.438000 
-0.770000  -1.370000  242 0.438000 
-0.790000  -1.500000  243 0.438000 
-0.860000  -1.600000  244 0.438000 
-0.790000  -1.440000  245 0.438000 
-0.590000  -1.230000  246 0.438000 
-0.495000  -1.140000  247 0.438000 
-0.810000  -1.600000  248 0.438000 
-0.865000  -1.590000  249 0.438000 
-0.790000  -1.500000  250 0.438000 
-0.905000  -1.690000  251 0.438000 
-0.825000  -1.570000  252 0.438000 
-0.650000  -1.320000  253 0.438000 
-0.740000  -1.410000  254 0.438000 
-0.825000  -1.670000  255 0.438000 
-0.765000  -1.480000  256 0.438000 
-0.605000  -1.490000  257 0.438000 
-0.820000  -1.510000  258 0.438000 
-0.505000  -1.280000  259 0.438000 
-0.500000  -1.290000  260 0.438000 
-0.445000  -1.240000  261 0.438000 
-0.515000  -1.440000  262 0.438000 
-0.675000  -1.330000  263 0.438000 
-0.615000  -1.400000  264 0.438000 
-0.880000  -1.640000  265 0.438000 
-0.740000  -1.540000  266 0.438000 
-0.885000  -1.700000  267 0.438000 
-0.580000  -1.360000  268 0.438000 
-0.310000  -1.200000  269 0.438000 
-0.355000  -1.120000  270 0.438000 
0.095000  -1.400000  271 0.438000 
0.760000  -1.460000  272 0.438000 
0.745000  -1.480000  273 0.438000 
0.480000  -1.230000  274 0.438000 
0.865000  -1.560000  275 0.438000 
0.860000  -1.620000  276 0.438000 
0.560000  -1.350000  277 0.438000 
-0.180000  -1.160000  278 0.438000 
-0.255000  -1.120000  279 0.438000 
-0.610000  -1.410000  280 0.438000 
-0.850000  -1.580000  281 0.438000 
-0.705000  -1.260000  282 0.438000 
-0.705000  -1.500000  283 0.438000 
-0.805000  -1.490000  284 0.438000 
-0.585000  -1.330000  285 0.438000 
-0.705000  -1.320000  286 0.438000 
-0.870000  -1.600000  287 0.438000 
-0.745000  -1.530000  288 0.438000 
-0.875000  -1.620000  289 0.438000 
-0.855000  -1.600000  290 0.438000 
-0.835000  -1.600000  291 0.438000 
-0.855000  -1.600000  292 0.438000 
-0.820000  -1.510000  293 0.438000 
-0.760000  -1.440000  294 0.438000 
-0.735000  -1.370000  295 0.438000 
-0.815000  -1.470000  296 0.438000 
-0.720000  -1.410000  297 0.438000 
-0.745000  -1.480000  298 0.438000 
-0.850000  -1.570000  299 0.438000 
-0.845000  -1.570000  300 0.438000 
-0.230000  -1.200000  301 0.438000 
0.795000  -1.490000  302 0.438000 
0.805000  -1.560000  303 0.438000 
0.855000  -1.560000  304 0.438000 
0.825000  -1.460000  305 0.438000 
0.835000  -1.590000  306 0.438000 
0.805000  -1.480000  307 0.438000 
0.730000  -1.310000  308 0.438000 
0.735000  -1.330000  309 0.438000 
0.855000  -1.540000  310 0.438000 
0.365000  -1.420000  311 0.438000 
0.080000  -1.200000  312 0.438000 
0.825000  -1.570000  313 0.438000 
0.840000  -1.610000  314 0.438000 
0.850000  -1.600000  315 0.438000 
0.745000  -1.500000  316 0.438000 
0.785000  -1.460000  317 0.438000 
0.620000  -1.240000  318 0.438000 
0.700000  -1.480000  319 0.438000 
0.865000  -1.650000  320 0.438000 
0.800000  -1.480000  321 0.438000 
0.775000  -1.480000  322 0.438000 
0.650000  -1.350000  323 0.438000 
0.430000  -1.170000  324 0.438000 
0.870000  -1.660000  325 0.438000 
0.795000  -1.490000  326 0.438000 
0.625000  -1.350000  327 0.438000 
0.785000  -1.440000  328 0.438000 
0.760000  -1.360000  329 0.438000 
0.565000  -1.450000  330 0.438000 
0.645000  -1.360000  331 0.438000 
0.695000  -1.330000  332 0.438000 
0.865000  -1.620000  333 0.438000 
0.795000  -1.460000  334 0.438000 
0.720000  -1.350000  335 0.438000 
0.715000  -1.400000  336 0.438000 
0.815000  -1.500000  337 0.438000 
0.600000  -1.290000  338 0.438000 
0.505000  -1.340000  339 0.438000 
0.840000  -1.510000  340 0.438000 
0.775000  -1.480000  341 0.438000 
0.720000  -1.450000  342 0.438000 
0.270000  -1.180000  343 0.438000 
0.790000  -1.560000  344 0.438000 
0.820000  -1.550000  345 0.438000 
0.835000  -1.600000  346 0.438000 
0.865000  -1.660000  347 0.438000 
0.825000  -1.550000  348 0.438000 
0.670000  -1.360000  349 0.438000 
0.640000  -1.320000  350 0.438000 
0.660000  -1.440000  351 0.438000 
0.805000  -1.480000  352 0.438000 
0.845000  -1.640000  353 0.438000 
0.785000  -1.500000  354 0.438000 
0.840000  -1.620000  355 0.438000 
0.790000  -1.570000  356 0.438000 
0.880000  -1.660000  357 0.438000 
0.825000  -1.520000  358 0.438000 
0.720000  -1.380000  359 0.438000 
0.760000  -1.480000  360 0.438000 
0.745000  -1.440000  361 0.438000 
0.780000  -1.470000  362 0.438000 
0.805000  -1.510000  363 0.438000 
0.845000  -1.580000  364 0.438000 
0.795000  -1.590000  365 0.438000 
0.520000  -1.410000  366 0.438000 
0.815000  -1.530000  367 0.438000 
0.775000  -1.510000  368 0.438000 
0.865000  -1.580000  369 0.438000 
0.765000  -1.430000  370 0.438000 
0.825000  -1.500000  371 0.438000 
0.515000  -1.300000  372 0.438000 
-0.405000  -1.310000  373 0.438000 
0.500000  -1.360000  374 0.438000 
0.765000  -1.430000  375 0.438000 
0.785000  -1.520000  376 0.438000 
0.650000  -1.430000  377 0.438000 
0.900000  -1.710000  378 0.438000 
0.820000  -1.510000  379 0.438000 
0.870000  -1.650000  380 0.438000 
0.370000  -1.340000  381 0.438000 
-0.310000  -1.320000  382 0.438000 
-0.775000  -1.440000  383 0.438000 
-0.760000  -1.510000  384 0.438000 
-0.580000  -1.380000  385 0.438000 
-0.350000  -1.340000  386 0.438000 
-0.560000  -1.300000  387 0.438000 
-0.640000  -1.400000  388 0.438000 
-0.570000  -1.180000  389 0.438000 
-0.765000  -1.430000  390 0.438000 
-0.760000  -1.430000  391 0.438000 
-0.785000  -1.530000  392 0.438000 
-0.865000  -1.560000  393 0.438000 
-0.735000  -1.460000  394 0.438000 
-0.800000  -1.490000  395 0.438000 
-0.510000  -1.270000  396 0.438000 
-0.800000  -1.530000  397 0.438000 
-0.845000  -1.560000  398 0.438000 
-0.610000  -1.330000  399 0.438000 
-0.790000  -1.430000  400 0.438000 
-0.655000  -1.280000  401 0.438000 
-0.700000  -1.350000  402 0.438000 
-0.725000  -1.360000  403 0.438000 
-0.420000  -1.460000  404 0.438000 
-0.755000  -1.400000  405 0.438000 
-0.755000  -1.470000  406 0.438000 
-0.910000  -1.740000  407 0.438000 
-0.665000  -1.490000  408 0.438000 
-0.415000  -1.330000  409 0.438000 
-0.385000  -1.230000  410 0.438000 
-0.730000  -1.470000  411 0.438000 
-0.785000  -1.500000  412 0.438000 
-0.850000  -1.560000  413 0.438000 
-0.800000  -1.470000  414 0.438000 
-0.715000  -1.440000  415 0.438000 
-0.745000  -1.520000  416 0.438000 
-0.590000  -1.110000  417 0.438000 
-0.800000  -1.520000  418 0.438000 
-0.585000  -1.400000  419 0.438000 
0.300000  -1.340000  420 0.438000 
0.660000  -1.340000  421 0.438000 
0.545000  -1.170000  422 0.438000 
0.755000  -1.450000  423 0.438000 
0.800000  -1.390000  424 0.438000 
0.710000  -1.380000  425 0.438000 
0.330000  -1.290000  426 0.438000 
0.775000  -1.450000  427 0.438000 
0.865000  -1.590000  428 0.438000 
0.800000  -1.460000  429 0.438000 
0.425000  -1.460000  430 0.438000 
0.030000  -1.110000  431 0.438000 
-0.305000  -1.410000  432 0.438000 
0.260000  -1.230000  433 0.438000 
0.685000  -1.550000  434 0.438000 
0.925000  -1.750000  435 0.438000 
0.740000  -1.410000  436 0.438000 
0.740000  -1.360000  437 0.438000 
-0.180000  -1.170000  438 0.438000 
-0.875000  -1.630000  439 0.438000 
-0.675000  -1.440000  440 0.438000 
-0.900000  -1.640000  441 0.438000 
-0.750000  -1.410000  442 0.438000 
-0.845000  -1.550000  443 0.438000 
-0.600000  -1.350000  444 0.438000 
-0.855000  -1.580000  445 0.438000 
-0.330000  -1.360000  446 0.438000 
-0.775000  -1.480000  447 0.438000 
-0.515000  -1.330000  448 0.438000 
-0.685000  -1.260000  449 0.438000 
-0.790000  -1.520000  450 0.438000 
-0.755000  -1.530000  451 0.438000 
-0.735000  -1.420000  452 0.438000 
-0.790000  -1.400000  453 0.438000 
-0.710000  -1.400000  454 0.438000 
-0.515000  -1.370000  455 0.438000 
-0.185000  -1.090000  456 0.438000 
-0.750000  -1.380000  457 0.438000 
-0.820000  -1.530000  458 0.438000 
-0.380000  -1.340000  459 0.438000 
0.010000  -1.290000  460 0.438000 
-0.530000  -1.230000  461 0.438000 
-0.875000  -1.650000  462 0.438000 
-0.515000  -1.330000  463 0.438000 
-0.820000  -1.460000  464 0.438000 
-0.775000  -1.480000  465 0.438000 
-0.685000  -1.410000  466 0.438000 
-0.670000  -1.280000  467 0.438000 
-0.765000  -1.410000  468 0.438000 
-0.815000  -1.540000  469 0.438000 
-0.775000  -1.430000  470 0.438000 
-0.745000  -1.440000  471 0.438000 
-0.830000  -1.580000  472 0.438000 
-0.765000  -1.390000  473 0.438000 
-0.860000  -1.560000  474 0.438000 
-0.215000  -1.300000  475 0.438000 
-0.480000  -1.310000  476 0.438000 
-0.625000  -1.550000  477 0.438000 
-0.795000  -1.480000  478 0.438000 
-0.795000  -1.460000  479 0.438000 
-0.850000  -1.650000  480 0.438000 
-0.830000  -1.510000  481 0.438000 
-0.610000  -1.300000  482 0.438000 
-0.840000  -1.510000  483 0.438000 
-0.255000  -1.260000  484 0.438000 
-0.670000  -1.490000  485 0.438000 
-0.655000  -1.520000  486 0.438000 
-0.720000  -1.410000  487 0.438000 
-0.750000  -1.480000  488 0.438000 
-0.845000  -1.630000  489 0.438000 
-0.795000  -1.510000  490 0.438000 
-0.495000  -1.350000  491 0.438000 
-0.615000  -1.300000  492 0.438000 
-0.535000  -1.240000  493 0.438000 
0.405000  -1.370000  494 0.438000 
0.685000  -1.370000  495 0.438000 
0.700000  -1.380000  496 0.438000 
0.855000  -1.580000  497 0.438000 
0.805000  -1.430000  498 0.438000 
0.850000  -1.580000  499 0.438000 
0.660000  -1.320000  500 0.438000 
0.800000  -1.510000  501 0.438000 
0.610000  -1.390000  502 0.438000 
0.350000  -1.230000  503 0.438000 
0.500000  -1.190000  504 0.438000 
0.570000  -1.320000  505 0.438000 
0.890000  -1.630000  506 0.438000 
0.780000  -1.320000  507 0.438000 
0.580000  -1.310000  508 0.438000 
0.615000  -1.240000  509 0.438000 
0.575000  -1.320000  510 0.438000 
0.735000  -1.300000  511 0.438000 
0.815000  -1.580000  512 0.438000 
0.635000  -1.360000  513 0.438000 
0.790000  -1.440000  514 0.438000 
0.865000  -1.670000  515 0.438000 
0.560000  -1.380000  516 0.438000 
-0.160000  -1.200000  517 0.438000 
-0.880000  -1.660000  518 0.438000 
-0.855000  -1.610000  519 0.438000 
-0.730000  -1.380000  520 0.438000 
-0.505000  -1.280000  521 0.438000 
-0.315000  -1.420000  522 0.438000 
-0.500000  -1.260000  523 0.438000 
-0.825000  -1.500000  524 0.438000 
-0.820000  -1.540000  525 0.438000 
-0.640000  -1.260000  526 0.438000 
-0.820000  -1.540000  527 0.438000 
-0.840000  -1.500000  528 0.438000 
-0.845000  -1.640000  529 0.438000 
-0.660000  -1.440000  530 0.438000 
-0.750000  -1.450000  531 0.438000 
-0.735000  -1.480000  532 0.438000 
-0.590000  -1.460000  533 0.438000 
-0.680000  -1.270000  534 0.438000 
-0.650000  -1.260000  535 0.438000 
-0.735000  -1.660000  536 0.438000 
-0.735000  -1.300000  537 0.438000 
-0.775000  -1.470000  538 0.438000 
-0.810000  -1.500000  539 0.438000 
-0.835000  -1.570000  540 0.438000 
-0.840000  -1.510000  541 0.438000 
-0.815000  -1.500000  542 0.438000 
-0.695000  -1.470000  543 0.438000 
-0.530000  -1.380000  544 0.438000 
-0.125000  -1.150000  545 0.438000 
-0.800000  -1.510000  546 0.438000 
-0.790000  -1.440000  547 0.438000 
-0.745000  -1.490000  548 0.438000 
-0.820000  -1.460000  549 0.438000 
-0.940000  -1.770000  550 0.438000 
-0.735000  -1.430000  551 0.438000 
-0.895000  -1.720000  552 0.438000 
-0.110000  -1.220000  553 0.438000 
0.025000  -1.000000  554 0.438000 
0.150000  -1.100000  555 0.438000 
0.890000  -1.710000  556 0.438000 
0.810000  -1.450000  557 0.438000 
0.785000  -1.570000  558 0.438000 
0.825000  -1.520000  559 0.438000 
0.880000  -1.600000  560 0.438000 
0.895000  -1.660000  561 0.438000 
0.790000  -1.460000  562 0.438000 
0.480000  -1.290000  563 0.438000 
0.905000  -1.710000  564 0.438000 
0.830000  -1.560000  565 0.438000 
0.885000  -1.620000  566 0.438000 
0.825000  -1.540000  567 0.438000 
0.710000  -1.550000  568 0.438000 
0.875000  -1.610000  569 0.438000 
0.160000  -1.210000  570 0.438000 
0.735000  -1.410000  571 0.438000 
0.800000  -1.450000  572 0.438000 
0.645000  -1.360000  573 0.438000 
0.540000  -1.220000  574 0.438000 
0.760000  -1.370000  575 0.438000 
0.735000  -1.450000  576 0.438000 
-0.680000  -1.280000  577 0.438000 
-0.635000  -1.360000  578 0.438000 
-0.845000  -1.600000  579 0.438000 
-0.715000  -1.470000  580 0.438000 
-0.270000  -1.370000  581 0.438000 
-0.835000  -1.570000  582 0.438000 
-0.840000  -1.560000  583 0.438000 
-0.705000  -1.360000  584 0.438000 
-0.850000  -1.570000  585 0.438000 
-0.845000  -1.530000  586 0.438000 
-0.810000  -1.450000  587 0.438000 
-0.820000  -1.390000  588 0.438000 
-0.795000  -1.490000  589 0.438000 
0.010000  -1.220000  590 0.438000 
0.200000  -1.260000  591 0.438000 
0.570000  -1.300000  592 0.438000 
-0.180000  -1.340000  593 0.438000 
-0.160000  -1.270000  594 0.438000 
-0.895000  -1.710000  595 0.438000 
-0.880000  -1.670000  596 0.438000 
-0.725000  -1.510000  597 0.438000 
-0.410000  -1.240000  598 0.438000 
-0.440000  -1.260000  599 0.438000 
-0.715000  -1.430000  600 0.438000 
-0.650000  -1.430000  601 0.438000 
-0.735000  -1.410000  602 0.438000 
-0.415000  -1.220000  603 0.438000 
-0.605000  -1.450000  604 0.438000 
-0.895000  -1.650000  605 0.438000 
-0.510000  -1.380000  606 0.438000 
-0.780000  -1.540000  607 0.438000 
-0.170000  -1.140000  608 0.438000 
0.250000  -1.240000  609 0.438000 
0.350000  -1.260000  610 0.438000 
-0.320000  -1.270000  611 0.438000 
0.575000  -1.350000  612 0.438000 
0.730000  -1.380000  613 0.438000 
0.465000  -1.500000  614 0.438000 
0.875000  -1.610000  615 0.438000 
0.680000  -1.420000  616 0.438000 
0.790000  -1.460000  617 0.438000 
0.755000  -1.430000  618 0.438000 
0.285000  -1.100000  619 0.438000 
0.680000  -1.490000  620 0.438000 
0.755000  -1.380000  621 0.438000 
0.830000  -1.620000  622 0.438000 
0.840000  -1.540000  623 0.438000 
0.940000  -1.800000  624 0.438000 
0.840000  -1.650000  625 0.438000 
0.775000  -1.430000  626 0.438000 
0.680000  -1.340000  627 0.438000 
0.850000  -1.570000  628 0.438000 
0.705000  -1.290000  629 0.438000 
0.755000  -1.520000  630 0.438000 
0.755000  -1.530000  631 0.438000 
0.600000  -1.250000  632 0.438000 
0.670000  -1.330000  633 0.438000 
0.765000  -1.450000  634 0.438000 
0.815000  -1.430000  635 0.438000 
0.655000  -1.540000  636 0.438000 
0.725000  -1.490000  637 0.438000 
0.800000  -1.470000  638 0.438000 
0.760000  -1.410000  639 0.438000 
0.585000  -1.310000  640 0.438000 
0.855000  -1.600000  641 0.438000 
0.780000  -1.540000  642 0.438000 
0.465000  -1.260000  643 0.438000 
-0.060000  -1.010000  644 0.438000 
-0.295000  -1.230000  645 0.438000 
-0.710000  -1.350000  646 0.438000 
-0.735000  -1.390000  647 0.438000 
-0.805000  -1.500000  648 0.438000 
-0.795000  -1.510000  649 0.438000 
-0.910000  -1.720000  650 0.438000 
-0.755000  -1.480000  651 0.438000 
-0.435000  -1.320000  652 0.438000 
-0.715000  -1.330000  653 0.438000 
-0.725000  -1.390000  654 0.438000 
-0.805000  -1.550000  655 0.438000 
-0.730000  -1.370000  656 0.438000 
-0.820000  -1.460000  657 0.438000 
-0.515000  -1.130000  658 0.438000 
-0.835000  -1.560000  659 0.438000 
-0.610000  -1.260000  660 0.438000 
-0.750000  -1.460000  661 0.438000 
-0.830000  -1.510000  662 0.438000 
-0.855000  -1.530000  663 0.438000 
-0.800000  -1.470000  664 0.438000 
-0.875000  -1.730000  665 0.438000 
-0.730000  -1.420000  666 0.438000 
-0.740000  -1.400000  667 0.438000 
0.070000  -1.190000  668 0.438000 
0.905000  -1.680000  669 0.438000 
0.600000  -1.270000  670 0.438000 
0.870000  -1.560000  671 0.438000 
0.870000  -1.630000  672 0.438000 
0.775000  -1.540000  673 0.438000 
0.300000  -1.260000  674 0.438000 
0.615000  -1.350000  675 0.438000 
0.730000  -1.390000  676 0.438000 
0.775000  -1.480000  677 0.438000 
0.885000  -1.640000  678 0.438000 
0.645000  -1.310000  679 0.438000 
0.705000  -1.370000  680 0.438000 
0.630000  -1.430000  681 0.438000 
0.560000  -1.350000  682 0.438000 
0.835000  -1.440000  683 0.438000 
-0.005000  -1.310000  684 0.438000 
0.795000  -1.560000  685 0.438000 
0.675000  -1.410000  686 0.438000 
0.460000  -1.300000  687 0.438000 
0.645000  -1.420000  688 0.438000 
0.695000  -1.390000  689 0.438000 
0.560000  -1.270000  690 0.438000 
0.670000  -1.440000  691 0.438000 
0.810000  -1.490000  692 0.438000 
0.875000  -1.670000  693 0.438000 
0.500000  -1.280000  694 0.438000 
0.745000  -1.580000  695 0.438000 
0.340000  -1.100000  696 0.438000 
0.730000  -1.430000  697 0.438000 
0.755000  -1.430000  698 0.438000 
0.690000  -1.420000  699 0.438000 
0.715000  -1.320000  700 0.438000 
0.855000  -1.540000  701 0.438000 
0.695000  -1.410000  702 0.438000 
0.740000  -1.320000  703 0.438000 
0.770000  -1.530000  704 0.438000 
0.760000  -1.380000  705 0.438000 
0.775000  -1.520000  706 0.438000 
0.670000  -1.330000  707 0.438000 
0.815000  -1.570000  708 0.438000 
0.890000  -1.650000  709 0.438000 
0.815000  -1.550000  710 0.438000 
0.860000  -1.590000  711 0.438000 
0.685000  -1.330000  712 0.438000 
0.800000  -1.440000  713 0.438000 
0.665000  -1.250000  714 0.438000 
0.660000  -1.300000  715 0.438000 
0.780000  -1.430000  716 0.438000 
0.770000  -1.390000  717 0.438000 
0.890000  -1.610000  718 0.438000 
0.815000  -1.570000  719 0.438000 
-0.090000  -1.070000  720 0.438000 
-0.110000  -0.990000  721 0.438000 
0.810000  -1.540000  722 0.438000 
0.775000  -1.460000  723 0.438000 
0.485000  -1.190000  724 0.438000 
0.795000  -1.420000  725 0.438000 
0.780000  -1.440000  726 0.438000 
0.570000  -1.260000  727 0.438000 
0.650000  -1.290000  728 0.438000 
0.740000  -1.530000  729 0.438000 
0.865000  -1.590000  730 0.438000 
0.820000  -1.520000  731 0.438000 
0.580000  -1.390000  732 0.438000 
0.860000  -1.580000  733 0.438000 
0.505000  -1.190000  734 0.438000 
-0.235000  -1.220000  735 0.438000 
-0.710000  -1.240000  736 0.438000 
-0.600000  -1.320000  737 0.438000 
-0.460000  -1.290000  738 0.438000 
-0.805000  -1.530000  739 0.438000 
-0.415000  -1.220000  740 0.438000 
-0.900000  -1.640000  741 0.438000 
-0.735000  -1.400000  742 0.438000 
-0.510000  -1.210000  743 0.438000 
-0.740000  -1.490000  744 0.438000 
-0.870000  -1.580000  745 0.438000 
-0.715000  -1.400000  746 0.438000 
-0.630000  -1.440000  747 0.438000 
-0.875000  -1.660000  748 0.438000 
-0.770000  -1.370000  749 0.438000 
-0.780000  -1.420000  750 0.438000 
-0.610000  -1.340000  751 0.438000 
-0.785000  -1.470000  752 0.438000 
-0.620000  -1.340000  753 0.438000 
-0.575000  -1.440000  754 0.438000 
0.050000  -1.240000  755 0.438000 
0.555000  -1.360000  756 0.438000 
0.795000  -1.610000  757 0.438000 
0.800000  -1.540000  758 0.438000 
0.765000  -1.410000  759 0.438000 
0.720000  -1.440000  760 0.438000 
0.525000  -1.300000  761 0.438000 
0.815000  -1.570000  762 0.438000 
0.835000  -1.590000  763 0.438000 
0.810000  -1.530000  764 0.438000 
0.405000  -1.400000  765 0.438000 
0.745000  -1.380000  766 0.438000 
0.750000  -1.430000  767 0.438000 
0.820000  -1.530000  768 0.438000 
0.695000  -1.360000  769 0.438000 
0.810000  -1.620000  770 0.438000 
0.540000  -1.190000  771 0.438000 
0.750000  -1.440000  772 0.438000 
0.715000  -1.350000  773 0.438000 
0.830000  -1.480000  774 0.438000 
0.845000  -1.590000  775 0.438000 
0.800000  -1.440000  776 0.438000 
0.685000  -1.330000  777 0.438000 
0.795000  -1.590000  778 0.438000 
0.855000  -1.640000  779 0.438000 
0.420000  -1.220000  780 0.438000 
0.700000  -1.410000  781 0.438000 
0.755000  -1.460000  782 0.438000 
0.825000  -1.570000  783 0.438000 
0.710000  -1.350000  784 0.438000 
0.895000  -1.620000  785 0.438000 
0.045000  -1.170000  786 0.438000 
-0.665000  -1.390000  787 0.438000 
-0.545000  -1.240000  788 0.438000 
-0.710000  -1.490000  789 0.438000 
-0.815000  -1.540000  790 0.438000 
-0.590000  -1.380000  791 0.438000 
-0.690000  -1.330000  792 0.438000 
-0.480000  -1.200000  793 0.438000 
-0.375000  -1.350000  794 0.438000 
-0.715000  -1.400000  795 0.438000 
-0.470000  -1.230000  796 0.438000 
-0.890000  -1.690000  797 0.438000 
-0.830000  -1.480000  798 0.438000 
-0.760000  -1.550000  799 0.438000 
-0.595000  -1.210000  800 0.438000 
-0.715000  -1.390000  801 0.438000 
-0.865000  -1.690000  802 0.438000 
-0.780000  -1.510000  803 0.438000 
-0.640000  -1.290000  804 0.438000 
-0.800000  -1.430000  805 0.438000 
0.175000  -1.230000  806 0.438000 
0.325000  -1.360000  807 0.438000 
0.880000  -1.610000  808 0.438000 
0.810000  -1.480000  809 0.438000 
0.775000  -1.430000  810 0.438000 
0.500000  -1.410000  811 0.438000 
0.440000  -1.090000  812 0.438000 
0.855000  -1.540000  813 0.438000 
0.820000  -1.520000  814 0.438000 
0.860000  -1.620000  815 0.438000 
0.865000  -1.530000  816 0.438000 
0.685000  -1.280000  817 0.438000 
0.730000  -1.430000  818 0.438000 
0.755000  -1.460000  819 0.438000 
0.935000  -1.740000  820 0.438000 
0.765000  -1.370000  821 0.438000 
0.815000  -1.530000  822 0.438000 
0.865000  -1.630000  823 0.438000 
0.915000  -1.690000  824 0.438000 
0.655000  -1.500000  825 0.438000 
0.755000  -1.430000  826 0.438000 
0.490000  -1.340000  827 0.438000 
-0.165000  -1.070000  828 0.438000 
-0.740000  -1.360000  829 0.438000 
-0.520000  -1.320000  830 0.438000 
-0.740000  -1.470000  831 0.438000 
-0.890000  -1.650000  832 0.438000 
-0.360000  -1.300000  833 0.438000 
-0.770000  -1.470000  834 0.438000 
-0.860000  -1.580000  835 0.438000 
-0.620000  -1.360000  836 0.438000 
-0.730000  -1.470000  837 0.438000 
-0.870000  -1.610000  838 0.438000 
-0.765000  -1.500000  839 0.438000 
-0.745000  -1.340000  840 0.438000 
-0.710000  -1.420000  841 0.438000 
-0.840000  -1.540000  842 0.438000 
-0.655000  -1.400000  843 0.438000 
-0.700000  -1.480000  844 0.438000 
-0.520000  -1.190000  845 0.438000 
-0.800000  -1.540000  846 0.438000 
-0.740000  -1.480000  847 0.438000 
-0.815000  -1.520000  848 0.438000 
-0.640000  -1.450000  849 0.438000 
-0.850000  -1.610000  850 0.438000 
-0.340000  -1.220000  851 0.438000 
-0.530000  -1.340000  852 0.438000 
-0.915000  -1.730000  853 0.438000 
-0.650000  -1.410000  854 0.438000 
-0.745000  -1.450000  855 0.438000 
-0.705000  -1.570000  856 0.438000 
-0.635000  -1.340000  857 0.438000 
-0.820000  -1.570000  858 0.438000 
-0.710000  -1.300000  859 0.438000 
-0.910000  -1.700000  860 0.438000 
-0.915000  -1.710000  861 0.438000 
-0.670000  -1.350000  862 0.438000 
-0.810000  -1.490000  863 0.438000 
-0.565000  -1.320000  864 0.438000 
-0.405000  -1.150000  865 0.438000 
-0.075000  -1.090000  866 0.438000 
-0.435000  -1.280000  867 0.438000 
-0.915000  -1.770000  868 0.438000 
-0.695000  -1.420000  869 0.438000 
-0.700000  -1.370000  870 0.438000 
-0.905000  -1.680000  871 0.438000 
-0.730000  -1.620000  872 0.438000 
-0.675000  -1.390000  873 0.438000 
-0.815000  -1.490000  874 0.438000 
-0.825000  -1.590000  875 0.438000 
-0.820000  -1.560000  876 0.438000 
-0.840000  -1.570000  877 0.438000 
-0.745000  -1.320000  878 0.438000 
-0.805000  -1.500000  879 0.438000 
-0.720000  -1.400000  880 0.438000 
-0.575000  -1.430000  881 0.438000 
-0.740000  -1.480000  882 0.438000 
-0.800000  -1.500000  883 0.438000 
-0.650000  -1.360000  884 0.438000 
-0.735000  -1.350000  885 0.438000 
-0.545000  -1.300000  886 0.438000 
-0.840000  -1.560000  887 0.438000 
-0.750000  -1.300000  888 0.438000 
-0.780000  -1.520000  889 0.438000 
-0.665000  -1.440000  890 0.438000 
0.010000  -1.250000  891 0.438000 
-0.855000  -1.640000  892 0.438000 
-0.495000  -1.300000  893 0.438000 
-0.805000  -1.510000  894 0.438000 
-0.730000  -1.460000  895 0.438000 
-0.835000  -1.540000  896 0.438000 
0.335000  -1.250000  897 0.438000 
0.145000  -1.280000  898 0.438000 
0.670000  -1.350000  899 0.438000 
0.840000  -1.650000  900 0.438000 
0.735000  -1.470000  901 0.438000 
0.830000  -1.520000  902 0.438000 
0.820000  -1.530000  903 0.438000 
0.680000  -1.350000  904 0.438000 
0.895000  -1.670000  905 0.438000 
0.855000  -1.630000  906 0.438000 
0.215000  -1.170000  907 0.438000 
0.845000  -1.530000  908 0.438000 
0.880000  -1.640000  909 0.438000 
0.610000  -1.200000  910 0.438000 
0.845000  -1.610000  911 0.438000 
0.745000  -1.330000  912 0.438000 
0.735000  -1.480000  913 0.438000 
0.715000  -1.400000  914 0.438000 
0.730000  -1.440000  915 0.438000 
0.810000  -1.540000  916 0.438000 
0.795000  -1.520000  917 0.438000 
0.280000  -1.170000  918 0.438000 
0.670000  -1.350000  919 0.438000 
0.705000  -1.330000  920 0.438000 
0.885000  -1.650000  921 0.438000 
0.870000  -1.660000  922 0.438000 
0.505000  -1.300000  923 0.438000 
0.670000  -1.290000  924 0.438000 
0.220000  -1.390000  925 0.438000 
0.050000  -1.390000  926 0.438000 
-0.750000  -1.540000  927 0.438000 
-0.650000  -1.230000  928 0.438000 
-0.445000  -1.310000  929 0.438000 
-0.805000  -1.490000  930 0.438000 
-0.300000  -1.340000  931 0.438000 
-0.605000  -1.270000  932 0.438000 
-0.775000  -1.500000  933 0.438000 
-0.640000  -1.440000  934 0.438000 
-0.525000  -1.420000  935 0.438000 
-0.645000  -1.340000  936 0.438000 
-0.765000  -1.480000  937 0.438000 
-0.685000  -1.280000  938 0.438000 
-0.890000  -1.670000  939 0.438000 
-0.875000  -1.610000  940 0.438000 
-0.675000  -1.370000  941 0.438000 
-0.740000  -1.410000  942 0.438000 
-0.550000  -1.370000  943 0.438000 
-0.670000  -1.430000  944 0.438000 
-0.690000  -1.300000  945 0.438000 
-0.835000  -1.550000  946 0.438000 
-0.710000  -1.390000  947 0.438000 
-0.720000  -1.350000  948 0.438000 
-0.780000  -1.550000  949 0.438000 
-0.620000  -1.370000  950 0.438000 
-0.800000  -1.550000  951 0.438000 
-0.765000  -1.470000  952 0.438000 
-0.795000  -1.500000  953 0.438000 
-0.725000  -1.250000  954 0.438000 
-0.775000  -1.410000  955 0.438000 
-0.745000  -1.410000  956 0.438000 
-0.790000  -1.500000  957 0.438000 
-0.835000  -1.510000  958 0.438000 
-0.840000  -1.540000  959 0.438000 
-0.930000  -1.750000  960 0.438000 
-0.900000  -1.700000  961 0.438000 
-0.760000  -1.490000  962 0.438000 
-0.490000  -1.270000  963 0.438000 
0.040000  -1.150000  964 0.438000 
-0.260000  -1.290000  965 0.438000 
-0.780000  -1.480000  966 0.438000 
-0.520000  -1.320000  967 0.438000 
-0.500000  -1.150000  968 0.438000 
-0.900000  -1.710000  969 0.438000 
-0.825000  -1.620000  970 0.438000 
-0.840000  -1.630000  971 0.438000 
-0.825000  -1.500000  972 0.438000 
-0.730000  -1.280000  973 0.438000 
-0.835000  -1.550000  974 0.438000 
0.440000  -1.310000  975 0.438000 
0.895000  -1.690000  976 0.438000 
0.870000  -1.630000  977 0.438000 
0.750000  -1.370000  978 0.438000 
0.835000  -1.520000  979 0.438000 
0.895000  -1.660000  980 0.438000 
0.875000  -1.610000  981 0.438000 
0.715000  -1.520000  982 0.438000 
0.635000  -1.340000  983 0.438000 
0.690000  -1.490000  984 0.438000 
0.750000  -1.430000  985 0.438000 
0.725000  -1.400000  986 0.438000 
0.760000  -1.510000  987 0.438000 
0.835000  -1.540000  988 0.438000 
0.565000  -1.410000  989 0.438000 
0.570000  -1.380000  990 0.438000 
0.660000  -1.380000  991 0.438000 
0.690000  -1.490000  992 0.438000 
0.815000  -1.500000  993 0.438000 
0.740000  -1.400000  994 0.438000 
0.530000  -1.260000  995 0.438000 
0.470000  -1.170000  996 0.438000 
0.500000  -1.360000  997 0.438000 
0.885000  -1.710000  998 0.438000 
0.360000  -1.080000  999 0.438000 
