0.570000  -1.330000  0 0.440000 
0.835000  -1.560000  1 0.440000 
0.680000  -1.220000  2 0.440000 
0.885000  -1.660000  3 0.440000 
0.690000  -1.380000  4 0.440000 
0.455000  -1.270000  5 0.440000 
0.760000  -1.390000  6 0.440000 
0.725000  -1.400000  7 0.440000 
0.665000  -1.320000  8 0.440000 
0.690000  -1.400000  9 0.440000 
0.580000  -1.400000  10 0.440000 
0.080000  -1.160000  11 0.440000 
0.660000  -1.380000  12 0.440000 
0.825000  -1.480000  13 0.440000 
0.870000  -1.640000  14 0.440000 
0.700000  -1.430000  15 0.440000 
0.810000  -1.610000  16 0.440000 
0.795000  -1.550000  17 0.440000 
0.700000  -1.320000  18 0.440000 
0.820000  -1.560000  19 0.440000 
0.550000  -1.340000  20 0.440000 
0.095000  -1.120000  21 0.440000 
0.715000  -1.420000  22 0.440000 
0.735000  -1.340000  23 0.440000 
0.305000  -1.280000  24 0.440000 
0.540000  -1.250000  25 0.440000 
-0.380000  -1.350000  26 0.440000 
-0.800000  -1.420000  27 0.440000 
-0.350000  -1.350000  28 0.440000 
0.070000  -1.190000  29 0.440000 
-0.150000  -1.220000  30 0.440000 
0.035000  -1.210000  31 0.440000 
-0.185000  -1.040000  32 0.440000 
-0.305000  -1.380000  33 0.440000 
-0.775000  -1.390000  34 0.440000 
-0.830000  -1.590000  35 0.440000 
-0.790000  -1.590000  36 0.440000 
-0.845000  -1.530000  37 0.440000 
-0.760000  -1.600000  38 0.440000 
-0.885000  -1.630000  39 0.440000 
-0.870000  -1.570000  40 0.440000 
-0.650000  -1.380000  41 0.440000 
-0.785000  -1.460000  42 0.440000 
-0.730000  -1.360000  43 0.440000 
-0.915000  -1.730000  44 0.440000 
-0.780000  -1.510000  45 0.440000 
-0.845000  -1.580000  46 0.440000 
-0.635000  -1.330000  47 0.440000 
-0.700000  -1.300000  48 0.440000 
-0.830000  -1.560000  49 0.440000 
-0.865000  -1.620000  50 0.440000 
-0.830000  -1.520000  51 0.440000 
-0.690000  -1.380000  52 0.440000 
-0.815000  -1.510000  53 0.440000 
-0.755000  -1.550000  54 0.440000 
-0.880000  -1.590000  55 0.440000 
-0.865000  -1.610000  56 0.440000 
-0.790000  -1.370000  57 0.440000 
-0.540000  -1.320000  58 0.440000 
-0.585000  -1.460000  59 0.440000 
-0.820000  -1.540000  60 0.440000 
-0.785000  -1.560000  61 0.440000 
-0.730000  -1.450000  62 0.440000 
-0.830000  -1.540000  63 0.440000 
-0.755000  -1.360000  64 0.440000 
-0.625000  -1.410000  65 0.440000 
-0.700000  -1.420000  66 0.440000 
-0.580000  -1.490000  67 0.440000 
-0.695000  -1.330000  68 0.440000 
-0.690000  -1.330000  69 0.440000 
-0.815000  -1.580000  70 0.440000 
-0.820000  -1.590000  71 0.440000 
-0.545000  -1.260000  72 0.440000 
-0.770000  -1.420000  73 0.440000 
-0.770000  -1.440000  74 0.440000 
-0.515000  -1.210000  75 0.440000 
-0.540000  -1.390000  76 0.440000 
-0.810000  -1.540000  77 0.440000 
-0.520000  -1.230000  78 0.440000 
-0.100000  -1.270000  79 0.440000 
0.845000  -1.570000  80 0.440000 
0.805000  -1.550000  81 0.440000 
0.720000  -1.380000  82 0.440000 
0.740000  -1.380000  83 0.440000 
0.785000  -1.460000  84 0.440000 
0.830000  -1.470000  85 0.440000 
0.670000  -1.230000  86 0.440000 
0.075000  -1.150000  87 0.440000 
0.370000  -1.080000  88 0.440000 
0.830000  -1.560000  89 0.440000 
0.670000  -1.370000  90 0.440000 
0.690000  -1.380000  91 0.440000 
0.685000  -1.290000  92 0.440000 
0.560000  -1.340000  93 0.440000 
0.770000  -1.340000  94 0.440000 
0.865000  -1.710000  95 0.440000 
0.760000  -1.410000  96 0.440000 
0.295000  -1.260000  97 0.440000 
0.800000  -1.510000  98 0.440000 
0.760000  -1.410000  99 0.440000 
0.480000  -1.270000  100 0.440000 
0.880000  -1.640000  101 0.440000 
0.850000  -1.510000  102 0.440000 
0.835000  -1.490000  103 0.440000 
0.845000  -1.600000  104 0.440000 
0.595000  -1.270000  105 0.440000 
0.670000  -1.340000  106 0.440000 
0.595000  -1.330000  107 0.440000 
0.515000  -1.250000  108 0.440000 
0.785000  -1.410000  109 0.440000 
0.660000  -1.430000  110 0.440000 
0.750000  -1.420000  111 0.440000 
0.420000  -1.430000  112 0.440000 
0.665000  -1.290000  113 0.440000 
0.695000  -1.390000  114 0.440000 
0.800000  -1.440000  115 0.440000 
0.745000  -1.400000  116 0.440000 
0.785000  -1.440000  117 0.440000 
0.685000  -1.380000  118 0.440000 
0.870000  -1.610000  119 0.440000 
0.800000  -1.500000  120 0.440000 
0.760000  -1.450000  121 0.440000 
0.785000  -1.450000  122 0.440000 
0.800000  -1.500000  123 0.440000 
0.625000  -1.360000  124 0.440000 
0.845000  -1.530000  125 0.440000 
0.775000  -1.410000  126 0.440000 
0.745000  -1.400000  127 0.440000 
0.650000  -1.170000  128 0.440000 
0.810000  -1.490000  129 0.440000 
0.795000  -1.420000  130 0.440000 
0.065000  -1.440000  131 0.440000 
-0.680000  -1.380000  132 0.440000 
-0.855000  -1.570000  133 0.440000 
-0.635000  -1.250000  134 0.440000 
-0.385000  -1.240000  135 0.440000 
-0.660000  -1.320000  136 0.440000 
-0.180000  -1.250000  137 0.440000 
-0.885000  -1.640000  138 0.440000 
-0.830000  -1.440000  139 0.440000 
-0.350000  -1.210000  140 0.440000 
-0.690000  -1.380000  141 0.440000 
-0.860000  -1.600000  142 0.440000 
-0.595000  -1.210000  143 0.440000 
-0.830000  -1.560000  144 0.440000 
-0.855000  -1.540000  145 0.440000 
-0.865000  -1.600000  146 0.440000 
-0.665000  -1.220000  147 0.440000 
-0.825000  -1.510000  148 0.440000 
-0.745000  -1.390000  149 0.440000 
-0.735000  -1.450000  150 0.440000 
-0.605000  -1.390000  151 0.440000 
-0.590000  -1.300000  152 0.440000 
-0.885000  -1.690000  153 0.440000 
-0.865000  -1.610000  154 0.440000 
-0.840000  -1.590000  155 0.440000 
-0.545000  -1.270000  156 0.440000 
-0.640000  -1.240000  157 0.440000 
-0.870000  -1.620000  158 0.440000 
-0.690000  -1.350000  159 0.440000 
-0.860000  -1.570000  160 0.440000 
-0.535000  -1.340000  161 0.440000 
-0.785000  -1.580000  162 0.440000 
-0.805000  -1.520000  163 0.440000 
-0.780000  -1.530000  164 0.440000 
-0.440000  -1.370000  165 0.440000 
-0.775000  -1.390000  166 0.440000 
-0.155000  -1.140000  167 0.440000 
-0.900000  -1.690000  168 0.440000 
-0.755000  -1.390000  169 0.440000 
-0.730000  -1.400000  170 0.440000 
-0.790000  -1.580000  171 0.440000 
-0.825000  -1.700000  172 0.440000 
-0.790000  -1.580000  173 0.440000 
-0.820000  -1.600000  174 0.440000 
-0.795000  -1.550000  175 0.440000 
-0.720000  -1.450000  176 0.440000 
-0.645000  -1.280000  177 0.440000 
-0.775000  -1.490000  178 0.440000 
-0.805000  -1.440000  179 0.440000 
-0.825000  -1.520000  180 0.440000 
-0.760000  -1.450000  181 0.440000 
-0.700000  -1.430000  182 0.440000 
-0.840000  -1.610000  183 0.440000 
-0.845000  -1.600000  184 0.440000 
-0.605000  -1.320000  185 0.440000 
-0.885000  -1.640000  186 0.440000 
-0.870000  -1.530000  187 0.440000 
-0.350000  -1.240000  188 0.440000 
0.130000  -1.220000  189 0.440000 
0.690000  -1.340000  190 0.440000 
0.655000  -1.410000  191 0.440000 
0.700000  -1.350000  192 0.440000 
0.800000  -1.540000  193 0.440000 
-0.195000  -1.300000  194 0.440000 
-0.505000  -1.460000  195 0.440000 
-0.735000  -1.360000  196 0.440000 
-0.850000  -1.580000  197 0.440000 
-0.805000  -1.500000  198 0.440000 
-0.830000  -1.560000  199 0.440000 
-0.795000  -1.550000  200 0.440000 
-0.840000  -1.570000  201 0.440000 
-0.600000  -1.280000  202 0.440000 
-0.060000  -1.330000  203 0.440000 
0.770000  -1.500000  204 0.440000 
0.810000  -1.590000  205 0.440000 
0.895000  -1.670000  206 0.440000 
0.735000  -1.290000  207 0.440000 
0.880000  -1.600000  208 0.440000 
0.400000  -1.220000  209 0.440000 
0.760000  -1.450000  210 0.440000 
0.775000  -1.480000  211 0.440000 
0.650000  -1.360000  212 0.440000 
0.785000  -1.490000  213 0.440000 
0.675000  -1.480000  214 0.440000 
0.680000  -1.290000  215 0.440000 
0.845000  -1.530000  216 0.440000 
0.790000  -1.510000  217 0.440000 
0.865000  -1.590000  218 0.440000 
0.605000  -1.310000  219 0.440000 
0.830000  -1.560000  220 0.440000 
0.355000  -1.330000  221 0.440000 
0.075000  -1.250000  222 0.440000 
-0.020000  -1.110000  223 0.440000 
0.840000  -1.540000  224 0.440000 
0.750000  -1.380000  225 0.440000 
0.845000  -1.540000  226 0.440000 
0.665000  -1.280000  227 0.440000 
0.765000  -1.420000  228 0.440000 
0.775000  -1.400000  229 0.440000 
0.655000  -1.400000  230 0.440000 
0.665000  -1.250000  231 0.440000 
0.830000  -1.570000  232 0.440000 
0.805000  -1.470000  233 0.440000 
0.780000  -1.470000  234 0.440000 
0.800000  -1.470000  235 0.440000 
0.790000  -1.610000  236 0.440000 
0.740000  -1.300000  237 0.440000 
0.635000  -1.410000  238 0.440000 
0.750000  -1.520000  239 0.440000 
0.905000  -1.710000  240 0.440000 
0.680000  -1.440000  241 0.440000 
0.815000  -1.500000  242 0.440000 
0.735000  -1.460000  243 0.440000 
0.730000  -1.490000  244 0.440000 
0.820000  -1.560000  245 0.440000 
0.745000  -1.380000  246 0.440000 
0.810000  -1.610000  247 0.440000 
0.735000  -1.390000  248 0.440000 
0.735000  -1.500000  249 0.440000 
0.880000  -1.650000  250 0.440000 
0.600000  -1.450000  251 0.440000 
0.540000  -1.340000  252 0.440000 
0.400000  -1.300000  253 0.440000 
0.605000  -1.360000  254 0.440000 
0.695000  -1.310000  255 0.440000 
0.920000  -1.730000  256 0.440000 
0.715000  -1.460000  257 0.440000 
0.755000  -1.400000  258 0.440000 
0.580000  -1.250000  259 0.440000 
0.725000  -1.470000  260 0.440000 
0.835000  -1.450000  261 0.440000 
0.840000  -1.580000  262 0.440000 
0.590000  -1.310000  263 0.440000 
0.710000  -1.530000  264 0.440000 
0.510000  -1.290000  265 0.440000 
0.740000  -1.540000  266 0.440000 
0.875000  -1.710000  267 0.440000 
0.835000  -1.520000  268 0.440000 
0.875000  -1.740000  269 0.440000 
0.690000  -1.380000  270 0.440000 
0.290000  -1.180000  271 0.440000 
0.665000  -1.330000  272 0.440000 
0.575000  -1.600000  273 0.440000 
0.720000  -1.400000  274 0.440000 
0.780000  -1.610000  275 0.440000 
0.845000  -1.610000  276 0.440000 
0.790000  -1.520000  277 0.440000 
0.825000  -1.550000  278 0.440000 
0.700000  -1.500000  279 0.440000 
0.300000  -1.180000  280 0.440000 
0.715000  -1.370000  281 0.440000 
0.880000  -1.590000  282 0.440000 
0.715000  -1.350000  283 0.440000 
0.765000  -1.430000  284 0.440000 
0.715000  -1.340000  285 0.440000 
0.145000  -1.260000  286 0.440000 
-0.025000  -1.190000  287 0.440000 
0.290000  -1.100000  288 0.440000 
-0.085000  -1.320000  289 0.440000 
-0.380000  -1.220000  290 0.440000 
-0.710000  -1.420000  291 0.440000 
-0.650000  -1.320000  292 0.440000 
-0.680000  -1.510000  293 0.440000 
-0.890000  -1.670000  294 0.440000 
-0.745000  -1.440000  295 0.440000 
-0.775000  -1.440000  296 0.440000 
-0.605000  -1.320000  297 0.440000 
-0.690000  -1.380000  298 0.440000 
-0.345000  -1.200000  299 0.440000 
-0.570000  -1.340000  300 0.440000 
-0.790000  -1.500000  301 0.440000 
-0.660000  -1.330000  302 0.440000 
-0.750000  -1.520000  303 0.440000 
-0.430000  -1.340000  304 0.440000 
-0.780000  -1.400000  305 0.440000 
-0.860000  -1.620000  306 0.440000 
-0.800000  -1.600000  307 0.440000 
-0.625000  -1.360000  308 0.440000 
-0.725000  -1.530000  309 0.440000 
-0.900000  -1.740000  310 0.440000 
-0.795000  -1.420000  311 0.440000 
-0.705000  -1.340000  312 0.440000 
-0.735000  -1.330000  313 0.440000 
-0.650000  -1.500000  314 0.440000 
-0.870000  -1.600000  315 0.440000 
-0.750000  -1.440000  316 0.440000 
-0.850000  -1.640000  317 0.440000 
-0.820000  -1.470000  318 0.440000 
-0.770000  -1.420000  319 0.440000 
-0.855000  -1.540000  320 0.440000 
-0.390000  -1.180000  321 0.440000 
-0.285000  -1.180000  322 0.440000 
0.220000  -1.340000  323 0.440000 
0.830000  -1.530000  324 0.440000 
0.750000  -1.440000  325 0.440000 
0.375000  -1.090000  326 0.440000 
0.455000  -1.270000  327 0.440000 
0.750000  -1.410000  328 0.440000 
0.550000  -1.270000  329 0.440000 
0.825000  -1.460000  330 0.440000 
0.830000  -1.530000  331 0.440000 
0.905000  -1.660000  332 0.440000 
0.805000  -1.590000  333 0.440000 
0.660000  -1.310000  334 0.440000 
0.800000  -1.540000  335 0.440000 
0.690000  -1.480000  336 0.440000 
0.520000  -1.390000  337 0.440000 
0.660000  -1.390000  338 0.440000 
0.660000  -1.290000  339 0.440000 
0.650000  -1.350000  340 0.440000 
0.845000  -1.600000  341 0.440000 
0.745000  -1.400000  342 0.440000 
0.585000  -1.390000  343 0.440000 
0.555000  -1.300000  344 0.440000 
0.440000  -1.180000  345 0.440000 
0.695000  -1.480000  346 0.440000 
0.795000  -1.420000  347 0.440000 
0.530000  -1.360000  348 0.440000 
0.105000  -1.260000  349 0.440000 
0.185000  -1.390000  350 0.440000 
0.215000  -1.120000  351 0.440000 
0.785000  -1.600000  352 0.440000 
0.810000  -1.510000  353 0.440000 
0.615000  -1.450000  354 0.440000 
0.790000  -1.420000  355 0.440000 
0.815000  -1.520000  356 0.440000 
0.650000  -1.470000  357 0.440000 
0.830000  -1.490000  358 0.440000 
0.810000  -1.450000  359 0.440000 
0.830000  -1.610000  360 0.440000 
0.960000  -1.870000  361 0.440000 
0.845000  -1.560000  362 0.440000 
-0.215000  -1.310000  363 0.440000 
-0.485000  -1.200000  364 0.440000 
-0.535000  -1.370000  365 0.440000 
-0.740000  -1.390000  366 0.440000 
-0.765000  -1.440000  367 0.440000 
-0.550000  -1.290000  368 0.440000 
-0.670000  -1.390000  369 0.440000 
-0.770000  -1.470000  370 0.440000 
-0.890000  -1.660000  371 0.440000 
-0.650000  -1.360000  372 0.440000 
-0.420000  -1.300000  373 0.440000 
-0.705000  -1.390000  374 0.440000 
-0.810000  -1.520000  375 0.440000 
-0.710000  -1.430000  376 0.440000 
-0.665000  -1.490000  377 0.440000 
-0.720000  -1.300000  378 0.440000 
-0.685000  -1.290000  379 0.440000 
-0.825000  -1.550000  380 0.440000 
-0.835000  -1.570000  381 0.440000 
-0.815000  -1.430000  382 0.440000 
-0.730000  -1.440000  383 0.440000 
-0.900000  -1.720000  384 0.440000 
-0.785000  -1.480000  385 0.440000 
-0.450000  -1.180000  386 0.440000 
-0.805000  -1.510000  387 0.440000 
-0.690000  -1.410000  388 0.440000 
-0.800000  -1.550000  389 0.440000 
-0.660000  -1.300000  390 0.440000 
-0.845000  -1.590000  391 0.440000 
-0.780000  -1.460000  392 0.440000 
-0.875000  -1.620000  393 0.440000 
-0.570000  -1.210000  394 0.440000 
-0.505000  -1.260000  395 0.440000 
-0.760000  -1.450000  396 0.440000 
-0.730000  -1.500000  397 0.440000 
-0.705000  -1.380000  398 0.440000 
-0.585000  -1.320000  399 0.440000 
-0.765000  -1.390000  400 0.440000 
-0.740000  -1.420000  401 0.440000 
-0.455000  -1.290000  402 0.440000 
-0.810000  -1.490000  403 0.440000 
-0.910000  -1.710000  404 0.440000 
-0.490000  -1.230000  405 0.440000 
-0.800000  -1.560000  406 0.440000 
-0.705000  -1.460000  407 0.440000 
-0.930000  -1.730000  408 0.440000 
-0.830000  -1.460000  409 0.440000 
-0.410000  -1.230000  410 0.440000 
-0.825000  -1.600000  411 0.440000 
-0.795000  -1.480000  412 0.440000 
-0.740000  -1.500000  413 0.440000 
-0.710000  -1.400000  414 0.440000 
-0.555000  -1.170000  415 0.440000 
-0.860000  -1.590000  416 0.440000 
-0.855000  -1.540000  417 0.440000 
-0.805000  -1.580000  418 0.440000 
-0.800000  -1.500000  419 0.440000 
-0.670000  -1.460000  420 0.440000 
-0.400000  -1.200000  421 0.440000 
0.215000  -1.290000  422 0.440000 
-0.345000  -1.210000  423 0.440000 
-0.785000  -1.470000  424 0.440000 
-0.840000  -1.480000  425 0.440000 
-0.820000  -1.480000  426 0.440000 
-0.620000  -1.290000  427 0.440000 
-0.475000  -1.260000  428 0.440000 
0.565000  -1.400000  429 0.440000 
-0.405000  -1.270000  430 0.440000 
-0.720000  -1.540000  431 0.440000 
-0.645000  -1.260000  432 0.440000 
-0.640000  -1.270000  433 0.440000 
-0.850000  -1.560000  434 0.440000 
-0.745000  -1.310000  435 0.440000 
-0.755000  -1.500000  436 0.440000 
-0.900000  -1.680000  437 0.440000 
-0.865000  -1.580000  438 0.440000 
-0.440000  -1.210000  439 0.440000 
-0.180000  -1.170000  440 0.440000 
-0.830000  -1.650000  441 0.440000 
-0.415000  -1.220000  442 0.440000 
-0.675000  -1.550000  443 0.440000 
-0.775000  -1.390000  444 0.440000 
-0.840000  -1.550000  445 0.440000 
-0.885000  -1.630000  446 0.440000 
-0.505000  -1.330000  447 0.440000 
-0.655000  -1.480000  448 0.440000 
-0.710000  -1.400000  449 0.440000 
-0.815000  -1.600000  450 0.440000 
-0.810000  -1.520000  451 0.440000 
-0.335000  -1.330000  452 0.440000 
-0.695000  -1.460000  453 0.440000 
-0.760000  -1.410000  454 0.440000 
-0.725000  -1.540000  455 0.440000 
-0.855000  -1.620000  456 0.440000 
-0.605000  -1.370000  457 0.440000 
-0.545000  -1.350000  458 0.440000 
-0.380000  -1.350000  459 0.440000 
-0.645000  -1.330000  460 0.440000 
-0.590000  -1.410000  461 0.440000 
-0.290000  -1.230000  462 0.440000 
-0.860000  -1.550000  463 0.440000 
-0.575000  -1.420000  464 0.440000 
-0.485000  -1.410000  465 0.440000 
-0.710000  -1.390000  466 0.440000 
-0.395000  -1.340000  467 0.440000 
-0.885000  -1.670000  468 0.440000 
-0.870000  -1.600000  469 0.440000 
-0.855000  -1.610000  470 0.440000 
0.245000  -1.100000  471 0.440000 
-0.775000  -1.440000  472 0.440000 
-0.685000  -1.360000  473 0.440000 
-0.830000  -1.520000  474 0.440000 
-0.535000  -1.470000  475 0.440000 
-0.630000  -1.380000  476 0.440000 
-0.795000  -1.510000  477 0.440000 
-0.750000  -1.410000  478 0.440000 
-0.545000  -1.450000  479 0.440000 
-0.880000  -1.630000  480 0.440000 
-0.900000  -1.710000  481 0.440000 
-0.815000  -1.530000  482 0.440000 
-0.730000  -1.430000  483 0.440000 
-0.795000  -1.600000  484 0.440000 
-0.650000  -1.280000  485 0.440000 
-0.750000  -1.510000  486 0.440000 
-0.765000  -1.450000  487 0.440000 
-0.720000  -1.530000  488 0.440000 
-0.610000  -1.470000  489 0.440000 
-0.745000  -1.470000  490 0.440000 
-0.570000  -1.330000  491 0.440000 
-0.835000  -1.550000  492 0.440000 
-0.350000  -1.280000  493 0.440000 
-0.590000  -1.350000  494 0.440000 
0.225000  -1.330000  495 0.440000 
0.535000  -1.330000  496 0.440000 
0.345000  -1.160000  497 0.440000 
0.615000  -1.350000  498 0.440000 
0.885000  -1.700000  499 0.440000 
0.840000  -1.500000  500 0.440000 
0.785000  -1.510000  501 0.440000 
0.760000  -1.530000  502 0.440000 
0.760000  -1.320000  503 0.440000 
0.900000  -1.710000  504 0.440000 
0.875000  -1.660000  505 0.440000 
0.750000  -1.420000  506 0.440000 
0.890000  -1.680000  507 0.440000 
0.780000  -1.420000  508 0.440000 
0.850000  -1.550000  509 0.440000 
0.595000  -1.380000  510 0.440000 
0.800000  -1.450000  511 0.440000 
0.845000  -1.570000  512 0.440000 
0.660000  -1.330000  513 0.440000 
0.540000  -1.100000  514 0.440000 
0.530000  -1.230000  515 0.440000 
0.530000  -1.340000  516 0.440000 
0.605000  -1.400000  517 0.440000 
0.585000  -1.350000  518 0.440000 
0.780000  -1.470000  519 0.440000 
0.895000  -1.690000  520 0.440000 
0.675000  -1.180000  521 0.440000 
0.665000  -1.310000  522 0.440000 
0.745000  -1.340000  523 0.440000 
0.845000  -1.580000  524 0.440000 
0.190000  -1.260000  525 0.440000 
-0.620000  -1.440000  526 0.440000 
-0.835000  -1.580000  527 0.440000 
-0.425000  -1.260000  528 0.440000 
-0.520000  -1.350000  529 0.440000 
-0.100000  -1.230000  530 0.440000 
-0.110000  -1.160000  531 0.440000 
0.515000  -1.360000  532 0.440000 
0.785000  -1.470000  533 0.440000 
0.875000  -1.580000  534 0.440000 
0.355000  -1.190000  535 0.440000 
0.715000  -1.290000  536 0.440000 
0.805000  -1.560000  537 0.440000 
0.865000  -1.600000  538 0.440000 
0.750000  -1.540000  539 0.440000 
0.320000  -1.310000  540 0.440000 
0.025000  -1.220000  541 0.440000 
-0.445000  -1.390000  542 0.440000 
0.100000  -1.160000  543 0.440000 
0.760000  -1.460000  544 0.440000 
0.790000  -1.550000  545 0.440000 
0.795000  -1.460000  546 0.440000 
0.825000  -1.620000  547 0.440000 
0.595000  -1.350000  548 0.440000 
0.835000  -1.480000  549 0.440000 
0.605000  -1.460000  550 0.440000 
0.865000  -1.600000  551 0.440000 
0.835000  -1.570000  552 0.440000 
0.695000  -1.380000  553 0.440000 
0.580000  -1.410000  554 0.440000 
0.805000  -1.500000  555 0.440000 
0.700000  -1.370000  556 0.440000 
0.690000  -1.400000  557 0.440000 
0.570000  -1.390000  558 0.440000 
0.685000  -1.390000  559 0.440000 
0.860000  -1.690000  560 0.440000 
0.825000  -1.600000  561 0.440000 
0.800000  -1.530000  562 0.440000 
0.925000  -1.750000  563 0.440000 
0.780000  -1.460000  564 0.440000 
0.595000  -1.330000  565 0.440000 
-0.330000  -1.290000  566 0.440000 
-0.785000  -1.510000  567 0.440000 
-0.880000  -1.610000  568 0.440000 
-0.860000  -1.570000  569 0.440000 
-0.815000  -1.550000  570 0.440000 
-0.695000  -1.470000  571 0.440000 
-0.580000  -1.370000  572 0.440000 
-0.815000  -1.500000  573 0.440000 
-0.675000  -1.410000  574 0.440000 
-0.775000  -1.480000  575 0.440000 
-0.790000  -1.510000  576 0.440000 
-0.695000  -1.450000  577 0.440000 
-0.685000  -1.400000  578 0.440000 
-0.295000  -1.320000  579 0.440000 
-0.845000  -1.600000  580 0.440000 
-0.855000  -1.650000  581 0.440000 
-0.800000  -1.460000  582 0.440000 
-0.775000  -1.540000  583 0.440000 
-0.840000  -1.620000  584 0.440000 
-0.775000  -1.590000  585 0.440000 
-0.745000  -1.560000  586 0.440000 
-0.625000  -1.350000  587 0.440000 
-0.800000  -1.390000  588 0.440000 
-0.890000  -1.650000  589 0.440000 
-0.740000  -1.470000  590 0.440000 
-0.840000  -1.570000  591 0.440000 
-0.905000  -1.660000  592 0.440000 
-0.825000  -1.500000  593 0.440000 
-0.670000  -1.230000  594 0.440000 
-0.430000  -1.340000  595 0.440000 
-0.780000  -1.410000  596 0.440000 
-0.850000  -1.570000  597 0.440000 
-0.815000  -1.500000  598 0.440000 
-0.655000  -1.330000  599 0.440000 
-0.740000  -1.340000  600 0.440000 
-0.750000  -1.460000  601 0.440000 
-0.715000  -1.410000  602 0.440000 
-0.780000  -1.530000  603 0.440000 
-0.640000  -1.440000  604 0.440000 
-0.800000  -1.550000  605 0.440000 
-0.775000  -1.380000  606 0.440000 
-0.700000  -1.410000  607 0.440000 
-0.890000  -1.670000  608 0.440000 
-0.745000  -1.500000  609 0.440000 
-0.820000  -1.430000  610 0.440000 
-0.845000  -1.510000  611 0.440000 
-0.565000  -1.350000  612 0.440000 
-0.440000  -1.350000  613 0.440000 
-0.230000  -1.210000  614 0.440000 
-0.190000  -1.160000  615 0.440000 
0.560000  -1.210000  616 0.440000 
0.850000  -1.540000  617 0.440000 
0.695000  -1.360000  618 0.440000 
0.720000  -1.330000  619 0.440000 
0.775000  -1.420000  620 0.440000 
0.800000  -1.590000  621 0.440000 
0.820000  -1.590000  622 0.440000 
0.835000  -1.560000  623 0.440000 
0.855000  -1.600000  624 0.440000 
0.835000  -1.490000  625 0.440000 
0.580000  -1.300000  626 0.440000 
0.775000  -1.510000  627 0.440000 
0.505000  -1.110000  628 0.440000 
0.780000  -1.410000  629 0.440000 
0.660000  -1.320000  630 0.440000 
0.765000  -1.420000  631 0.440000 
0.675000  -1.270000  632 0.440000 
0.740000  -1.500000  633 0.440000 
0.735000  -1.430000  634 0.440000 
0.545000  -1.330000  635 0.440000 
0.550000  -1.280000  636 0.440000 
0.695000  -1.310000  637 0.440000 
0.775000  -1.630000  638 0.440000 
0.200000  -1.020000  639 0.440000 
0.600000  -1.300000  640 0.440000 
0.485000  -1.260000  641 0.440000 
0.780000  -1.500000  642 0.440000 
0.755000  -1.490000  643 0.440000 
0.890000  -1.620000  644 0.440000 
0.420000  -1.240000  645 0.440000 
0.495000  -1.260000  646 0.440000 
0.735000  -1.420000  647 0.440000 
0.725000  -1.420000  648 0.440000 
0.835000  -1.660000  649 0.440000 
0.550000  -1.340000  650 0.440000 
0.605000  -1.350000  651 0.440000 
0.815000  -1.550000  652 0.440000 
0.760000  -1.470000  653 0.440000 
0.690000  -1.380000  654 0.440000 
0.870000  -1.620000  655 0.440000 
-0.140000  -1.270000  656 0.440000 
-0.515000  -1.280000  657 0.440000 
-0.860000  -1.580000  658 0.440000 
-0.585000  -1.320000  659 0.440000 
-0.835000  -1.620000  660 0.440000 
-0.310000  -1.150000  661 0.440000 
-0.215000  -1.200000  662 0.440000 
-0.625000  -1.300000  663 0.440000 
-0.720000  -1.390000  664 0.440000 
-0.805000  -1.530000  665 0.440000 
-0.665000  -1.270000  666 0.440000 
-0.860000  -1.630000  667 0.440000 
-0.750000  -1.430000  668 0.440000 
-0.835000  -1.500000  669 0.440000 
-0.785000  -1.460000  670 0.440000 
-0.675000  -1.360000  671 0.440000 
-0.200000  -1.330000  672 0.440000 
0.335000  -1.210000  673 0.440000 
0.320000  -1.360000  674 0.440000 
-0.210000  -1.390000  675 0.440000 
-0.430000  -1.220000  676 0.440000 
-0.695000  -1.310000  677 0.440000 
-0.595000  -1.270000  678 0.440000 
-0.580000  -1.140000  679 0.440000 
-0.615000  -1.340000  680 0.440000 
-0.715000  -1.450000  681 0.440000 
-0.760000  -1.540000  682 0.440000 
-0.825000  -1.520000  683 0.440000 
-0.810000  -1.540000  684 0.440000 
-0.820000  -1.560000  685 0.440000 
-0.450000  -1.310000  686 0.440000 
-0.820000  -1.570000  687 0.440000 
-0.790000  -1.440000  688 0.440000 
-0.675000  -1.330000  689 0.440000 
-0.730000  -1.380000  690 0.440000 
-0.490000  -1.390000  691 0.440000 
-0.350000  -1.260000  692 0.440000 
0.270000  -1.120000  693 0.440000 
0.240000  -1.220000  694 0.440000 
0.215000  -1.330000  695 0.440000 
-0.535000  -1.140000  696 0.440000 
-0.780000  -1.490000  697 0.440000 
-0.785000  -1.540000  698 0.440000 
-0.805000  -1.540000  699 0.440000 
-0.810000  -1.540000  700 0.440000 
-0.890000  -1.630000  701 0.440000 
-0.595000  -1.180000  702 0.440000 
-0.670000  -1.290000  703 0.440000 
-0.620000  -1.310000  704 0.440000 
-0.295000  -1.290000  705 0.440000 
-0.490000  -1.280000  706 0.440000 
-0.440000  -1.210000  707 0.440000 
-0.900000  -1.670000  708 0.440000 
-0.730000  -1.350000  709 0.440000 
-0.740000  -1.300000  710 0.440000 
-0.680000  -1.290000  711 0.440000 
-0.150000  -1.090000  712 0.440000 
-0.705000  -1.410000  713 0.440000 
-0.730000  -1.380000  714 0.440000 
-0.725000  -1.340000  715 0.440000 
-0.765000  -1.480000  716 0.440000 
-0.660000  -1.370000  717 0.440000 
-0.765000  -1.420000  718 0.440000 
-0.885000  -1.640000  719 0.440000 
-0.850000  -1.610000  720 0.440000 
-0.735000  -1.400000  721 0.440000 
-0.090000  -1.320000  722 0.440000 
-0.730000  -1.340000  723 0.440000 
-0.785000  -1.670000  724 0.440000 
-0.615000  -1.350000  725 0.440000 
-0.860000  -1.550000  726 0.440000 
-0.750000  -1.450000  727 0.440000 
-0.635000  -1.220000  728 0.440000 
-0.425000  -1.310000  729 0.440000 
-0.720000  -1.450000  730 0.440000 
-0.830000  -1.590000  731 0.440000 
-0.540000  -1.190000  732 0.440000 
-0.895000  -1.680000  733 0.440000 
-0.685000  -1.350000  734 0.440000 
-0.890000  -1.640000  735 0.440000 
-0.520000  -1.350000  736 0.440000 
-0.800000  -1.480000  737 0.440000 
-0.780000  -1.380000  738 0.440000 
-0.825000  -1.430000  739 0.440000 
-0.830000  -1.620000  740 0.440000 
-0.140000  -1.190000  741 0.440000 
-0.580000  -1.350000  742 0.440000 
-0.685000  -1.350000  743 0.440000 
-0.795000  -1.500000  744 0.440000 
-0.255000  -1.170000  745 0.440000 
0.305000  -1.340000  746 0.440000 
0.750000  -1.500000  747 0.440000 
0.140000  -1.170000  748 0.440000 
0.610000  -1.320000  749 0.440000 
0.715000  -1.310000  750 0.440000 
0.685000  -1.370000  751 0.440000 
0.850000  -1.670000  752 0.440000 
0.775000  -1.520000  753 0.440000 
0.765000  -1.450000  754 0.440000 
0.330000  -1.300000  755 0.440000 
0.850000  -1.500000  756 0.440000 
0.590000  -1.370000  757 0.440000 
0.475000  -1.250000  758 0.440000 
0.675000  -1.540000  759 0.440000 
0.720000  -1.310000  760 0.440000 
0.435000  -1.380000  761 0.440000 
0.400000  -1.430000  762 0.440000 
0.860000  -1.590000  763 0.440000 
0.370000  -1.210000  764 0.440000 
0.810000  -1.530000  765 0.440000 
0.730000  -1.490000  766 0.440000 
0.765000  -1.460000  767 0.440000 
0.090000  -1.280000  768 0.440000 
-0.110000  -1.230000  769 0.440000 
0.020000  -1.080000  770 0.440000 
0.830000  -1.530000  771 0.440000 
0.895000  -1.690000  772 0.440000 
0.750000  -1.370000  773 0.440000 
0.775000  -1.550000  774 0.440000 
0.635000  -1.270000  775 0.440000 
0.320000  -1.300000  776 0.440000 
0.810000  -1.480000  777 0.440000 
0.495000  -1.270000  778 0.440000 
0.515000  -1.060000  779 0.440000 
0.875000  -1.590000  780 0.440000 
0.700000  -1.440000  781 0.440000 
0.730000  -1.350000  782 0.440000 
-0.350000  -1.220000  783 0.440000 
-0.760000  -1.510000  784 0.440000 
-0.585000  -1.310000  785 0.440000 
-0.670000  -1.370000  786 0.440000 
-0.505000  -1.300000  787 0.440000 
-0.870000  -1.660000  788 0.440000 
-0.920000  -1.710000  789 0.440000 
-0.635000  -1.270000  790 0.440000 
-0.705000  -1.440000  791 0.440000 
-0.580000  -1.320000  792 0.440000 
-0.745000  -1.450000  793 0.440000 
-0.725000  -1.510000  794 0.440000 
-0.880000  -1.640000  795 0.440000 
-0.535000  -1.320000  796 0.440000 
-0.595000  -1.340000  797 0.440000 
-0.840000  -1.610000  798 0.440000 
-0.825000  -1.540000  799 0.440000 
-0.720000  -1.470000  800 0.440000 
-0.795000  -1.550000  801 0.440000 
-0.695000  -1.360000  802 0.440000 
-0.625000  -1.260000  803 0.440000 
-0.895000  -1.630000  804 0.440000 
-0.785000  -1.400000  805 0.440000 
-0.890000  -1.630000  806 0.440000 
-0.600000  -1.270000  807 0.440000 
-0.715000  -1.380000  808 0.440000 
-0.885000  -1.650000  809 0.440000 
-0.905000  -1.670000  810 0.440000 
-0.545000  -1.450000  811 0.440000 
-0.240000  -1.330000  812 0.440000 
-0.020000  -1.260000  813 0.440000 
-0.770000  -1.500000  814 0.440000 
-0.850000  -1.530000  815 0.440000 
-0.880000  -1.660000  816 0.440000 
-0.600000  -1.310000  817 0.440000 
-0.795000  -1.430000  818 0.440000 
-0.795000  -1.600000  819 0.440000 
-0.720000  -1.550000  820 0.440000 
-0.790000  -1.500000  821 0.440000 
-0.720000  -1.440000  822 0.440000 
-0.775000  -1.410000  823 0.440000 
-0.330000  -1.150000  824 0.440000 
-0.420000  -1.320000  825 0.440000 
-0.270000  -1.130000  826 0.440000 
-0.040000  -1.200000  827 0.440000 
0.190000  -1.300000  828 0.440000 
-0.785000  -1.440000  829 0.440000 
-0.875000  -1.590000  830 0.440000 
-0.860000  -1.660000  831 0.440000 
-0.830000  -1.600000  832 0.440000 
-0.800000  -1.430000  833 0.440000 
-0.715000  -1.380000  834 0.440000 
-0.805000  -1.550000  835 0.440000 
-0.485000  -1.340000  836 0.440000 
-0.860000  -1.570000  837 0.440000 
-0.750000  -1.460000  838 0.440000 
-0.635000  -1.410000  839 0.440000 
-0.555000  -1.410000  840 0.440000 
-0.605000  -1.410000  841 0.440000 
-0.855000  -1.590000  842 0.440000 
-0.250000  -1.260000  843 0.440000 
0.140000  -1.400000  844 0.440000 
0.740000  -1.420000  845 0.440000 
0.660000  -1.360000  846 0.440000 
0.840000  -1.590000  847 0.440000 
0.915000  -1.690000  848 0.440000 
0.750000  -1.530000  849 0.440000 
0.355000  -1.280000  850 0.440000 
0.765000  -1.460000  851 0.440000 
0.840000  -1.620000  852 0.440000 
0.720000  -1.430000  853 0.440000 
0.215000  -1.190000  854 0.440000 
-0.085000  -1.400000  855 0.440000 
0.310000  -1.130000  856 0.440000 
0.305000  -1.120000  857 0.440000 
0.510000  -1.410000  858 0.440000 
0.730000  -1.320000  859 0.440000 
0.870000  -1.660000  860 0.440000 
0.710000  -1.440000  861 0.440000 
0.755000  -1.420000  862 0.440000 
0.715000  -1.470000  863 0.440000 
0.860000  -1.580000  864 0.440000 
0.790000  -1.520000  865 0.440000 
0.745000  -1.410000  866 0.440000 
0.595000  -1.370000  867 0.440000 
0.710000  -1.370000  868 0.440000 
0.830000  -1.530000  869 0.440000 
0.740000  -1.480000  870 0.440000 
0.900000  -1.690000  871 0.440000 
0.920000  -1.730000  872 0.440000 
0.735000  -1.400000  873 0.440000 
0.860000  -1.600000  874 0.440000 
0.605000  -1.420000  875 0.440000 
0.805000  -1.580000  876 0.440000 
0.815000  -1.500000  877 0.440000 
0.795000  -1.480000  878 0.440000 
0.745000  -1.390000  879 0.440000 
0.770000  -1.470000  880 0.440000 
0.780000  -1.430000  881 0.440000 
0.770000  -1.430000  882 0.440000 
0.775000  -1.470000  883 0.440000 
0.760000  -1.430000  884 0.440000 
0.505000  -1.240000  885 0.440000 
-0.745000  -1.540000  886 0.440000 
-0.900000  -1.650000  887 0.440000 
-0.460000  -1.240000  888 0.440000 
-0.640000  -1.430000  889 0.440000 
-0.685000  -1.360000  890 0.440000 
-0.510000  -1.270000  891 0.440000 
-0.635000  -1.270000  892 0.440000 
-0.515000  -1.400000  893 0.440000 
-0.460000  -1.330000  894 0.440000 
-0.875000  -1.670000  895 0.440000 
-0.900000  -1.640000  896 0.440000 
-0.795000  -1.520000  897 0.440000 
-0.865000  -1.630000  898 0.440000 
-0.765000  -1.480000  899 0.440000 
-0.670000  -1.390000  900 0.440000 
-0.400000  -1.320000  901 0.440000 
-0.495000  -1.140000  902 0.440000 
-0.555000  -1.370000  903 0.440000 
-0.570000  -1.360000  904 0.440000 
-0.925000  -1.760000  905 0.440000 
-0.875000  -1.640000  906 0.440000 
-0.860000  -1.660000  907 0.440000 
-0.770000  -1.500000  908 0.440000 
0.080000  -1.060000  909 0.440000 
-0.500000  -1.430000  910 0.440000 
-0.830000  -1.490000  911 0.440000 
-0.875000  -1.680000  912 0.440000 
-0.805000  -1.460000  913 0.440000 
-0.670000  -1.380000  914 0.440000 
-0.730000  -1.450000  915 0.440000 
-0.845000  -1.580000  916 0.440000 
-0.820000  -1.460000  917 0.440000 
-0.840000  -1.510000  918 0.440000 
-0.730000  -1.470000  919 0.440000 
-0.640000  -1.420000  920 0.440000 
-0.885000  -1.660000  921 0.440000 
-0.725000  -1.500000  922 0.440000 
-0.605000  -1.490000  923 0.440000 
-0.415000  -1.250000  924 0.440000 
-0.715000  -1.490000  925 0.440000 
-0.645000  -1.410000  926 0.440000 
-0.690000  -1.480000  927 0.440000 
-0.640000  -1.430000  928 0.440000 
-0.810000  -1.480000  929 0.440000 
-0.685000  -1.380000  930 0.440000 
-0.605000  -1.350000  931 0.440000 
-0.770000  -1.420000  932 0.440000 
-0.825000  -1.520000  933 0.440000 
0.110000  -1.200000  934 0.440000 
-0.070000  -1.220000  935 0.440000 
-0.690000  -1.330000  936 0.440000 
-0.890000  -1.650000  937 0.440000 
-0.730000  -1.380000  938 0.440000 
-0.555000  -1.200000  939 0.440000 
-0.825000  -1.580000  940 0.440000 
-0.875000  -1.650000  941 0.440000 
-0.760000  -1.480000  942 0.440000 
-0.405000  -1.230000  943 0.440000 
-0.910000  -1.750000  944 0.440000 
-0.560000  -1.480000  945 0.440000 
-0.860000  -1.560000  946 0.440000 
-0.770000  -1.390000  947 0.440000 
-0.475000  -1.300000  948 0.440000 
-0.800000  -1.480000  949 0.440000 
-0.740000  -1.440000  950 0.440000 
-0.245000  -1.390000  951 0.440000 
-0.585000  -1.330000  952 0.440000 
-0.225000  -1.080000  953 0.440000 
0.580000  -1.340000  954 0.440000 
0.580000  -1.430000  955 0.440000 
0.390000  -1.340000  956 0.440000 
0.485000  -1.390000  957 0.440000 
0.645000  -1.320000  958 0.440000 
0.780000  -1.400000  959 0.440000 
0.660000  -1.270000  960 0.440000 
0.720000  -1.300000  961 0.440000 
0.850000  -1.570000  962 0.440000 
0.805000  -1.580000  963 0.440000 
0.310000  -1.110000  964 0.440000 
0.555000  -1.240000  965 0.440000 
0.880000  -1.610000  966 0.440000 
0.655000  -1.310000  967 0.440000 
0.625000  -1.410000  968 0.440000 
0.790000  -1.510000  969 0.440000 
0.780000  -1.540000  970 0.440000 
0.810000  -1.530000  971 0.440000 
0.705000  -1.450000  972 0.440000 
-0.195000  -1.230000  973 0.440000 
0.655000  -1.330000  974 0.440000 
0.900000  -1.670000  975 0.440000 
0.520000  -1.410000  976 0.440000 
0.775000  -1.400000  977 0.440000 
0.845000  -1.560000  978 0.440000 
0.775000  -1.440000  979 0.440000 
0.665000  -1.390000  980 0.440000 
0.885000  -1.650000  981 0.440000 
0.680000  -1.350000  982 0.440000 
0.710000  -1.400000  983 0.440000 
0.750000  -1.470000  984 0.440000 
0.665000  -1.320000  985 0.440000 
0.745000  -1.360000  986 0.440000 
0.635000  -1.410000  987 0.440000 
0.765000  -1.500000  988 0.440000 
0.725000  -1.370000  989 0.440000 
0.340000  -1.170000  990 0.440000 
0.835000  -1.510000  991 0.440000 
0.825000  -1.510000  992 0.440000 
0.785000  -1.400000  993 0.440000 
0.755000  -1.420000  994 0.440000 
0.705000  -1.390000  995 0.440000 
0.880000  -1.620000  996 0.440000 
0.900000  -1.680000  997 0.440000 
0.340000  -1.330000  998 0.440000 
0.705000  -1.410000  999 0.440000 
