-0.050000  -1.330000  0 0.449000 
-0.165000  -1.180000  1 0.449000 
0.465000  -1.350000  2 0.449000 
0.810000  -1.580000  3 0.449000 
0.665000  -1.410000  4 0.449000 
0.695000  -1.410000  5 0.449000 
0.665000  -1.340000  6 0.449000 
0.705000  -1.430000  7 0.449000 
0.750000  -1.500000  8 0.449000 
0.825000  -1.540000  9 0.449000 
0.855000  -1.620000  10 0.449000 
0.280000  -1.140000  11 0.449000 
0.795000  -1.470000  12 0.449000 
0.815000  -1.560000  13 0.449000 
0.835000  -1.660000  14 0.449000 
0.630000  -1.320000  15 0.449000 
0.040000  -1.390000  16 0.449000 
-0.490000  -1.360000  17 0.449000 
-0.740000  -1.380000  18 0.449000 
-0.800000  -1.430000  19 0.449000 
-0.845000  -1.500000  20 0.449000 
-0.810000  -1.470000  21 0.449000 
-0.870000  -1.590000  22 0.449000 
-0.925000  -1.720000  23 0.449000 
-0.850000  -1.630000  24 0.449000 
-0.885000  -1.650000  25 0.449000 
-0.885000  -1.740000  26 0.449000 
-0.570000  -1.300000  27 0.449000 
-0.850000  -1.610000  28 0.449000 
-0.815000  -1.450000  29 0.449000 
-0.815000  -1.550000  30 0.449000 
-0.800000  -1.490000  31 0.449000 
-0.855000  -1.610000  32 0.449000 
-0.695000  -1.450000  33 0.449000 
-0.785000  -1.510000  34 0.449000 
-0.730000  -1.470000  35 0.449000 
-0.705000  -1.310000  36 0.449000 
-0.610000  -1.410000  37 0.449000 
-0.345000  -1.370000  38 0.449000 
-0.855000  -1.670000  39 0.449000 
-0.855000  -1.640000  40 0.449000 
-0.860000  -1.610000  41 0.449000 
-0.865000  -1.650000  42 0.449000 
-0.785000  -1.490000  43 0.449000 
-0.825000  -1.510000  44 0.449000 
-0.695000  -1.340000  45 0.449000 
-0.460000  -1.220000  46 0.449000 
-0.855000  -1.700000  47 0.449000 
-0.785000  -1.510000  48 0.449000 
-0.350000  -1.160000  49 0.449000 
-0.590000  -1.410000  50 0.449000 
-0.840000  -1.580000  51 0.449000 
-0.770000  -1.480000  52 0.449000 
-0.945000  -1.820000  53 0.449000 
-0.800000  -1.560000  54 0.449000 
-0.870000  -1.710000  55 0.449000 
-0.785000  -1.540000  56 0.449000 
-0.715000  -1.430000  57 0.449000 
-0.565000  -1.380000  58 0.449000 
-0.860000  -1.590000  59 0.449000 
-0.860000  -1.640000  60 0.449000 
-0.790000  -1.530000  61 0.449000 
-0.495000  -1.340000  62 0.449000 
-0.805000  -1.540000  63 0.449000 
-0.900000  -1.670000  64 0.449000 
-0.890000  -1.640000  65 0.449000 
-0.865000  -1.630000  66 0.449000 
-0.810000  -1.490000  67 0.449000 
-0.880000  -1.590000  68 0.449000 
-0.835000  -1.560000  69 0.449000 
-0.855000  -1.560000  70 0.449000 
-0.855000  -1.630000  71 0.449000 
-0.750000  -1.520000  72 0.449000 
-0.235000  -1.450000  73 0.449000 
-0.540000  -1.320000  74 0.449000 
-0.725000  -1.470000  75 0.449000 
-0.645000  -1.410000  76 0.449000 
-0.820000  -1.560000  77 0.449000 
-0.870000  -1.640000  78 0.449000 
-0.715000  -1.470000  79 0.449000 
-0.875000  -1.630000  80 0.449000 
-0.840000  -1.510000  81 0.449000 
-0.850000  -1.640000  82 0.449000 
-0.930000  -1.760000  83 0.449000 
-0.500000  -1.410000  84 0.449000 
-0.785000  -1.540000  85 0.449000 
-0.715000  -1.430000  86 0.449000 
-0.730000  -1.500000  87 0.449000 
-0.810000  -1.540000  88 0.449000 
-0.770000  -1.640000  89 0.449000 
-0.720000  -1.460000  90 0.449000 
-0.870000  -1.570000  91 0.449000 
-0.895000  -1.700000  92 0.449000 
-0.750000  -1.480000  93 0.449000 
-0.410000  -1.200000  94 0.449000 
-0.845000  -1.640000  95 0.449000 
-0.795000  -1.570000  96 0.449000 
-0.855000  -1.550000  97 0.449000 
-0.710000  -1.410000  98 0.449000 
-0.840000  -1.600000  99 0.449000 
-0.805000  -1.460000  100 0.449000 
-0.900000  -1.700000  101 0.449000 
-0.505000  -1.290000  102 0.449000 
-0.765000  -1.500000  103 0.449000 
-0.630000  -1.330000  104 0.449000 
-0.790000  -1.580000  105 0.449000 
-0.760000  -1.490000  106 0.449000 
-0.820000  -1.480000  107 0.449000 
-0.650000  -1.420000  108 0.449000 
-0.845000  -1.500000  109 0.449000 
-0.420000  -1.370000  110 0.449000 
-0.740000  -1.380000  111 0.449000 
-0.615000  -1.450000  112 0.449000 
-0.795000  -1.540000  113 0.449000 
-0.810000  -1.570000  114 0.449000 
-0.845000  -1.720000  115 0.449000 
-0.610000  -1.460000  116 0.449000 
-0.805000  -1.550000  117 0.449000 
-0.865000  -1.670000  118 0.449000 
-0.865000  -1.650000  119 0.449000 
-0.840000  -1.680000  120 0.449000 
-0.765000  -1.410000  121 0.449000 
-0.915000  -1.730000  122 0.449000 
-0.785000  -1.420000  123 0.449000 
-0.910000  -1.710000  124 0.449000 
-0.895000  -1.670000  125 0.449000 
-0.875000  -1.600000  126 0.449000 
-0.835000  -1.520000  127 0.449000 
-0.865000  -1.640000  128 0.449000 
-0.560000  -1.360000  129 0.449000 
-0.870000  -1.630000  130 0.449000 
-0.605000  -1.320000  131 0.449000 
-0.805000  -1.510000  132 0.449000 
-0.830000  -1.660000  133 0.449000 
-0.840000  -1.640000  134 0.449000 
-0.795000  -1.490000  135 0.449000 
-0.810000  -1.500000  136 0.449000 
-0.835000  -1.530000  137 0.449000 
-0.845000  -1.570000  138 0.449000 
-0.710000  -1.460000  139 0.449000 
-0.570000  -1.350000  140 0.449000 
-0.775000  -1.540000  141 0.449000 
-0.630000  -1.440000  142 0.449000 
-0.850000  -1.590000  143 0.449000 
-0.810000  -1.640000  144 0.449000 
-0.875000  -1.610000  145 0.449000 
-0.825000  -1.590000  146 0.449000 
-0.800000  -1.490000  147 0.449000 
-0.850000  -1.550000  148 0.449000 
-0.855000  -1.560000  149 0.449000 
-0.835000  -1.590000  150 0.449000 
-0.825000  -1.490000  151 0.449000 
-0.740000  -1.480000  152 0.449000 
-0.765000  -1.480000  153 0.449000 
-0.945000  -1.790000  154 0.449000 
-0.765000  -1.540000  155 0.449000 
-0.880000  -1.620000  156 0.449000 
-0.875000  -1.620000  157 0.449000 
-0.645000  -1.490000  158 0.449000 
-0.830000  -1.630000  159 0.449000 
-0.850000  -1.520000  160 0.449000 
-0.330000  -1.270000  161 0.449000 
-0.710000  -1.480000  162 0.449000 
-0.850000  -1.650000  163 0.449000 
-0.350000  -1.340000  164 0.449000 
-0.850000  -1.570000  165 0.449000 
-0.680000  -1.420000  166 0.449000 
-0.720000  -1.390000  167 0.449000 
-0.615000  -1.380000  168 0.449000 
-0.895000  -1.660000  169 0.449000 
-0.795000  -1.510000  170 0.449000 
-0.805000  -1.450000  171 0.449000 
-0.770000  -1.500000  172 0.449000 
0.785000  -1.470000  173 0.449000 
0.845000  -1.640000  174 0.449000 
0.875000  -1.650000  175 0.449000 
0.820000  -1.570000  176 0.449000 
0.555000  -1.380000  177 0.449000 
0.310000  -1.190000  178 0.449000 
0.735000  -1.440000  179 0.449000 
0.890000  -1.710000  180 0.449000 
0.850000  -1.540000  181 0.449000 
0.880000  -1.640000  182 0.449000 
0.900000  -1.660000  183 0.449000 
0.890000  -1.650000  184 0.449000 
0.865000  -1.620000  185 0.449000 
0.845000  -1.640000  186 0.449000 
0.675000  -1.560000  187 0.449000 
0.795000  -1.480000  188 0.449000 
0.835000  -1.480000  189 0.449000 
0.625000  -1.280000  190 0.449000 
0.880000  -1.610000  191 0.449000 
0.735000  -1.440000  192 0.449000 
0.835000  -1.540000  193 0.449000 
0.830000  -1.560000  194 0.449000 
0.740000  -1.410000  195 0.449000 
0.650000  -1.250000  196 0.449000 
0.890000  -1.670000  197 0.449000 
0.885000  -1.620000  198 0.449000 
0.805000  -1.450000  199 0.449000 
0.885000  -1.610000  200 0.449000 
0.810000  -1.510000  201 0.449000 
0.750000  -1.410000  202 0.449000 
0.885000  -1.660000  203 0.449000 
0.725000  -1.410000  204 0.449000 
0.740000  -1.480000  205 0.449000 
0.635000  -1.480000  206 0.449000 
0.895000  -1.630000  207 0.449000 
0.895000  -1.740000  208 0.449000 
0.925000  -1.760000  209 0.449000 
0.885000  -1.650000  210 0.449000 
0.610000  -1.300000  211 0.449000 
0.805000  -1.560000  212 0.449000 
0.690000  -1.370000  213 0.449000 
0.865000  -1.670000  214 0.449000 
0.805000  -1.530000  215 0.449000 
-0.285000  -1.270000  216 0.449000 
-0.875000  -1.570000  217 0.449000 
-0.765000  -1.370000  218 0.449000 
-0.655000  -1.470000  219 0.449000 
-0.880000  -1.640000  220 0.449000 
-0.850000  -1.590000  221 0.449000 
-0.615000  -1.330000  222 0.449000 
-0.690000  -1.500000  223 0.449000 
-0.775000  -1.420000  224 0.449000 
-0.810000  -1.510000  225 0.449000 
-0.570000  -1.200000  226 0.449000 
-0.825000  -1.530000  227 0.449000 
-0.830000  -1.550000  228 0.449000 
-0.850000  -1.520000  229 0.449000 
-0.445000  -1.240000  230 0.449000 
-0.875000  -1.650000  231 0.449000 
-0.845000  -1.500000  232 0.449000 
-0.580000  -1.440000  233 0.449000 
-0.800000  -1.450000  234 0.449000 
-0.830000  -1.570000  235 0.449000 
-0.810000  -1.600000  236 0.449000 
-0.755000  -1.420000  237 0.449000 
-0.750000  -1.510000  238 0.449000 
-0.770000  -1.600000  239 0.449000 
-0.695000  -1.490000  240 0.449000 
-0.805000  -1.500000  241 0.449000 
-0.730000  -1.460000  242 0.449000 
-0.565000  -1.270000  243 0.449000 
-0.700000  -1.270000  244 0.449000 
-0.865000  -1.520000  245 0.449000 
-0.735000  -1.350000  246 0.449000 
-0.815000  -1.560000  247 0.449000 
-0.770000  -1.430000  248 0.449000 
-0.670000  -1.490000  249 0.449000 
-0.900000  -1.690000  250 0.449000 
-0.650000  -1.320000  251 0.449000 
-0.835000  -1.550000  252 0.449000 
-0.865000  -1.590000  253 0.449000 
-0.550000  -1.350000  254 0.449000 
-0.720000  -1.450000  255 0.449000 
-0.710000  -1.400000  256 0.449000 
-0.845000  -1.570000  257 0.449000 
-0.820000  -1.520000  258 0.449000 
-0.800000  -1.440000  259 0.449000 
-0.730000  -1.370000  260 0.449000 
-0.570000  -1.460000  261 0.449000 
-0.875000  -1.600000  262 0.449000 
-0.815000  -1.600000  263 0.449000 
-0.865000  -1.630000  264 0.449000 
-0.745000  -1.480000  265 0.449000 
-0.490000  -1.170000  266 0.449000 
-0.110000  -1.410000  267 0.449000 
-0.945000  -1.780000  268 0.449000 
-0.825000  -1.600000  269 0.449000 
-0.895000  -1.650000  270 0.449000 
-0.935000  -1.780000  271 0.449000 
-0.860000  -1.560000  272 0.449000 
-0.470000  -1.160000  273 0.449000 
-0.895000  -1.640000  274 0.449000 
-0.780000  -1.440000  275 0.449000 
-0.750000  -1.350000  276 0.449000 
-0.510000  -1.340000  277 0.449000 
-0.750000  -1.390000  278 0.449000 
-0.920000  -1.790000  279 0.449000 
-0.890000  -1.660000  280 0.449000 
-0.780000  -1.490000  281 0.449000 
-0.765000  -1.530000  282 0.449000 
-0.885000  -1.750000  283 0.449000 
-0.835000  -1.490000  284 0.449000 
-0.835000  -1.590000  285 0.449000 
-0.600000  -1.240000  286 0.449000 
-0.765000  -1.460000  287 0.449000 
-0.670000  -1.380000  288 0.449000 
-0.865000  -1.590000  289 0.449000 
-0.895000  -1.680000  290 0.449000 
-0.900000  -1.700000  291 0.449000 
-0.710000  -1.430000  292 0.449000 
-0.840000  -1.530000  293 0.449000 
-0.840000  -1.550000  294 0.449000 
-0.745000  -1.370000  295 0.449000 
-0.650000  -1.260000  296 0.449000 
-0.575000  -1.380000  297 0.449000 
-0.910000  -1.720000  298 0.449000 
-0.720000  -1.390000  299 0.449000 
-0.805000  -1.540000  300 0.449000 
-0.640000  -1.400000  301 0.449000 
-0.785000  -1.560000  302 0.449000 
-0.835000  -1.470000  303 0.449000 
-0.830000  -1.460000  304 0.449000 
-0.815000  -1.530000  305 0.449000 
-0.630000  -1.210000  306 0.449000 
-0.690000  -1.430000  307 0.449000 
-0.520000  -1.320000  308 0.449000 
-0.880000  -1.660000  309 0.449000 
-0.545000  -1.170000  310 0.449000 
-0.100000  -1.220000  311 0.449000 
-0.780000  -1.480000  312 0.449000 
-0.340000  -1.330000  313 0.449000 
0.375000  -1.320000  314 0.449000 
0.920000  -1.700000  315 0.449000 
0.820000  -1.530000  316 0.449000 
0.750000  -1.450000  317 0.449000 
0.560000  -1.340000  318 0.449000 
0.785000  -1.470000  319 0.449000 
0.475000  -1.410000  320 0.449000 
0.505000  -1.280000  321 0.449000 
0.760000  -1.470000  322 0.449000 
0.650000  -1.330000  323 0.449000 
0.670000  -1.480000  324 0.449000 
0.560000  -1.330000  325 0.449000 
0.740000  -1.380000  326 0.449000 
0.680000  -1.530000  327 0.449000 
0.900000  -1.670000  328 0.449000 
0.840000  -1.530000  329 0.449000 
0.625000  -1.350000  330 0.449000 
0.935000  -1.770000  331 0.449000 
0.845000  -1.570000  332 0.449000 
0.835000  -1.630000  333 0.449000 
0.830000  -1.520000  334 0.449000 
0.805000  -1.500000  335 0.449000 
0.840000  -1.540000  336 0.449000 
0.660000  -1.430000  337 0.449000 
0.785000  -1.510000  338 0.449000 
0.870000  -1.640000  339 0.449000 
0.725000  -1.430000  340 0.449000 
0.915000  -1.710000  341 0.449000 
0.655000  -1.370000  342 0.449000 
0.725000  -1.440000  343 0.449000 
0.890000  -1.710000  344 0.449000 
0.835000  -1.550000  345 0.449000 
0.800000  -1.490000  346 0.449000 
0.885000  -1.700000  347 0.449000 
0.865000  -1.640000  348 0.449000 
0.920000  -1.720000  349 0.449000 
0.740000  -1.370000  350 0.449000 
0.730000  -1.410000  351 0.449000 
0.665000  -1.400000  352 0.449000 
0.820000  -1.560000  353 0.449000 
0.205000  -1.250000  354 0.449000 
0.700000  -1.360000  355 0.449000 
0.760000  -1.460000  356 0.449000 
0.870000  -1.590000  357 0.449000 
0.890000  -1.710000  358 0.449000 
0.650000  -1.300000  359 0.449000 
0.830000  -1.530000  360 0.449000 
0.820000  -1.500000  361 0.449000 
0.925000  -1.760000  362 0.449000 
0.755000  -1.530000  363 0.449000 
0.850000  -1.540000  364 0.449000 
0.905000  -1.700000  365 0.449000 
0.830000  -1.540000  366 0.449000 
0.820000  -1.630000  367 0.449000 
0.685000  -1.490000  368 0.449000 
0.705000  -1.470000  369 0.449000 
0.825000  -1.590000  370 0.449000 
0.100000  -0.970000  371 0.449000 
0.655000  -1.580000  372 0.449000 
0.855000  -1.600000  373 0.449000 
0.820000  -1.450000  374 0.449000 
0.655000  -1.460000  375 0.449000 
0.860000  -1.650000  376 0.449000 
0.760000  -1.410000  377 0.449000 
0.820000  -1.580000  378 0.449000 
0.685000  -1.440000  379 0.449000 
0.875000  -1.700000  380 0.449000 
0.335000  -1.340000  381 0.449000 
0.915000  -1.720000  382 0.449000 
0.845000  -1.600000  383 0.449000 
0.715000  -1.440000  384 0.449000 
0.655000  -1.190000  385 0.449000 
0.750000  -1.390000  386 0.449000 
0.760000  -1.450000  387 0.449000 
0.480000  -1.230000  388 0.449000 
0.900000  -1.720000  389 0.449000 
0.700000  -1.410000  390 0.449000 
0.810000  -1.470000  391 0.449000 
0.835000  -1.580000  392 0.449000 
0.775000  -1.480000  393 0.449000 
0.830000  -1.580000  394 0.449000 
0.670000  -1.300000  395 0.449000 
0.830000  -1.470000  396 0.449000 
0.390000  -1.230000  397 0.449000 
0.905000  -1.740000  398 0.449000 
0.810000  -1.510000  399 0.449000 
0.875000  -1.650000  400 0.449000 
0.860000  -1.640000  401 0.449000 
0.700000  -1.340000  402 0.449000 
0.425000  -1.360000  403 0.449000 
0.570000  -1.420000  404 0.449000 
0.890000  -1.630000  405 0.449000 
0.515000  -1.430000  406 0.449000 
0.760000  -1.500000  407 0.449000 
0.875000  -1.640000  408 0.449000 
0.900000  -1.690000  409 0.449000 
0.845000  -1.660000  410 0.449000 
0.635000  -1.190000  411 0.449000 
0.870000  -1.560000  412 0.449000 
0.440000  -1.370000  413 0.449000 
-0.240000  -1.240000  414 0.449000 
-0.680000  -1.340000  415 0.449000 
-0.810000  -1.660000  416 0.449000 
-0.825000  -1.480000  417 0.449000 
-0.825000  -1.570000  418 0.449000 
-0.765000  -1.550000  419 0.449000 
-0.825000  -1.520000  420 0.449000 
-0.880000  -1.650000  421 0.449000 
-0.685000  -1.340000  422 0.449000 
-0.845000  -1.650000  423 0.449000 
-0.785000  -1.460000  424 0.449000 
-0.800000  -1.510000  425 0.449000 
-0.775000  -1.460000  426 0.449000 
-0.830000  -1.530000  427 0.449000 
-0.760000  -1.470000  428 0.449000 
-0.775000  -1.490000  429 0.449000 
-0.765000  -1.460000  430 0.449000 
-0.860000  -1.580000  431 0.449000 
-0.760000  -1.460000  432 0.449000 
-0.880000  -1.650000  433 0.449000 
-0.645000  -1.300000  434 0.449000 
-0.785000  -1.580000  435 0.449000 
-0.915000  -1.700000  436 0.449000 
-0.655000  -1.480000  437 0.449000 
-0.790000  -1.520000  438 0.449000 
-0.625000  -1.470000  439 0.449000 
-0.590000  -1.340000  440 0.449000 
-0.850000  -1.570000  441 0.449000 
-0.735000  -1.440000  442 0.449000 
-0.645000  -1.370000  443 0.449000 
-0.655000  -1.340000  444 0.449000 
-0.835000  -1.550000  445 0.449000 
-0.785000  -1.470000  446 0.449000 
-0.845000  -1.600000  447 0.449000 
-0.795000  -1.540000  448 0.449000 
-0.905000  -1.700000  449 0.449000 
-0.775000  -1.510000  450 0.449000 
-0.860000  -1.630000  451 0.449000 
-0.505000  -1.270000  452 0.449000 
-0.910000  -1.760000  453 0.449000 
-0.820000  -1.530000  454 0.449000 
-0.840000  -1.620000  455 0.449000 
-0.770000  -1.490000  456 0.449000 
-0.485000  -1.450000  457 0.449000 
-0.910000  -1.710000  458 0.449000 
-0.735000  -1.500000  459 0.449000 
-0.840000  -1.540000  460 0.449000 
-0.855000  -1.590000  461 0.449000 
-0.895000  -1.700000  462 0.449000 
-0.820000  -1.490000  463 0.449000 
-0.850000  -1.600000  464 0.449000 
-0.885000  -1.620000  465 0.449000 
-0.670000  -1.380000  466 0.449000 
-0.850000  -1.620000  467 0.449000 
-0.710000  -1.440000  468 0.449000 
-0.870000  -1.600000  469 0.449000 
-0.760000  -1.470000  470 0.449000 
-0.865000  -1.640000  471 0.449000 
-0.880000  -1.660000  472 0.449000 
-0.875000  -1.650000  473 0.449000 
-0.565000  -1.300000  474 0.449000 
-0.770000  -1.570000  475 0.449000 
-0.815000  -1.510000  476 0.449000 
-0.835000  -1.560000  477 0.449000 
-0.785000  -1.460000  478 0.449000 
-0.650000  -1.340000  479 0.449000 
-0.525000  -1.420000  480 0.449000 
-0.865000  -1.670000  481 0.449000 
-0.815000  -1.520000  482 0.449000 
-0.810000  -1.480000  483 0.449000 
-0.705000  -1.320000  484 0.449000 
-0.875000  -1.630000  485 0.449000 
-0.845000  -1.660000  486 0.449000 
-0.730000  -1.310000  487 0.449000 
-0.570000  -1.240000  488 0.449000 
-0.135000  -1.370000  489 0.449000 
-0.650000  -1.460000  490 0.449000 
-0.890000  -1.700000  491 0.449000 
-0.840000  -1.560000  492 0.449000 
-0.800000  -1.480000  493 0.449000 
-0.750000  -1.390000  494 0.449000 
-0.755000  -1.450000  495 0.449000 
-0.785000  -1.500000  496 0.449000 
-0.835000  -1.600000  497 0.449000 
-0.790000  -1.530000  498 0.449000 
-0.770000  -1.480000  499 0.449000 
-0.910000  -1.750000  500 0.449000 
-0.820000  -1.470000  501 0.449000 
-0.900000  -1.710000  502 0.449000 
-0.845000  -1.590000  503 0.449000 
-0.755000  -1.460000  504 0.449000 
-0.915000  -1.690000  505 0.449000 
-0.850000  -1.610000  506 0.449000 
-0.680000  -1.300000  507 0.449000 
-0.755000  -1.570000  508 0.449000 
-0.250000  -1.150000  509 0.449000 
-0.505000  -1.460000  510 0.449000 
-0.850000  -1.550000  511 0.449000 
-0.925000  -1.740000  512 0.449000 
-0.900000  -1.650000  513 0.449000 
-0.845000  -1.650000  514 0.449000 
-0.865000  -1.660000  515 0.449000 
-0.595000  -1.330000  516 0.449000 
0.390000  -1.420000  517 0.449000 
-0.805000  -1.440000  518 0.449000 
-0.855000  -1.590000  519 0.449000 
-0.510000  -1.270000  520 0.449000 
-0.850000  -1.580000  521 0.449000 
-0.745000  -1.570000  522 0.449000 
-0.810000  -1.670000  523 0.449000 
-0.825000  -1.600000  524 0.449000 
-0.760000  -1.550000  525 0.449000 
-0.865000  -1.600000  526 0.449000 
-0.675000  -1.440000  527 0.449000 
-0.655000  -1.310000  528 0.449000 
-0.775000  -1.510000  529 0.449000 
-0.790000  -1.500000  530 0.449000 
-0.825000  -1.530000  531 0.449000 
-0.720000  -1.340000  532 0.449000 
-0.905000  -1.680000  533 0.449000 
-0.780000  -1.490000  534 0.449000 
-0.685000  -1.530000  535 0.449000 
-0.835000  -1.580000  536 0.449000 
-0.595000  -1.360000  537 0.449000 
-0.485000  -1.320000  538 0.449000 
-0.100000  -1.410000  539 0.449000 
0.505000  -1.410000  540 0.449000 
0.785000  -1.480000  541 0.449000 
0.690000  -1.480000  542 0.449000 
0.450000  -1.350000  543 0.449000 
0.790000  -1.440000  544 0.449000 
0.865000  -1.610000  545 0.449000 
0.790000  -1.430000  546 0.449000 
0.875000  -1.620000  547 0.449000 
0.860000  -1.600000  548 0.449000 
0.870000  -1.700000  549 0.449000 
0.810000  -1.510000  550 0.449000 
0.285000  -1.240000  551 0.449000 
-0.160000  -1.290000  552 0.449000 
0.055000  -1.100000  553 0.449000 
0.860000  -1.600000  554 0.449000 
0.670000  -1.430000  555 0.449000 
0.485000  -1.310000  556 0.449000 
0.845000  -1.580000  557 0.449000 
0.650000  -1.410000  558 0.449000 
0.845000  -1.520000  559 0.449000 
0.875000  -1.720000  560 0.449000 
0.705000  -1.530000  561 0.449000 
0.760000  -1.510000  562 0.449000 
0.615000  -1.440000  563 0.449000 
0.875000  -1.610000  564 0.449000 
0.700000  -1.390000  565 0.449000 
0.865000  -1.620000  566 0.449000 
0.665000  -1.330000  567 0.449000 
0.855000  -1.580000  568 0.449000 
0.655000  -1.470000  569 0.449000 
0.840000  -1.650000  570 0.449000 
0.910000  -1.770000  571 0.449000 
0.865000  -1.640000  572 0.449000 
0.775000  -1.440000  573 0.449000 
0.875000  -1.650000  574 0.449000 
0.825000  -1.590000  575 0.449000 
0.750000  -1.430000  576 0.449000 
0.280000  -1.250000  577 0.449000 
0.785000  -1.410000  578 0.449000 
0.820000  -1.560000  579 0.449000 
0.795000  -1.570000  580 0.449000 
0.755000  -1.450000  581 0.449000 
0.730000  -1.590000  582 0.449000 
0.760000  -1.430000  583 0.449000 
0.835000  -1.560000  584 0.449000 
0.895000  -1.640000  585 0.449000 
0.805000  -1.490000  586 0.449000 
0.730000  -1.370000  587 0.449000 
0.670000  -1.430000  588 0.449000 
0.870000  -1.650000  589 0.449000 
0.740000  -1.580000  590 0.449000 
0.875000  -1.680000  591 0.449000 
0.880000  -1.660000  592 0.449000 
0.900000  -1.660000  593 0.449000 
0.520000  -1.250000  594 0.449000 
0.655000  -1.330000  595 0.449000 
0.875000  -1.630000  596 0.449000 
0.795000  -1.570000  597 0.449000 
0.685000  -1.290000  598 0.449000 
0.870000  -1.580000  599 0.449000 
0.660000  -1.480000  600 0.449000 
0.750000  -1.460000  601 0.449000 
0.685000  -1.440000  602 0.449000 
0.835000  -1.520000  603 0.449000 
0.760000  -1.500000  604 0.449000 
0.570000  -1.390000  605 0.449000 
0.780000  -1.580000  606 0.449000 
0.850000  -1.560000  607 0.449000 
0.890000  -1.660000  608 0.449000 
0.680000  -1.330000  609 0.449000 
0.610000  -1.350000  610 0.449000 
0.900000  -1.640000  611 0.449000 
0.725000  -1.460000  612 0.449000 
0.190000  -1.330000  613 0.449000 
0.355000  -1.400000  614 0.449000 
0.740000  -1.420000  615 0.449000 
0.865000  -1.770000  616 0.449000 
0.885000  -1.660000  617 0.449000 
0.365000  -1.350000  618 0.449000 
0.805000  -1.620000  619 0.449000 
0.670000  -1.340000  620 0.449000 
0.695000  -1.470000  621 0.449000 
0.775000  -1.410000  622 0.449000 
0.390000  -1.210000  623 0.449000 
0.925000  -1.730000  624 0.449000 
-0.480000  -1.470000  625 0.449000 
-0.815000  -1.510000  626 0.449000 
-0.870000  -1.650000  627 0.449000 
-0.300000  -1.150000  628 0.449000 
-0.805000  -1.490000  629 0.449000 
-0.760000  -1.460000  630 0.449000 
-0.895000  -1.700000  631 0.449000 
-0.685000  -1.500000  632 0.449000 
-0.735000  -1.470000  633 0.449000 
-0.765000  -1.440000  634 0.449000 
-0.845000  -1.670000  635 0.449000 
-0.510000  -1.350000  636 0.449000 
-0.885000  -1.640000  637 0.449000 
-0.740000  -1.490000  638 0.449000 
-0.765000  -1.420000  639 0.449000 
0.175000  -1.340000  640 0.449000 
0.590000  -1.440000  641 0.449000 
0.810000  -1.500000  642 0.449000 
0.750000  -1.400000  643 0.449000 
0.815000  -1.620000  644 0.449000 
0.660000  -1.340000  645 0.449000 
0.800000  -1.520000  646 0.449000 
0.515000  -1.450000  647 0.449000 
0.575000  -1.330000  648 0.449000 
0.805000  -1.440000  649 0.449000 
0.495000  -1.350000  650 0.449000 
0.860000  -1.680000  651 0.449000 
0.905000  -1.720000  652 0.449000 
0.610000  -1.400000  653 0.449000 
0.670000  -1.380000  654 0.449000 
0.845000  -1.550000  655 0.449000 
0.740000  -1.390000  656 0.449000 
0.690000  -1.310000  657 0.449000 
0.475000  -1.230000  658 0.449000 
0.880000  -1.660000  659 0.449000 
0.540000  -1.360000  660 0.449000 
0.775000  -1.490000  661 0.449000 
0.265000  -1.340000  662 0.449000 
0.665000  -1.370000  663 0.449000 
0.910000  -1.740000  664 0.449000 
0.790000  -1.480000  665 0.449000 
0.780000  -1.480000  666 0.449000 
0.740000  -1.540000  667 0.449000 
0.800000  -1.480000  668 0.449000 
0.770000  -1.490000  669 0.449000 
0.860000  -1.610000  670 0.449000 
0.905000  -1.720000  671 0.449000 
0.530000  -1.170000  672 0.449000 
0.675000  -1.450000  673 0.449000 
0.825000  -1.590000  674 0.449000 
0.550000  -1.280000  675 0.449000 
0.825000  -1.530000  676 0.449000 
0.755000  -1.510000  677 0.449000 
0.625000  -1.450000  678 0.449000 
0.860000  -1.610000  679 0.449000 
0.545000  -1.210000  680 0.449000 
0.760000  -1.480000  681 0.449000 
0.940000  -1.800000  682 0.449000 
0.815000  -1.590000  683 0.449000 
0.600000  -1.270000  684 0.449000 
0.765000  -1.440000  685 0.449000 
0.825000  -1.590000  686 0.449000 
0.850000  -1.580000  687 0.449000 
0.710000  -1.480000  688 0.449000 
0.735000  -1.510000  689 0.449000 
0.810000  -1.500000  690 0.449000 
0.545000  -1.240000  691 0.449000 
0.630000  -1.420000  692 0.449000 
0.755000  -1.530000  693 0.449000 
0.830000  -1.600000  694 0.449000 
0.845000  -1.570000  695 0.449000 
0.815000  -1.520000  696 0.449000 
0.845000  -1.540000  697 0.449000 
0.800000  -1.510000  698 0.449000 
0.925000  -1.750000  699 0.449000 
0.635000  -1.290000  700 0.449000 
0.715000  -1.390000  701 0.449000 
0.845000  -1.520000  702 0.449000 
0.690000  -1.390000  703 0.449000 
0.565000  -1.340000  704 0.449000 
0.840000  -1.510000  705 0.449000 
0.895000  -1.720000  706 0.449000 
0.855000  -1.570000  707 0.449000 
0.705000  -1.440000  708 0.449000 
0.910000  -1.680000  709 0.449000 
0.900000  -1.680000  710 0.449000 
0.815000  -1.540000  711 0.449000 
0.720000  -1.570000  712 0.449000 
0.955000  -1.820000  713 0.449000 
0.540000  -1.350000  714 0.449000 
0.800000  -1.510000  715 0.449000 
0.740000  -1.520000  716 0.449000 
0.850000  -1.650000  717 0.449000 
0.450000  -1.210000  718 0.449000 
0.860000  -1.650000  719 0.449000 
0.885000  -1.630000  720 0.449000 
0.845000  -1.530000  721 0.449000 
0.920000  -1.710000  722 0.449000 
0.810000  -1.500000  723 0.449000 
0.845000  -1.620000  724 0.449000 
0.860000  -1.620000  725 0.449000 
0.740000  -1.490000  726 0.449000 
0.680000  -1.340000  727 0.449000 
0.655000  -1.280000  728 0.449000 
0.810000  -1.590000  729 0.449000 
0.875000  -1.650000  730 0.449000 
0.835000  -1.610000  731 0.449000 
0.890000  -1.670000  732 0.449000 
0.835000  -1.590000  733 0.449000 
0.830000  -1.630000  734 0.449000 
0.470000  -1.340000  735 0.449000 
0.550000  -1.280000  736 0.449000 
0.930000  -1.770000  737 0.449000 
0.615000  -1.480000  738 0.449000 
0.850000  -1.580000  739 0.449000 
0.315000  -1.360000  740 0.449000 
0.405000  -1.180000  741 0.449000 
0.735000  -1.400000  742 0.449000 
0.895000  -1.660000  743 0.449000 
0.870000  -1.630000  744 0.449000 
0.840000  -1.620000  745 0.449000 
0.850000  -1.500000  746 0.449000 
0.870000  -1.640000  747 0.449000 
0.790000  -1.470000  748 0.449000 
0.885000  -1.650000  749 0.449000 
0.645000  -1.360000  750 0.449000 
0.865000  -1.630000  751 0.449000 
0.770000  -1.420000  752 0.449000 
0.735000  -1.300000  753 0.449000 
0.785000  -1.410000  754 0.449000 
0.895000  -1.640000  755 0.449000 
0.725000  -1.380000  756 0.449000 
0.875000  -1.640000  757 0.449000 
0.880000  -1.640000  758 0.449000 
0.830000  -1.550000  759 0.449000 
0.700000  -1.370000  760 0.449000 
0.910000  -1.730000  761 0.449000 
0.845000  -1.530000  762 0.449000 
0.825000  -1.590000  763 0.449000 
0.445000  -1.310000  764 0.449000 
0.940000  -1.810000  765 0.449000 
0.740000  -1.550000  766 0.449000 
0.815000  -1.430000  767 0.449000 
0.705000  -1.370000  768 0.449000 
0.785000  -1.490000  769 0.449000 
0.780000  -1.410000  770 0.449000 
0.835000  -1.520000  771 0.449000 
0.860000  -1.550000  772 0.449000 
0.840000  -1.500000  773 0.449000 
0.840000  -1.560000  774 0.449000 
0.805000  -1.490000  775 0.449000 
0.860000  -1.530000  776 0.449000 
0.835000  -1.520000  777 0.449000 
0.835000  -1.510000  778 0.449000 
0.790000  -1.420000  779 0.449000 
0.845000  -1.550000  780 0.449000 
0.210000  -1.250000  781 0.449000 
0.730000  -1.340000  782 0.449000 
0.715000  -1.540000  783 0.449000 
0.890000  -1.740000  784 0.449000 
0.775000  -1.460000  785 0.449000 
0.810000  -1.620000  786 0.449000 
0.755000  -1.480000  787 0.449000 
0.825000  -1.530000  788 0.449000 
0.915000  -1.720000  789 0.449000 
0.930000  -1.760000  790 0.449000 
0.890000  -1.670000  791 0.449000 
0.865000  -1.730000  792 0.449000 
0.690000  -1.510000  793 0.449000 
0.800000  -1.470000  794 0.449000 
0.675000  -1.380000  795 0.449000 
0.800000  -1.480000  796 0.449000 
0.855000  -1.700000  797 0.449000 
0.800000  -1.550000  798 0.449000 
0.865000  -1.580000  799 0.449000 
0.870000  -1.630000  800 0.449000 
0.680000  -1.320000  801 0.449000 
0.835000  -1.640000  802 0.449000 
0.800000  -1.470000  803 0.449000 
0.630000  -1.290000  804 0.449000 
0.715000  -1.500000  805 0.449000 
0.670000  -1.320000  806 0.449000 
0.830000  -1.590000  807 0.449000 
0.845000  -1.600000  808 0.449000 
0.540000  -1.290000  809 0.449000 
0.865000  -1.600000  810 0.449000 
0.765000  -1.420000  811 0.449000 
0.010000  -1.120000  812 0.449000 
0.600000  -1.360000  813 0.449000 
0.795000  -1.480000  814 0.449000 
0.880000  -1.650000  815 0.449000 
0.880000  -1.670000  816 0.449000 
0.790000  -1.550000  817 0.449000 
0.795000  -1.550000  818 0.449000 
0.660000  -1.340000  819 0.449000 
0.865000  -1.650000  820 0.449000 
0.640000  -1.300000  821 0.449000 
0.875000  -1.610000  822 0.449000 
0.760000  -1.400000  823 0.449000 
0.280000  -1.170000  824 0.449000 
0.745000  -1.470000  825 0.449000 
0.885000  -1.630000  826 0.449000 
0.870000  -1.660000  827 0.449000 
0.815000  -1.460000  828 0.449000 
0.855000  -1.610000  829 0.449000 
0.845000  -1.610000  830 0.449000 
0.765000  -1.400000  831 0.449000 
0.365000  -1.310000  832 0.449000 
0.865000  -1.640000  833 0.449000 
0.885000  -1.650000  834 0.449000 
0.865000  -1.630000  835 0.449000 
0.860000  -1.610000  836 0.449000 
0.775000  -1.460000  837 0.449000 
0.865000  -1.630000  838 0.449000 
0.700000  -1.500000  839 0.449000 
0.780000  -1.460000  840 0.449000 
0.855000  -1.580000  841 0.449000 
0.860000  -1.580000  842 0.449000 
0.905000  -1.730000  843 0.449000 
0.905000  -1.740000  844 0.449000 
0.640000  -1.430000  845 0.449000 
0.865000  -1.670000  846 0.449000 
0.665000  -1.320000  847 0.449000 
0.885000  -1.640000  848 0.449000 
0.860000  -1.690000  849 0.449000 
0.720000  -1.350000  850 0.449000 
0.600000  -1.380000  851 0.449000 
0.745000  -1.430000  852 0.449000 
0.895000  -1.650000  853 0.449000 
0.920000  -1.770000  854 0.449000 
0.885000  -1.640000  855 0.449000 
0.655000  -1.430000  856 0.449000 
0.685000  -1.450000  857 0.449000 
0.935000  -1.790000  858 0.449000 
0.835000  -1.530000  859 0.449000 
0.655000  -1.290000  860 0.449000 
0.815000  -1.530000  861 0.449000 
0.865000  -1.550000  862 0.449000 
0.895000  -1.710000  863 0.449000 
0.840000  -1.560000  864 0.449000 
0.850000  -1.570000  865 0.449000 
0.665000  -1.290000  866 0.449000 
0.660000  -1.270000  867 0.449000 
0.885000  -1.570000  868 0.449000 
0.380000  -1.300000  869 0.449000 
-0.515000  -1.310000  870 0.449000 
-0.690000  -1.410000  871 0.449000 
-0.825000  -1.520000  872 0.449000 
-0.775000  -1.430000  873 0.449000 
-0.840000  -1.510000  874 0.449000 
-0.895000  -1.630000  875 0.449000 
-0.765000  -1.510000  876 0.449000 
-0.840000  -1.590000  877 0.449000 
-0.800000  -1.520000  878 0.449000 
-0.545000  -1.450000  879 0.449000 
-0.200000  -1.440000  880 0.449000 
-0.410000  -1.260000  881 0.449000 
-0.135000  -1.340000  882 0.449000 
0.730000  -1.540000  883 0.449000 
0.865000  -1.650000  884 0.449000 
0.835000  -1.650000  885 0.449000 
0.890000  -1.650000  886 0.449000 
0.820000  -1.590000  887 0.449000 
0.840000  -1.530000  888 0.449000 
0.450000  -1.180000  889 0.449000 
0.225000  -1.330000  890 0.449000 
0.625000  -1.330000  891 0.449000 
0.850000  -1.540000  892 0.449000 
0.890000  -1.640000  893 0.449000 
0.850000  -1.650000  894 0.449000 
0.850000  -1.610000  895 0.449000 
0.760000  -1.470000  896 0.449000 
0.905000  -1.690000  897 0.449000 
0.890000  -1.650000  898 0.449000 
0.595000  -1.200000  899 0.449000 
0.625000  -1.360000  900 0.449000 
0.850000  -1.640000  901 0.449000 
0.630000  -1.450000  902 0.449000 
0.760000  -1.410000  903 0.449000 
0.780000  -1.590000  904 0.449000 
0.805000  -1.570000  905 0.449000 
0.595000  -1.290000  906 0.449000 
0.715000  -1.410000  907 0.449000 
0.700000  -1.340000  908 0.449000 
0.835000  -1.520000  909 0.449000 
0.880000  -1.620000  910 0.449000 
0.775000  -1.610000  911 0.449000 
0.810000  -1.420000  912 0.449000 
0.875000  -1.670000  913 0.449000 
0.875000  -1.690000  914 0.449000 
0.865000  -1.600000  915 0.449000 
0.905000  -1.690000  916 0.449000 
0.835000  -1.550000  917 0.449000 
0.805000  -1.610000  918 0.449000 
0.810000  -1.510000  919 0.449000 
0.835000  -1.500000  920 0.449000 
0.720000  -1.480000  921 0.449000 
0.900000  -1.720000  922 0.449000 
0.875000  -1.590000  923 0.449000 
0.895000  -1.710000  924 0.449000 
0.740000  -1.610000  925 0.449000 
0.870000  -1.650000  926 0.449000 
0.810000  -1.490000  927 0.449000 
0.635000  -1.330000  928 0.449000 
0.740000  -1.410000  929 0.449000 
0.870000  -1.640000  930 0.449000 
0.755000  -1.480000  931 0.449000 
0.840000  -1.630000  932 0.449000 
0.655000  -1.330000  933 0.449000 
0.580000  -1.330000  934 0.449000 
0.710000  -1.320000  935 0.449000 
0.555000  -1.350000  936 0.449000 
0.930000  -1.760000  937 0.449000 
0.840000  -1.550000  938 0.449000 
0.835000  -1.590000  939 0.449000 
0.790000  -1.480000  940 0.449000 
0.890000  -1.650000  941 0.449000 
0.720000  -1.350000  942 0.449000 
0.655000  -1.410000  943 0.449000 
0.720000  -1.320000  944 0.449000 
0.810000  -1.500000  945 0.449000 
0.815000  -1.500000  946 0.449000 
0.585000  -1.370000  947 0.449000 
0.600000  -1.270000  948 0.449000 
0.740000  -1.460000  949 0.449000 
0.730000  -1.420000  950 0.449000 
0.730000  -1.350000  951 0.449000 
0.820000  -1.630000  952 0.449000 
0.830000  -1.550000  953 0.449000 
0.890000  -1.680000  954 0.449000 
0.895000  -1.660000  955 0.449000 
0.900000  -1.680000  956 0.449000 
0.855000  -1.570000  957 0.449000 
0.830000  -1.550000  958 0.449000 
0.710000  -1.310000  959 0.449000 
0.645000  -1.220000  960 0.449000 
0.555000  -1.590000  961 0.449000 
0.905000  -1.700000  962 0.449000 
0.870000  -1.610000  963 0.449000 
0.565000  -1.240000  964 0.449000 
0.760000  -1.440000  965 0.449000 
0.810000  -1.440000  966 0.449000 
0.475000  -1.280000  967 0.449000 
0.785000  -1.500000  968 0.449000 
0.805000  -1.480000  969 0.449000 
0.875000  -1.650000  970 0.449000 
0.855000  -1.530000  971 0.449000 
0.870000  -1.630000  972 0.449000 
0.850000  -1.500000  973 0.449000 
0.850000  -1.600000  974 0.449000 
0.560000  -1.270000  975 0.449000 
0.780000  -1.410000  976 0.449000 
0.820000  -1.540000  977 0.449000 
0.785000  -1.490000  978 0.449000 
0.860000  -1.600000  979 0.449000 
0.895000  -1.650000  980 0.449000 
0.505000  -1.370000  981 0.449000 
0.825000  -1.670000  982 0.449000 
0.915000  -1.690000  983 0.449000 
0.840000  -1.630000  984 0.449000 
0.870000  -1.560000  985 0.449000 
0.705000  -1.320000  986 0.449000 
0.705000  -1.480000  987 0.449000 
0.790000  -1.460000  988 0.449000 
0.920000  -1.740000  989 0.449000 
0.645000  -1.380000  990 0.449000 
0.755000  -1.440000  991 0.449000 
0.865000  -1.550000  992 0.449000 
0.745000  -1.560000  993 0.449000 
0.870000  -1.610000  994 0.449000 
0.855000  -1.540000  995 0.449000 
0.780000  -1.510000  996 0.449000 
0.740000  -1.500000  997 0.449000 
0.575000  -1.220000  998 0.449000 
0.800000  -1.600000  999 0.449000 
