0.450000  -1.210000  0 0.442000 
0.840000  -1.500000  1 0.442000 
0.865000  -1.620000  2 0.442000 
0.785000  -1.530000  3 0.442000 
0.590000  -1.340000  4 0.442000 
0.400000  -1.330000  5 0.442000 
0.640000  -1.330000  6 0.442000 
-0.135000  -1.300000  7 0.442000 
-0.790000  -1.490000  8 0.442000 
-0.830000  -1.490000  9 0.442000 
-0.780000  -1.510000  10 0.442000 
-0.470000  -1.300000  11 0.442000 
-0.760000  -1.480000  12 0.442000 
-0.855000  -1.580000  13 0.442000 
-0.815000  -1.500000  14 0.442000 
-0.650000  -1.530000  15 0.442000 
-0.650000  -1.490000  16 0.442000 
-0.580000  -1.330000  17 0.442000 
-0.840000  -1.530000  18 0.442000 
-0.515000  -1.370000  19 0.442000 
-0.695000  -1.530000  20 0.442000 
-0.715000  -1.420000  21 0.442000 
-0.500000  -1.190000  22 0.442000 
-0.860000  -1.570000  23 0.442000 
-0.805000  -1.490000  24 0.442000 
-0.750000  -1.360000  25 0.442000 
-0.795000  -1.550000  26 0.442000 
-0.620000  -1.360000  27 0.442000 
-0.685000  -1.360000  28 0.442000 
-0.820000  -1.550000  29 0.442000 
-0.835000  -1.590000  30 0.442000 
-0.775000  -1.420000  31 0.442000 
-0.765000  -1.450000  32 0.442000 
-0.840000  -1.580000  33 0.442000 
-0.900000  -1.690000  34 0.442000 
-0.910000  -1.680000  35 0.442000 
-0.875000  -1.620000  36 0.442000 
-0.895000  -1.660000  37 0.442000 
-0.860000  -1.590000  38 0.442000 
-0.375000  -1.360000  39 0.442000 
-0.785000  -1.460000  40 0.442000 
-0.900000  -1.660000  41 0.442000 
-0.895000  -1.680000  42 0.442000 
-0.755000  -1.340000  43 0.442000 
-0.830000  -1.610000  44 0.442000 
-0.910000  -1.700000  45 0.442000 
-0.775000  -1.470000  46 0.442000 
-0.665000  -1.360000  47 0.442000 
-0.840000  -1.580000  48 0.442000 
-0.765000  -1.430000  49 0.442000 
-0.910000  -1.700000  50 0.442000 
-0.425000  -1.330000  51 0.442000 
-0.800000  -1.480000  52 0.442000 
-0.775000  -1.420000  53 0.442000 
-0.830000  -1.560000  54 0.442000 
-0.590000  -1.220000  55 0.442000 
-0.565000  -1.330000  56 0.442000 
-0.645000  -1.420000  57 0.442000 
-0.610000  -1.380000  58 0.442000 
-0.855000  -1.630000  59 0.442000 
-0.735000  -1.510000  60 0.442000 
-0.730000  -1.360000  61 0.442000 
-0.765000  -1.450000  62 0.442000 
-0.820000  -1.490000  63 0.442000 
-0.800000  -1.480000  64 0.442000 
-0.630000  -1.370000  65 0.442000 
-0.850000  -1.590000  66 0.442000 
-0.830000  -1.570000  67 0.442000 
-0.445000  -1.290000  68 0.442000 
-0.390000  -1.260000  69 0.442000 
-0.340000  -1.300000  70 0.442000 
0.630000  -1.390000  71 0.442000 
0.900000  -1.690000  72 0.442000 
0.415000  -1.470000  73 0.442000 
0.660000  -1.360000  74 0.442000 
0.790000  -1.530000  75 0.442000 
0.865000  -1.590000  76 0.442000 
0.380000  -1.320000  77 0.442000 
0.840000  -1.610000  78 0.442000 
0.630000  -1.370000  79 0.442000 
0.720000  -1.390000  80 0.442000 
0.345000  -1.190000  81 0.442000 
0.810000  -1.590000  82 0.442000 
0.835000  -1.580000  83 0.442000 
0.750000  -1.470000  84 0.442000 
0.840000  -1.530000  85 0.442000 
0.755000  -1.460000  86 0.442000 
0.610000  -1.340000  87 0.442000 
0.780000  -1.510000  88 0.442000 
0.750000  -1.510000  89 0.442000 
0.865000  -1.600000  90 0.442000 
0.890000  -1.650000  91 0.442000 
0.790000  -1.470000  92 0.442000 
0.595000  -1.360000  93 0.442000 
0.765000  -1.510000  94 0.442000 
0.795000  -1.560000  95 0.442000 
0.485000  -1.360000  96 0.442000 
0.600000  -1.470000  97 0.442000 
0.410000  -1.310000  98 0.442000 
-0.120000  -1.300000  99 0.442000 
-0.100000  -1.220000  100 0.442000 
-0.910000  -1.740000  101 0.442000 
-0.630000  -1.320000  102 0.442000 
-0.755000  -1.410000  103 0.442000 
-0.680000  -1.320000  104 0.442000 
-0.700000  -1.360000  105 0.442000 
-0.505000  -1.240000  106 0.442000 
-0.875000  -1.670000  107 0.442000 
-0.805000  -1.460000  108 0.442000 
-0.775000  -1.440000  109 0.442000 
-0.825000  -1.480000  110 0.442000 
-0.815000  -1.590000  111 0.442000 
-0.810000  -1.590000  112 0.442000 
-0.825000  -1.500000  113 0.442000 
-0.675000  -1.430000  114 0.442000 
-0.695000  -1.250000  115 0.442000 
-0.680000  -1.350000  116 0.442000 
-0.815000  -1.540000  117 0.442000 
-0.865000  -1.660000  118 0.442000 
-0.480000  -1.210000  119 0.442000 
-0.510000  -1.310000  120 0.442000 
-0.740000  -1.540000  121 0.442000 
-0.660000  -1.360000  122 0.442000 
-0.400000  -1.330000  123 0.442000 
-0.845000  -1.540000  124 0.442000 
-0.755000  -1.350000  125 0.442000 
-0.715000  -1.490000  126 0.442000 
-0.265000  -1.350000  127 0.442000 
0.100000  -1.260000  128 0.442000 
-0.315000  -1.320000  129 0.442000 
-0.585000  -1.410000  130 0.442000 
-0.730000  -1.320000  131 0.442000 
-0.895000  -1.750000  132 0.442000 
-0.760000  -1.470000  133 0.442000 
-0.865000  -1.610000  134 0.442000 
-0.875000  -1.590000  135 0.442000 
-0.840000  -1.650000  136 0.442000 
-0.720000  -1.260000  137 0.442000 
-0.540000  -1.370000  138 0.442000 
-0.800000  -1.550000  139 0.442000 
-0.765000  -1.510000  140 0.442000 
-0.875000  -1.660000  141 0.442000 
-0.800000  -1.510000  142 0.442000 
-0.570000  -1.330000  143 0.442000 
-0.630000  -1.310000  144 0.442000 
-0.790000  -1.550000  145 0.442000 
-0.825000  -1.450000  146 0.442000 
-0.810000  -1.540000  147 0.442000 
-0.435000  -1.330000  148 0.442000 
-0.865000  -1.660000  149 0.442000 
-0.845000  -1.640000  150 0.442000 
-0.670000  -1.490000  151 0.442000 
-0.815000  -1.560000  152 0.442000 
-0.590000  -1.290000  153 0.442000 
-0.830000  -1.650000  154 0.442000 
-0.775000  -1.420000  155 0.442000 
-0.805000  -1.490000  156 0.442000 
-0.570000  -1.280000  157 0.442000 
-0.720000  -1.460000  158 0.442000 
-0.785000  -1.470000  159 0.442000 
-0.625000  -1.390000  160 0.442000 
-0.895000  -1.640000  161 0.442000 
-0.910000  -1.710000  162 0.442000 
-0.600000  -1.380000  163 0.442000 
-0.635000  -1.330000  164 0.442000 
-0.825000  -1.520000  165 0.442000 
-0.860000  -1.590000  166 0.442000 
-0.875000  -1.590000  167 0.442000 
-0.720000  -1.410000  168 0.442000 
-0.810000  -1.520000  169 0.442000 
-0.820000  -1.570000  170 0.442000 
-0.885000  -1.700000  171 0.442000 
-0.480000  -1.330000  172 0.442000 
-0.635000  -1.290000  173 0.442000 
-0.695000  -1.380000  174 0.442000 
-0.030000  -1.240000  175 0.442000 
-0.570000  -1.550000  176 0.442000 
-0.815000  -1.590000  177 0.442000 
-0.610000  -1.480000  178 0.442000 
-0.510000  -1.110000  179 0.442000 
-0.375000  -1.180000  180 0.442000 
-0.435000  -1.160000  181 0.442000 
0.655000  -1.460000  182 0.442000 
0.570000  -1.360000  183 0.442000 
0.850000  -1.580000  184 0.442000 
0.735000  -1.350000  185 0.442000 
0.405000  -1.190000  186 0.442000 
0.320000  -1.270000  187 0.442000 
0.785000  -1.490000  188 0.442000 
0.840000  -1.530000  189 0.442000 
0.615000  -1.560000  190 0.442000 
0.815000  -1.590000  191 0.442000 
0.560000  -1.310000  192 0.442000 
0.650000  -1.400000  193 0.442000 
0.890000  -1.690000  194 0.442000 
0.935000  -1.770000  195 0.442000 
0.705000  -1.330000  196 0.442000 
0.580000  -1.230000  197 0.442000 
0.525000  -1.130000  198 0.442000 
0.760000  -1.550000  199 0.442000 
0.285000  -1.270000  200 0.442000 
0.690000  -1.480000  201 0.442000 
0.455000  -1.080000  202 0.442000 
0.765000  -1.420000  203 0.442000 
0.685000  -1.370000  204 0.442000 
0.890000  -1.680000  205 0.442000 
0.675000  -1.380000  206 0.442000 
0.830000  -1.600000  207 0.442000 
0.830000  -1.580000  208 0.442000 
0.750000  -1.480000  209 0.442000 
0.775000  -1.470000  210 0.442000 
0.615000  -1.260000  211 0.442000 
0.830000  -1.540000  212 0.442000 
0.475000  -1.270000  213 0.442000 
-0.370000  -1.330000  214 0.442000 
-0.885000  -1.640000  215 0.442000 
-0.810000  -1.510000  216 0.442000 
-0.825000  -1.550000  217 0.442000 
-0.620000  -1.410000  218 0.442000 
-0.770000  -1.590000  219 0.442000 
-0.010000  -1.370000  220 0.442000 
-0.765000  -1.490000  221 0.442000 
-0.660000  -1.440000  222 0.442000 
-0.700000  -1.470000  223 0.442000 
-0.770000  -1.350000  224 0.442000 
-0.750000  -1.360000  225 0.442000 
-0.830000  -1.570000  226 0.442000 
-0.710000  -1.420000  227 0.442000 
-0.885000  -1.660000  228 0.442000 
-0.220000  -1.090000  229 0.442000 
-0.855000  -1.540000  230 0.442000 
-0.215000  -1.080000  231 0.442000 
-0.525000  -1.160000  232 0.442000 
-0.585000  -1.130000  233 0.442000 
-0.765000  -1.460000  234 0.442000 
-0.765000  -1.480000  235 0.442000 
-0.415000  -1.240000  236 0.442000 
-0.555000  -1.320000  237 0.442000 
-0.880000  -1.620000  238 0.442000 
-0.780000  -1.420000  239 0.442000 
-0.745000  -1.470000  240 0.442000 
-0.130000  -1.070000  241 0.442000 
0.800000  -1.550000  242 0.442000 
0.400000  -1.270000  243 0.442000 
0.800000  -1.500000  244 0.442000 
0.825000  -1.520000  245 0.442000 
0.650000  -1.380000  246 0.442000 
0.865000  -1.550000  247 0.442000 
0.655000  -1.260000  248 0.442000 
0.655000  -1.530000  249 0.442000 
0.590000  -1.330000  250 0.442000 
0.860000  -1.560000  251 0.442000 
0.780000  -1.580000  252 0.442000 
0.845000  -1.610000  253 0.442000 
0.715000  -1.510000  254 0.442000 
0.755000  -1.480000  255 0.442000 
0.615000  -1.490000  256 0.442000 
0.895000  -1.710000  257 0.442000 
0.540000  -1.300000  258 0.442000 
0.760000  -1.570000  259 0.442000 
0.895000  -1.720000  260 0.442000 
0.885000  -1.620000  261 0.442000 
0.750000  -1.540000  262 0.442000 
0.620000  -1.440000  263 0.442000 
0.710000  -1.480000  264 0.442000 
0.910000  -1.750000  265 0.442000 
0.445000  -1.350000  266 0.442000 
0.875000  -1.620000  267 0.442000 
0.745000  -1.520000  268 0.442000 
0.745000  -1.530000  269 0.442000 
0.840000  -1.530000  270 0.442000 
0.480000  -1.290000  271 0.442000 
0.705000  -1.390000  272 0.442000 
0.665000  -1.350000  273 0.442000 
0.875000  -1.740000  274 0.442000 
0.760000  -1.440000  275 0.442000 
0.905000  -1.660000  276 0.442000 
0.920000  -1.750000  277 0.442000 
0.700000  -1.290000  278 0.442000 
0.735000  -1.360000  279 0.442000 
0.685000  -1.460000  280 0.442000 
0.265000  -1.180000  281 0.442000 
0.855000  -1.560000  282 0.442000 
0.880000  -1.650000  283 0.442000 
0.895000  -1.670000  284 0.442000 
0.875000  -1.640000  285 0.442000 
0.740000  -1.400000  286 0.442000 
0.720000  -1.370000  287 0.442000 
0.805000  -1.610000  288 0.442000 
0.830000  -1.490000  289 0.442000 
0.775000  -1.450000  290 0.442000 
0.775000  -1.490000  291 0.442000 
0.820000  -1.520000  292 0.442000 
0.815000  -1.580000  293 0.442000 
0.875000  -1.600000  294 0.442000 
0.850000  -1.540000  295 0.442000 
0.795000  -1.450000  296 0.442000 
0.895000  -1.700000  297 0.442000 
0.730000  -1.420000  298 0.442000 
0.090000  -1.190000  299 0.442000 
-0.850000  -1.600000  300 0.442000 
-0.785000  -1.450000  301 0.442000 
-0.350000  -1.360000  302 0.442000 
-0.925000  -1.780000  303 0.442000 
-0.695000  -1.390000  304 0.442000 
-0.775000  -1.430000  305 0.442000 
-0.780000  -1.470000  306 0.442000 
-0.315000  -1.120000  307 0.442000 
-0.715000  -1.360000  308 0.442000 
-0.630000  -1.310000  309 0.442000 
-0.855000  -1.550000  310 0.442000 
-0.475000  -1.230000  311 0.442000 
-0.640000  -1.410000  312 0.442000 
-0.675000  -1.390000  313 0.442000 
-0.715000  -1.360000  314 0.442000 
-0.650000  -1.290000  315 0.442000 
-0.830000  -1.540000  316 0.442000 
-0.810000  -1.680000  317 0.442000 
-0.685000  -1.280000  318 0.442000 
-0.800000  -1.550000  319 0.442000 
-0.755000  -1.540000  320 0.442000 
-0.715000  -1.330000  321 0.442000 
-0.770000  -1.450000  322 0.442000 
-0.600000  -1.130000  323 0.442000 
-0.825000  -1.530000  324 0.442000 
-0.775000  -1.410000  325 0.442000 
-0.830000  -1.540000  326 0.442000 
-0.885000  -1.630000  327 0.442000 
-0.685000  -1.370000  328 0.442000 
-0.905000  -1.700000  329 0.442000 
-0.615000  -1.340000  330 0.442000 
-0.780000  -1.550000  331 0.442000 
-0.755000  -1.520000  332 0.442000 
-0.780000  -1.490000  333 0.442000 
-0.770000  -1.400000  334 0.442000 
-0.815000  -1.510000  335 0.442000 
-0.880000  -1.650000  336 0.442000 
-0.600000  -1.260000  337 0.442000 
-0.265000  -1.110000  338 0.442000 
-0.605000  -1.310000  339 0.442000 
-0.560000  -1.430000  340 0.442000 
-0.890000  -1.640000  341 0.442000 
-0.580000  -1.240000  342 0.442000 
-0.850000  -1.570000  343 0.442000 
-0.730000  -1.290000  344 0.442000 
-0.720000  -1.370000  345 0.442000 
-0.565000  -1.320000  346 0.442000 
-0.705000  -1.340000  347 0.442000 
-0.695000  -1.340000  348 0.442000 
-0.865000  -1.580000  349 0.442000 
-0.585000  -1.310000  350 0.442000 
-0.590000  -1.380000  351 0.442000 
-0.790000  -1.480000  352 0.442000 
-0.540000  -1.490000  353 0.442000 
-0.790000  -1.510000  354 0.442000 
-0.855000  -1.540000  355 0.442000 
-0.865000  -1.590000  356 0.442000 
-0.710000  -1.370000  357 0.442000 
-0.785000  -1.440000  358 0.442000 
-0.805000  -1.470000  359 0.442000 
-0.455000  -1.270000  360 0.442000 
0.080000  -1.320000  361 0.442000 
-0.615000  -1.490000  362 0.442000 
-0.690000  -1.440000  363 0.442000 
-0.655000  -1.360000  364 0.442000 
-0.775000  -1.480000  365 0.442000 
-0.770000  -1.390000  366 0.442000 
-0.790000  -1.510000  367 0.442000 
-0.745000  -1.430000  368 0.442000 
-0.825000  -1.570000  369 0.442000 
-0.800000  -1.460000  370 0.442000 
-0.760000  -1.440000  371 0.442000 
-0.660000  -1.270000  372 0.442000 
-0.700000  -1.420000  373 0.442000 
-0.795000  -1.480000  374 0.442000 
-0.730000  -1.460000  375 0.442000 
-0.850000  -1.650000  376 0.442000 
-0.760000  -1.480000  377 0.442000 
-0.390000  -1.310000  378 0.442000 
0.755000  -1.570000  379 0.442000 
0.755000  -1.530000  380 0.442000 
0.855000  -1.530000  381 0.442000 
0.325000  -1.200000  382 0.442000 
0.000000  -1.040000  383 0.442000 
0.595000  -1.310000  384 0.442000 
0.755000  -1.350000  385 0.442000 
0.760000  -1.370000  386 0.442000 
0.615000  -1.380000  387 0.442000 
0.745000  -1.430000  388 0.442000 
0.620000  -1.290000  389 0.442000 
0.780000  -1.560000  390 0.442000 
0.830000  -1.520000  391 0.442000 
0.745000  -1.460000  392 0.442000 
0.485000  -1.290000  393 0.442000 
0.750000  -1.410000  394 0.442000 
0.920000  -1.740000  395 0.442000 
0.690000  -1.420000  396 0.442000 
0.375000  -1.170000  397 0.442000 
0.875000  -1.590000  398 0.442000 
0.670000  -1.310000  399 0.442000 
0.410000  -1.410000  400 0.442000 
0.065000  -1.250000  401 0.442000 
-0.095000  -1.240000  402 0.442000 
0.140000  -1.160000  403 0.442000 
0.015000  -1.320000  404 0.442000 
0.735000  -1.370000  405 0.442000 
0.600000  -1.360000  406 0.442000 
0.800000  -1.430000  407 0.442000 
0.875000  -1.700000  408 0.442000 
0.780000  -1.400000  409 0.442000 
0.745000  -1.490000  410 0.442000 
0.790000  -1.480000  411 0.442000 
0.605000  -1.470000  412 0.442000 
0.595000  -1.270000  413 0.442000 
0.800000  -1.540000  414 0.442000 
0.635000  -1.280000  415 0.442000 
0.900000  -1.670000  416 0.442000 
0.625000  -1.280000  417 0.442000 
0.525000  -1.160000  418 0.442000 
0.820000  -1.550000  419 0.442000 
0.855000  -1.620000  420 0.442000 
0.770000  -1.540000  421 0.442000 
0.625000  -1.230000  422 0.442000 
0.850000  -1.510000  423 0.442000 
0.590000  -1.270000  424 0.442000 
0.470000  -1.250000  425 0.442000 
0.665000  -1.310000  426 0.442000 
0.585000  -1.270000  427 0.442000 
0.670000  -1.290000  428 0.442000 
0.835000  -1.590000  429 0.442000 
0.890000  -1.650000  430 0.442000 
0.695000  -1.450000  431 0.442000 
0.545000  -1.360000  432 0.442000 
0.645000  -1.460000  433 0.442000 
0.755000  -1.410000  434 0.442000 
0.820000  -1.590000  435 0.442000 
0.745000  -1.430000  436 0.442000 
0.735000  -1.300000  437 0.442000 
0.880000  -1.630000  438 0.442000 
0.660000  -1.280000  439 0.442000 
0.820000  -1.480000  440 0.442000 
0.865000  -1.640000  441 0.442000 
0.780000  -1.430000  442 0.442000 
0.875000  -1.620000  443 0.442000 
0.845000  -1.540000  444 0.442000 
0.695000  -1.460000  445 0.442000 
0.905000  -1.710000  446 0.442000 
0.770000  -1.490000  447 0.442000 
0.670000  -1.490000  448 0.442000 
0.755000  -1.510000  449 0.442000 
0.625000  -1.220000  450 0.442000 
0.640000  -1.350000  451 0.442000 
0.765000  -1.500000  452 0.442000 
0.505000  -1.410000  453 0.442000 
0.540000  -1.250000  454 0.442000 
0.885000  -1.660000  455 0.442000 
0.755000  -1.460000  456 0.442000 
0.650000  -1.390000  457 0.442000 
0.560000  -1.370000  458 0.442000 
0.830000  -1.570000  459 0.442000 
0.870000  -1.630000  460 0.442000 
0.680000  -1.390000  461 0.442000 
0.820000  -1.610000  462 0.442000 
0.225000  -1.290000  463 0.442000 
0.400000  -1.320000  464 0.442000 
0.095000  -1.200000  465 0.442000 
0.645000  -1.360000  466 0.442000 
0.870000  -1.650000  467 0.442000 
0.905000  -1.670000  468 0.442000 
0.710000  -1.430000  469 0.442000 
0.875000  -1.650000  470 0.442000 
0.695000  -1.570000  471 0.442000 
0.640000  -1.390000  472 0.442000 
-0.040000  -1.190000  473 0.442000 
-0.705000  -1.300000  474 0.442000 
-0.805000  -1.590000  475 0.442000 
-0.100000  -1.050000  476 0.442000 
0.720000  -1.440000  477 0.442000 
0.565000  -1.450000  478 0.442000 
-0.015000  -0.940000  479 0.442000 
0.065000  -1.380000  480 0.442000 
0.050000  -1.270000  481 0.442000 
0.220000  -1.190000  482 0.442000 
0.890000  -1.700000  483 0.442000 
0.900000  -1.690000  484 0.442000 
0.705000  -1.280000  485 0.442000 
0.615000  -1.370000  486 0.442000 
0.810000  -1.530000  487 0.442000 
0.705000  -1.350000  488 0.442000 
0.800000  -1.480000  489 0.442000 
0.205000  -1.310000  490 0.442000 
0.700000  -1.410000  491 0.442000 
0.795000  -1.500000  492 0.442000 
0.845000  -1.580000  493 0.442000 
0.810000  -1.520000  494 0.442000 
0.860000  -1.550000  495 0.442000 
0.655000  -1.370000  496 0.442000 
0.400000  -1.220000  497 0.442000 
0.805000  -1.490000  498 0.442000 
0.230000  -1.190000  499 0.442000 
-0.195000  -1.130000  500 0.442000 
-0.125000  -1.370000  501 0.442000 
-0.795000  -1.520000  502 0.442000 
-0.650000  -1.360000  503 0.442000 
-0.880000  -1.630000  504 0.442000 
-0.820000  -1.460000  505 0.442000 
-0.845000  -1.630000  506 0.442000 
-0.470000  -1.250000  507 0.442000 
-0.310000  -1.280000  508 0.442000 
-0.805000  -1.470000  509 0.442000 
-0.725000  -1.370000  510 0.442000 
-0.595000  -1.390000  511 0.442000 
-0.780000  -1.470000  512 0.442000 
-0.785000  -1.570000  513 0.442000 
-0.860000  -1.740000  514 0.442000 
-0.615000  -1.370000  515 0.442000 
-0.850000  -1.600000  516 0.442000 
-0.770000  -1.490000  517 0.442000 
-0.730000  -1.480000  518 0.442000 
-0.865000  -1.620000  519 0.442000 
-0.725000  -1.420000  520 0.442000 
-0.690000  -1.440000  521 0.442000 
-0.745000  -1.400000  522 0.442000 
-0.755000  -1.450000  523 0.442000 
-0.805000  -1.490000  524 0.442000 
-0.370000  -1.280000  525 0.442000 
0.000000  -1.290000  526 0.442000 
-0.740000  -1.450000  527 0.442000 
-0.690000  -1.470000  528 0.442000 
-0.905000  -1.680000  529 0.442000 
-0.395000  -1.210000  530 0.442000 
-0.730000  -1.450000  531 0.442000 
-0.835000  -1.540000  532 0.442000 
-0.890000  -1.620000  533 0.442000 
-0.870000  -1.680000  534 0.442000 
-0.715000  -1.360000  535 0.442000 
-0.870000  -1.650000  536 0.442000 
-0.875000  -1.590000  537 0.442000 
-0.870000  -1.580000  538 0.442000 
-0.695000  -1.500000  539 0.442000 
-0.915000  -1.710000  540 0.442000 
-0.700000  -1.400000  541 0.442000 
-0.845000  -1.540000  542 0.442000 
-0.790000  -1.460000  543 0.442000 
-0.745000  -1.360000  544 0.442000 
-0.740000  -1.500000  545 0.442000 
-0.615000  -1.170000  546 0.442000 
-0.910000  -1.800000  547 0.442000 
-0.790000  -1.500000  548 0.442000 
-0.765000  -1.410000  549 0.442000 
-0.885000  -1.710000  550 0.442000 
-0.745000  -1.390000  551 0.442000 
-0.760000  -1.440000  552 0.442000 
-0.750000  -1.420000  553 0.442000 
-0.780000  -1.460000  554 0.442000 
-0.710000  -1.380000  555 0.442000 
-0.840000  -1.590000  556 0.442000 
-0.845000  -1.540000  557 0.442000 
-0.155000  -1.320000  558 0.442000 
-0.375000  -1.240000  559 0.442000 
-0.680000  -1.480000  560 0.442000 
-0.885000  -1.650000  561 0.442000 
-0.655000  -1.240000  562 0.442000 
-0.735000  -1.430000  563 0.442000 
-0.835000  -1.530000  564 0.442000 
-0.370000  -1.210000  565 0.442000 
-0.785000  -1.400000  566 0.442000 
-0.745000  -1.350000  567 0.442000 
-0.595000  -1.090000  568 0.442000 
-0.675000  -1.430000  569 0.442000 
0.040000  -1.270000  570 0.442000 
0.385000  -1.400000  571 0.442000 
-0.800000  -1.610000  572 0.442000 
-0.685000  -1.430000  573 0.442000 
-0.905000  -1.680000  574 0.442000 
-0.890000  -1.610000  575 0.442000 
-0.715000  -1.420000  576 0.442000 
-0.320000  -1.300000  577 0.442000 
-0.845000  -1.590000  578 0.442000 
-0.365000  -1.330000  579 0.442000 
0.530000  -1.380000  580 0.442000 
0.840000  -1.540000  581 0.442000 
0.790000  -1.440000  582 0.442000 
0.815000  -1.510000  583 0.442000 
0.250000  -1.200000  584 0.442000 
-0.020000  -1.260000  585 0.442000 
0.305000  -1.090000  586 0.442000 
0.670000  -1.380000  587 0.442000 
0.770000  -1.480000  588 0.442000 
0.835000  -1.530000  589 0.442000 
0.720000  -1.370000  590 0.442000 
0.895000  -1.680000  591 0.442000 
0.790000  -1.470000  592 0.442000 
0.800000  -1.570000  593 0.442000 
0.115000  -1.340000  594 0.442000 
-0.235000  -1.170000  595 0.442000 
-0.835000  -1.540000  596 0.442000 
-0.590000  -1.230000  597 0.442000 
-0.530000  -1.410000  598 0.442000 
-0.660000  -1.450000  599 0.442000 
-0.825000  -1.490000  600 0.442000 
0.415000  -1.400000  601 0.442000 
0.945000  -1.810000  602 0.442000 
0.595000  -1.320000  603 0.442000 
0.745000  -1.470000  604 0.442000 
0.870000  -1.690000  605 0.442000 
0.815000  -1.660000  606 0.442000 
0.630000  -1.320000  607 0.442000 
0.865000  -1.570000  608 0.442000 
0.740000  -1.470000  609 0.442000 
0.765000  -1.400000  610 0.442000 
0.840000  -1.590000  611 0.442000 
0.785000  -1.450000  612 0.442000 
0.615000  -1.280000  613 0.442000 
0.370000  -1.410000  614 0.442000 
0.870000  -1.680000  615 0.442000 
0.705000  -1.380000  616 0.442000 
0.780000  -1.510000  617 0.442000 
0.780000  -1.420000  618 0.442000 
0.690000  -1.310000  619 0.442000 
0.825000  -1.460000  620 0.442000 
0.445000  -1.260000  621 0.442000 
0.475000  -1.310000  622 0.442000 
0.775000  -1.500000  623 0.442000 
0.500000  -1.330000  624 0.442000 
0.855000  -1.560000  625 0.442000 
0.725000  -1.390000  626 0.442000 
0.745000  -1.380000  627 0.442000 
0.910000  -1.760000  628 0.442000 
0.885000  -1.680000  629 0.442000 
0.685000  -1.520000  630 0.442000 
0.830000  -1.560000  631 0.442000 
0.810000  -1.530000  632 0.442000 
0.810000  -1.610000  633 0.442000 
0.725000  -1.520000  634 0.442000 
0.810000  -1.550000  635 0.442000 
0.760000  -1.520000  636 0.442000 
0.800000  -1.450000  637 0.442000 
0.450000  -1.240000  638 0.442000 
0.650000  -1.490000  639 0.442000 
0.735000  -1.500000  640 0.442000 
0.510000  -1.390000  641 0.442000 
0.820000  -1.460000  642 0.442000 
0.855000  -1.640000  643 0.442000 
0.835000  -1.610000  644 0.442000 
0.715000  -1.360000  645 0.442000 
0.495000  -1.210000  646 0.442000 
0.670000  -1.380000  647 0.442000 
0.745000  -1.330000  648 0.442000 
0.630000  -1.440000  649 0.442000 
0.855000  -1.610000  650 0.442000 
0.835000  -1.550000  651 0.442000 
0.650000  -1.280000  652 0.442000 
0.705000  -1.530000  653 0.442000 
0.840000  -1.600000  654 0.442000 
0.895000  -1.670000  655 0.442000 
0.805000  -1.560000  656 0.442000 
0.850000  -1.560000  657 0.442000 
0.790000  -1.510000  658 0.442000 
0.745000  -1.480000  659 0.442000 
0.545000  -1.360000  660 0.442000 
0.590000  -1.420000  661 0.442000 
0.815000  -1.520000  662 0.442000 
0.860000  -1.580000  663 0.442000 
0.850000  -1.690000  664 0.442000 
0.800000  -1.490000  665 0.442000 
0.775000  -1.450000  666 0.442000 
0.805000  -1.490000  667 0.442000 
0.765000  -1.460000  668 0.442000 
0.655000  -1.410000  669 0.442000 
0.740000  -1.490000  670 0.442000 
0.750000  -1.470000  671 0.442000 
0.725000  -1.570000  672 0.442000 
0.745000  -1.490000  673 0.442000 
0.875000  -1.670000  674 0.442000 
0.765000  -1.490000  675 0.442000 
0.770000  -1.450000  676 0.442000 
0.725000  -1.470000  677 0.442000 
0.820000  -1.540000  678 0.442000 
0.635000  -1.420000  679 0.442000 
0.765000  -1.510000  680 0.442000 
0.640000  -1.350000  681 0.442000 
0.635000  -1.400000  682 0.442000 
0.885000  -1.650000  683 0.442000 
0.825000  -1.670000  684 0.442000 
0.815000  -1.550000  685 0.442000 
0.825000  -1.620000  686 0.442000 
0.625000  -1.320000  687 0.442000 
0.545000  -1.400000  688 0.442000 
0.750000  -1.500000  689 0.442000 
-0.400000  -1.300000  690 0.442000 
-0.825000  -1.440000  691 0.442000 
-0.725000  -1.480000  692 0.442000 
-0.835000  -1.600000  693 0.442000 
-0.630000  -1.350000  694 0.442000 
-0.855000  -1.600000  695 0.442000 
-0.695000  -1.420000  696 0.442000 
-0.660000  -1.370000  697 0.442000 
-0.825000  -1.490000  698 0.442000 
-0.505000  -1.330000  699 0.442000 
-0.360000  -1.320000  700 0.442000 
-0.780000  -1.400000  701 0.442000 
0.560000  -1.260000  702 0.442000 
0.845000  -1.470000  703 0.442000 
0.855000  -1.680000  704 0.442000 
0.725000  -1.490000  705 0.442000 
0.740000  -1.500000  706 0.442000 
0.715000  -1.450000  707 0.442000 
0.625000  -1.290000  708 0.442000 
0.645000  -1.370000  709 0.442000 
0.890000  -1.680000  710 0.442000 
0.790000  -1.450000  711 0.442000 
0.690000  -1.480000  712 0.442000 
0.725000  -1.480000  713 0.442000 
0.630000  -1.380000  714 0.442000 
0.740000  -1.300000  715 0.442000 
0.850000  -1.580000  716 0.442000 
0.600000  -1.320000  717 0.442000 
0.690000  -1.370000  718 0.442000 
0.505000  -1.460000  719 0.442000 
0.735000  -1.370000  720 0.442000 
0.760000  -1.470000  721 0.442000 
0.770000  -1.460000  722 0.442000 
0.715000  -1.450000  723 0.442000 
0.600000  -1.210000  724 0.442000 
0.750000  -1.400000  725 0.442000 
0.800000  -1.490000  726 0.442000 
-0.040000  -1.050000  727 0.442000 
-0.295000  -1.260000  728 0.442000 
-0.795000  -1.540000  729 0.442000 
-0.650000  -1.260000  730 0.442000 
-0.895000  -1.700000  731 0.442000 
-0.840000  -1.540000  732 0.442000 
-0.855000  -1.630000  733 0.442000 
-0.695000  -1.460000  734 0.442000 
-0.675000  -1.420000  735 0.442000 
-0.725000  -1.520000  736 0.442000 
-0.705000  -1.240000  737 0.442000 
-0.630000  -1.410000  738 0.442000 
-0.735000  -1.540000  739 0.442000 
-0.895000  -1.690000  740 0.442000 
-0.575000  -1.250000  741 0.442000 
-0.835000  -1.570000  742 0.442000 
-0.630000  -1.320000  743 0.442000 
-0.760000  -1.420000  744 0.442000 
-0.355000  -1.390000  745 0.442000 
0.390000  -1.240000  746 0.442000 
0.185000  -1.260000  747 0.442000 
0.650000  -1.410000  748 0.442000 
0.035000  -1.130000  749 0.442000 
-0.925000  -1.740000  750 0.442000 
-0.880000  -1.660000  751 0.442000 
-0.810000  -1.530000  752 0.442000 
-0.860000  -1.600000  753 0.442000 
-0.765000  -1.420000  754 0.442000 
-0.795000  -1.510000  755 0.442000 
-0.800000  -1.470000  756 0.442000 
-0.125000  -1.270000  757 0.442000 
-0.455000  -1.200000  758 0.442000 
-0.545000  -1.330000  759 0.442000 
-0.800000  -1.600000  760 0.442000 
-0.615000  -1.440000  761 0.442000 
-0.555000  -1.240000  762 0.442000 
-0.720000  -1.510000  763 0.442000 
-0.780000  -1.400000  764 0.442000 
-0.605000  -1.290000  765 0.442000 
-0.815000  -1.410000  766 0.442000 
-0.745000  -1.380000  767 0.442000 
-0.915000  -1.710000  768 0.442000 
-0.875000  -1.650000  769 0.442000 
-0.845000  -1.490000  770 0.442000 
-0.830000  -1.620000  771 0.442000 
-0.885000  -1.660000  772 0.442000 
-0.685000  -1.310000  773 0.442000 
-0.830000  -1.590000  774 0.442000 
-0.740000  -1.540000  775 0.442000 
-0.045000  -1.210000  776 0.442000 
-0.195000  -1.280000  777 0.442000 
-0.510000  -1.350000  778 0.442000 
-0.820000  -1.500000  779 0.442000 
-0.575000  -1.180000  780 0.442000 
-0.845000  -1.510000  781 0.442000 
-0.620000  -1.390000  782 0.442000 
0.210000  -1.200000  783 0.442000 
-0.200000  -1.240000  784 0.442000 
-0.850000  -1.600000  785 0.442000 
-0.930000  -1.760000  786 0.442000 
-0.720000  -1.430000  787 0.442000 
-0.700000  -1.360000  788 0.442000 
-0.890000  -1.640000  789 0.442000 
0.825000  -1.520000  790 0.442000 
0.180000  -1.220000  791 0.442000 
0.870000  -1.610000  792 0.442000 
0.545000  -1.400000  793 0.442000 
0.625000  -1.410000  794 0.442000 
0.765000  -1.390000  795 0.442000 
0.765000  -1.450000  796 0.442000 
0.760000  -1.450000  797 0.442000 
0.645000  -1.340000  798 0.442000 
0.790000  -1.590000  799 0.442000 
0.235000  -1.070000  800 0.442000 
0.560000  -1.350000  801 0.442000 
0.885000  -1.630000  802 0.442000 
0.785000  -1.410000  803 0.442000 
0.835000  -1.540000  804 0.442000 
0.785000  -1.440000  805 0.442000 
0.835000  -1.700000  806 0.442000 
0.155000  -1.310000  807 0.442000 
0.750000  -1.330000  808 0.442000 
0.745000  -1.430000  809 0.442000 
0.620000  -1.430000  810 0.442000 
0.830000  -1.520000  811 0.442000 
0.650000  -1.480000  812 0.442000 
0.795000  -1.500000  813 0.442000 
0.820000  -1.600000  814 0.442000 
0.870000  -1.590000  815 0.442000 
0.705000  -1.470000  816 0.442000 
0.740000  -1.340000  817 0.442000 
0.885000  -1.660000  818 0.442000 
0.640000  -1.310000  819 0.442000 
0.730000  -1.440000  820 0.442000 
0.835000  -1.500000  821 0.442000 
0.905000  -1.730000  822 0.442000 
0.290000  -1.180000  823 0.442000 
0.275000  -1.020000  824 0.442000 
0.730000  -1.490000  825 0.442000 
0.810000  -1.450000  826 0.442000 
0.660000  -1.450000  827 0.442000 
0.860000  -1.610000  828 0.442000 
0.670000  -1.320000  829 0.442000 
0.820000  -1.570000  830 0.442000 
0.645000  -1.290000  831 0.442000 
0.505000  -1.290000  832 0.442000 
0.195000  -1.140000  833 0.442000 
-0.100000  -1.270000  834 0.442000 
0.820000  -1.500000  835 0.442000 
0.735000  -1.540000  836 0.442000 
0.730000  -1.460000  837 0.442000 
0.930000  -1.750000  838 0.442000 
0.800000  -1.560000  839 0.442000 
0.905000  -1.770000  840 0.442000 
0.850000  -1.590000  841 0.442000 
0.630000  -1.440000  842 0.442000 
0.770000  -1.520000  843 0.442000 
0.810000  -1.520000  844 0.442000 
0.595000  -1.370000  845 0.442000 
0.225000  -1.210000  846 0.442000 
0.010000  -1.230000  847 0.442000 
0.620000  -1.340000  848 0.442000 
0.770000  -1.430000  849 0.442000 
0.720000  -1.340000  850 0.442000 
0.760000  -1.460000  851 0.442000 
0.825000  -1.460000  852 0.442000 
0.480000  -1.300000  853 0.442000 
-0.185000  -1.240000  854 0.442000 
-0.945000  -1.790000  855 0.442000 
-0.660000  -1.520000  856 0.442000 
-0.885000  -1.660000  857 0.442000 
-0.850000  -1.640000  858 0.442000 
-0.700000  -1.500000  859 0.442000 
-0.765000  -1.510000  860 0.442000 
-0.830000  -1.500000  861 0.442000 
-0.875000  -1.600000  862 0.442000 
-0.720000  -1.390000  863 0.442000 
-0.905000  -1.670000  864 0.442000 
-0.710000  -1.410000  865 0.442000 
-0.255000  -1.400000  866 0.442000 
-0.265000  -1.210000  867 0.442000 
-0.770000  -1.460000  868 0.442000 
-0.725000  -1.430000  869 0.442000 
-0.645000  -1.400000  870 0.442000 
-0.865000  -1.610000  871 0.442000 
-0.805000  -1.530000  872 0.442000 
-0.855000  -1.560000  873 0.442000 
-0.715000  -1.520000  874 0.442000 
-0.865000  -1.610000  875 0.442000 
-0.865000  -1.550000  876 0.442000 
-0.610000  -1.480000  877 0.442000 
-0.695000  -1.420000  878 0.442000 
-0.770000  -1.500000  879 0.442000 
-0.855000  -1.580000  880 0.442000 
-0.780000  -1.360000  881 0.442000 
-0.480000  -1.300000  882 0.442000 
-0.690000  -1.440000  883 0.442000 
-0.760000  -1.430000  884 0.442000 
-0.720000  -1.460000  885 0.442000 
-0.770000  -1.440000  886 0.442000 
-0.830000  -1.570000  887 0.442000 
-0.210000  -1.300000  888 0.442000 
-0.540000  -1.360000  889 0.442000 
-0.705000  -1.430000  890 0.442000 
-0.705000  -1.430000  891 0.442000 
-0.185000  -1.110000  892 0.442000 
0.765000  -1.430000  893 0.442000 
0.835000  -1.510000  894 0.442000 
0.745000  -1.410000  895 0.442000 
0.790000  -1.470000  896 0.442000 
0.780000  -1.430000  897 0.442000 
0.645000  -1.300000  898 0.442000 
0.820000  -1.600000  899 0.442000 
-0.255000  -1.270000  900 0.442000 
-0.040000  -1.190000  901 0.442000 
-0.920000  -1.730000  902 0.442000 
-0.770000  -1.460000  903 0.442000 
-0.735000  -1.470000  904 0.442000 
-0.750000  -1.600000  905 0.442000 
-0.830000  -1.590000  906 0.442000 
-0.745000  -1.510000  907 0.442000 
-0.650000  -1.530000  908 0.442000 
-0.865000  -1.570000  909 0.442000 
-0.875000  -1.600000  910 0.442000 
-0.670000  -1.470000  911 0.442000 
-0.390000  -1.210000  912 0.442000 
-0.900000  -1.690000  913 0.442000 
-0.800000  -1.550000  914 0.442000 
-0.790000  -1.510000  915 0.442000 
-0.820000  -1.540000  916 0.442000 
-0.395000  -1.220000  917 0.442000 
0.690000  -1.500000  918 0.442000 
0.610000  -1.430000  919 0.442000 
0.635000  -1.320000  920 0.442000 
0.830000  -1.610000  921 0.442000 
0.665000  -1.520000  922 0.442000 
0.795000  -1.610000  923 0.442000 
0.835000  -1.580000  924 0.442000 
0.800000  -1.480000  925 0.442000 
0.730000  -1.430000  926 0.442000 
0.885000  -1.700000  927 0.442000 
0.810000  -1.500000  928 0.442000 
0.845000  -1.610000  929 0.442000 
0.900000  -1.710000  930 0.442000 
0.760000  -1.480000  931 0.442000 
0.840000  -1.560000  932 0.442000 
0.635000  -1.420000  933 0.442000 
0.565000  -1.240000  934 0.442000 
0.835000  -1.540000  935 0.442000 
0.875000  -1.610000  936 0.442000 
0.830000  -1.570000  937 0.442000 
0.760000  -1.530000  938 0.442000 
0.880000  -1.640000  939 0.442000 
0.880000  -1.610000  940 0.442000 
0.795000  -1.530000  941 0.442000 
0.870000  -1.580000  942 0.442000 
0.530000  -1.420000  943 0.442000 
0.840000  -1.620000  944 0.442000 
0.710000  -1.420000  945 0.442000 
0.895000  -1.650000  946 0.442000 
0.830000  -1.530000  947 0.442000 
0.690000  -1.370000  948 0.442000 
0.555000  -1.280000  949 0.442000 
0.825000  -1.550000  950 0.442000 
0.675000  -1.250000  951 0.442000 
0.785000  -1.520000  952 0.442000 
0.775000  -1.480000  953 0.442000 
0.680000  -1.320000  954 0.442000 
0.825000  -1.630000  955 0.442000 
0.870000  -1.620000  956 0.442000 
0.585000  -1.290000  957 0.442000 
0.825000  -1.580000  958 0.442000 
0.790000  -1.460000  959 0.442000 
0.895000  -1.660000  960 0.442000 
0.795000  -1.520000  961 0.442000 
0.555000  -1.350000  962 0.442000 
0.660000  -1.460000  963 0.442000 
0.820000  -1.520000  964 0.442000 
0.835000  -1.530000  965 0.442000 
0.715000  -1.300000  966 0.442000 
0.800000  -1.500000  967 0.442000 
0.715000  -1.360000  968 0.442000 
0.670000  -1.430000  969 0.442000 
0.765000  -1.480000  970 0.442000 
0.725000  -1.430000  971 0.442000 
0.925000  -1.770000  972 0.442000 
0.705000  -1.540000  973 0.442000 
0.815000  -1.440000  974 0.442000 
0.855000  -1.610000  975 0.442000 
-0.110000  -1.190000  976 0.442000 
-0.730000  -1.430000  977 0.442000 
-0.325000  -1.330000  978 0.442000 
-0.805000  -1.530000  979 0.442000 
-0.695000  -1.460000  980 0.442000 
-0.870000  -1.650000  981 0.442000 
-0.840000  -1.570000  982 0.442000 
-0.795000  -1.440000  983 0.442000 
-0.785000  -1.440000  984 0.442000 
-0.655000  -1.380000  985 0.442000 
-0.555000  -1.330000  986 0.442000 
-0.815000  -1.500000  987 0.442000 
-0.390000  -1.280000  988 0.442000 
-0.045000  -1.350000  989 0.442000 
-0.750000  -1.450000  990 0.442000 
-0.470000  -1.300000  991 0.442000 
-0.840000  -1.470000  992 0.442000 
-0.915000  -1.690000  993 0.442000 
-0.875000  -1.590000  994 0.442000 
-0.755000  -1.580000  995 0.442000 
-0.785000  -1.370000  996 0.442000 
-0.875000  -1.650000  997 0.442000 
-0.805000  -1.460000  998 0.442000 
-0.835000  -1.550000  999 0.442000 
