-0.915000  -1.720000  0 0.470000 
-0.915000  -1.770000  1 0.470000 
-0.880000  -1.680000  2 0.470000 
-0.865000  -1.590000  3 0.470000 
-0.795000  -1.520000  4 0.470000 
-0.680000  -1.420000  5 0.470000 
-0.930000  -1.760000  6 0.470000 
-0.875000  -1.610000  7 0.470000 
-0.870000  -1.640000  8 0.470000 
-0.745000  -1.430000  9 0.470000 
-0.710000  -1.480000  10 0.470000 
-0.795000  -1.520000  11 0.470000 
-0.900000  -1.710000  12 0.470000 
-0.880000  -1.630000  13 0.470000 
-0.870000  -1.720000  14 0.470000 
-0.915000  -1.730000  15 0.470000 
-0.890000  -1.700000  16 0.470000 
-0.840000  -1.650000  17 0.470000 
-0.775000  -1.480000  18 0.470000 
-0.955000  -1.840000  19 0.470000 
-0.895000  -1.640000  20 0.470000 
-0.880000  -1.690000  21 0.470000 
-0.945000  -1.810000  22 0.470000 
-0.890000  -1.660000  23 0.470000 
-0.880000  -1.630000  24 0.470000 
-0.885000  -1.700000  25 0.470000 
-0.915000  -1.760000  26 0.470000 
-0.900000  -1.780000  27 0.470000 
-0.890000  -1.730000  28 0.470000 
-0.920000  -1.730000  29 0.470000 
-0.880000  -1.670000  30 0.470000 
-0.880000  -1.680000  31 0.470000 
-0.895000  -1.710000  32 0.470000 
-0.815000  -1.670000  33 0.470000 
-0.865000  -1.630000  34 0.470000 
-0.915000  -1.730000  35 0.470000 
-0.595000  -1.370000  36 0.470000 
-0.870000  -1.600000  37 0.470000 
-0.795000  -1.500000  38 0.470000 
-0.890000  -1.600000  39 0.470000 
-0.940000  -1.800000  40 0.470000 
-0.905000  -1.700000  41 0.470000 
-0.780000  -1.470000  42 0.470000 
-0.880000  -1.650000  43 0.470000 
-0.855000  -1.620000  44 0.470000 
-0.910000  -1.710000  45 0.470000 
-0.885000  -1.610000  46 0.470000 
-0.935000  -1.780000  47 0.470000 
-0.850000  -1.580000  48 0.470000 
-0.835000  -1.620000  49 0.470000 
-0.925000  -1.750000  50 0.470000 
-0.825000  -1.590000  51 0.470000 
-0.870000  -1.640000  52 0.470000 
-0.845000  -1.650000  53 0.470000 
-0.750000  -1.460000  54 0.470000 
-0.715000  -1.360000  55 0.470000 
-0.820000  -1.570000  56 0.470000 
-0.840000  -1.590000  57 0.470000 
-0.810000  -1.600000  58 0.470000 
-0.840000  -1.530000  59 0.470000 
-0.855000  -1.720000  60 0.470000 
-0.870000  -1.660000  61 0.470000 
-0.695000  -1.460000  62 0.470000 
-0.870000  -1.670000  63 0.470000 
-0.855000  -1.670000  64 0.470000 
-0.850000  -1.610000  65 0.470000 
-0.715000  -1.390000  66 0.470000 
-0.800000  -1.490000  67 0.470000 
-0.910000  -1.720000  68 0.470000 
-0.775000  -1.490000  69 0.470000 
-0.880000  -1.700000  70 0.470000 
-0.860000  -1.590000  71 0.470000 
-0.690000  -1.420000  72 0.470000 
-0.925000  -1.730000  73 0.470000 
-0.850000  -1.630000  74 0.470000 
-0.840000  -1.550000  75 0.470000 
-0.870000  -1.670000  76 0.470000 
-0.780000  -1.510000  77 0.470000 
-0.825000  -1.460000  78 0.470000 
-0.940000  -1.790000  79 0.470000 
-0.870000  -1.650000  80 0.470000 
-0.695000  -1.430000  81 0.470000 
-0.885000  -1.720000  82 0.470000 
-0.825000  -1.700000  83 0.470000 
-0.815000  -1.510000  84 0.470000 
-0.835000  -1.600000  85 0.470000 
-0.950000  -1.840000  86 0.470000 
-0.940000  -1.790000  87 0.470000 
-0.850000  -1.670000  88 0.470000 
-0.845000  -1.640000  89 0.470000 
-0.885000  -1.740000  90 0.470000 
-0.905000  -1.700000  91 0.470000 
-0.685000  -1.530000  92 0.470000 
-0.870000  -1.590000  93 0.470000 
-0.835000  -1.530000  94 0.470000 
-0.955000  -1.850000  95 0.470000 
-0.855000  -1.610000  96 0.470000 
-0.925000  -1.710000  97 0.470000 
-0.440000  -1.270000  98 0.470000 
-0.720000  -1.430000  99 0.470000 
-0.950000  -1.810000  100 0.470000 
-0.840000  -1.630000  101 0.470000 
-0.885000  -1.670000  102 0.470000 
-0.850000  -1.640000  103 0.470000 
-0.800000  -1.540000  104 0.470000 
-0.905000  -1.710000  105 0.470000 
-0.890000  -1.660000  106 0.470000 
-0.940000  -1.790000  107 0.470000 
-0.865000  -1.660000  108 0.470000 
-0.910000  -1.700000  109 0.470000 
-0.915000  -1.730000  110 0.470000 
-0.885000  -1.610000  111 0.470000 
-0.840000  -1.590000  112 0.470000 
-0.800000  -1.610000  113 0.470000 
-0.830000  -1.620000  114 0.470000 
-0.945000  -1.810000  115 0.470000 
-0.915000  -1.720000  116 0.470000 
-0.890000  -1.710000  117 0.470000 
-0.770000  -1.570000  118 0.470000 
-0.835000  -1.570000  119 0.470000 
-0.895000  -1.740000  120 0.470000 
-0.875000  -1.600000  121 0.470000 
-0.925000  -1.730000  122 0.470000 
-0.950000  -1.830000  123 0.470000 
-0.895000  -1.730000  124 0.470000 
-0.835000  -1.500000  125 0.470000 
-0.850000  -1.640000  126 0.470000 
-0.885000  -1.670000  127 0.470000 
-0.905000  -1.700000  128 0.470000 
-0.935000  -1.770000  129 0.470000 
-0.825000  -1.510000  130 0.470000 
-0.765000  -1.530000  131 0.470000 
-0.580000  -1.430000  132 0.470000 
-0.840000  -1.560000  133 0.470000 
-0.875000  -1.630000  134 0.470000 
-0.855000  -1.610000  135 0.470000 
-0.910000  -1.690000  136 0.470000 
-0.700000  -1.430000  137 0.470000 
-0.920000  -1.720000  138 0.470000 
0.385000  -1.180000  139 0.470000 
0.930000  -1.740000  140 0.470000 
0.880000  -1.670000  141 0.470000 
0.910000  -1.740000  142 0.470000 
0.900000  -1.640000  143 0.470000 
0.855000  -1.660000  144 0.470000 
0.810000  -1.470000  145 0.470000 
0.895000  -1.720000  146 0.470000 
0.975000  -1.910000  147 0.470000 
0.835000  -1.520000  148 0.470000 
0.870000  -1.690000  149 0.470000 
0.885000  -1.700000  150 0.470000 
0.870000  -1.630000  151 0.470000 
0.920000  -1.760000  152 0.470000 
0.945000  -1.800000  153 0.470000 
0.725000  -1.400000  154 0.470000 
0.835000  -1.510000  155 0.470000 
0.885000  -1.690000  156 0.470000 
0.910000  -1.720000  157 0.470000 
0.930000  -1.760000  158 0.470000 
0.785000  -1.560000  159 0.470000 
0.865000  -1.720000  160 0.470000 
0.900000  -1.730000  161 0.470000 
0.850000  -1.580000  162 0.470000 
0.705000  -1.450000  163 0.470000 
0.880000  -1.670000  164 0.470000 
0.930000  -1.750000  165 0.470000 
0.850000  -1.570000  166 0.470000 
0.890000  -1.680000  167 0.470000 
0.860000  -1.630000  168 0.470000 
0.920000  -1.760000  169 0.470000 
0.890000  -1.650000  170 0.470000 
0.925000  -1.730000  171 0.470000 
0.830000  -1.590000  172 0.470000 
0.890000  -1.650000  173 0.470000 
0.940000  -1.810000  174 0.470000 
0.880000  -1.600000  175 0.470000 
0.905000  -1.720000  176 0.470000 
0.810000  -1.590000  177 0.470000 
0.875000  -1.640000  178 0.470000 
0.950000  -1.820000  179 0.470000 
0.735000  -1.540000  180 0.470000 
0.925000  -1.760000  181 0.470000 
0.690000  -1.500000  182 0.470000 
0.910000  -1.720000  183 0.470000 
0.900000  -1.690000  184 0.470000 
0.910000  -1.700000  185 0.470000 
0.750000  -1.330000  186 0.470000 
0.880000  -1.630000  187 0.470000 
0.870000  -1.620000  188 0.470000 
0.805000  -1.580000  189 0.470000 
0.880000  -1.600000  190 0.470000 
0.755000  -1.600000  191 0.470000 
0.795000  -1.520000  192 0.470000 
0.960000  -1.840000  193 0.470000 
0.850000  -1.640000  194 0.470000 
0.875000  -1.590000  195 0.470000 
0.795000  -1.520000  196 0.470000 
0.945000  -1.790000  197 0.470000 
0.945000  -1.820000  198 0.470000 
0.915000  -1.720000  199 0.470000 
0.900000  -1.710000  200 0.470000 
0.835000  -1.560000  201 0.470000 
0.750000  -1.480000  202 0.470000 
0.850000  -1.670000  203 0.470000 
0.885000  -1.650000  204 0.470000 
0.905000  -1.710000  205 0.470000 
0.830000  -1.590000  206 0.470000 
0.930000  -1.740000  207 0.470000 
0.940000  -1.790000  208 0.470000 
0.675000  -1.550000  209 0.470000 
0.870000  -1.650000  210 0.470000 
0.855000  -1.580000  211 0.470000 
0.825000  -1.590000  212 0.470000 
0.870000  -1.610000  213 0.470000 
0.965000  -1.860000  214 0.470000 
0.860000  -1.710000  215 0.470000 
0.645000  -1.500000  216 0.470000 
0.850000  -1.690000  217 0.470000 
0.740000  -1.520000  218 0.470000 
0.875000  -1.700000  219 0.470000 
0.780000  -1.610000  220 0.470000 
0.870000  -1.640000  221 0.470000 
0.920000  -1.710000  222 0.470000 
0.850000  -1.630000  223 0.470000 
0.900000  -1.720000  224 0.470000 
0.900000  -1.720000  225 0.470000 
0.880000  -1.660000  226 0.470000 
0.890000  -1.640000  227 0.470000 
0.855000  -1.610000  228 0.470000 
0.930000  -1.760000  229 0.470000 
0.735000  -1.500000  230 0.470000 
0.880000  -1.640000  231 0.470000 
0.730000  -1.510000  232 0.470000 
0.810000  -1.570000  233 0.470000 
0.915000  -1.700000  234 0.470000 
0.905000  -1.690000  235 0.470000 
0.925000  -1.760000  236 0.470000 
0.880000  -1.640000  237 0.470000 
0.855000  -1.630000  238 0.470000 
0.865000  -1.670000  239 0.470000 
0.830000  -1.510000  240 0.470000 
0.815000  -1.440000  241 0.470000 
0.910000  -1.710000  242 0.470000 
0.950000  -1.810000  243 0.470000 
0.875000  -1.640000  244 0.470000 
0.915000  -1.730000  245 0.470000 
0.895000  -1.790000  246 0.470000 
0.910000  -1.690000  247 0.470000 
0.915000  -1.740000  248 0.470000 
0.840000  -1.670000  249 0.470000 
0.950000  -1.820000  250 0.470000 
0.900000  -1.680000  251 0.470000 
0.885000  -1.660000  252 0.470000 
0.890000  -1.690000  253 0.470000 
0.860000  -1.730000  254 0.470000 
0.890000  -1.670000  255 0.470000 
0.890000  -1.660000  256 0.470000 
0.795000  -1.500000  257 0.470000 
0.925000  -1.760000  258 0.470000 
0.850000  -1.690000  259 0.470000 
0.920000  -1.730000  260 0.470000 
0.805000  -1.480000  261 0.470000 
0.840000  -1.550000  262 0.470000 
0.835000  -1.560000  263 0.470000 
0.860000  -1.620000  264 0.470000 
0.935000  -1.810000  265 0.470000 
0.815000  -1.570000  266 0.470000 
0.840000  -1.520000  267 0.470000 
0.920000  -1.730000  268 0.470000 
0.870000  -1.650000  269 0.470000 
0.905000  -1.700000  270 0.470000 
0.895000  -1.710000  271 0.470000 
0.780000  -1.370000  272 0.470000 
0.965000  -1.870000  273 0.470000 
0.815000  -1.540000  274 0.470000 
0.885000  -1.710000  275 0.470000 
0.875000  -1.640000  276 0.470000 
0.850000  -1.560000  277 0.470000 
0.885000  -1.670000  278 0.470000 
0.830000  -1.550000  279 0.470000 
0.855000  -1.570000  280 0.470000 
0.880000  -1.630000  281 0.470000 
0.870000  -1.680000  282 0.470000 
0.870000  -1.620000  283 0.470000 
0.880000  -1.650000  284 0.470000 
0.920000  -1.780000  285 0.470000 
0.885000  -1.670000  286 0.470000 
0.810000  -1.560000  287 0.470000 
0.860000  -1.620000  288 0.470000 
0.900000  -1.650000  289 0.470000 
0.765000  -1.490000  290 0.470000 
0.805000  -1.610000  291 0.470000 
0.875000  -1.660000  292 0.470000 
0.835000  -1.540000  293 0.470000 
0.815000  -1.520000  294 0.470000 
0.930000  -1.760000  295 0.470000 
0.640000  -1.570000  296 0.470000 
0.805000  -1.530000  297 0.470000 
0.830000  -1.640000  298 0.470000 
0.875000  -1.630000  299 0.470000 
0.735000  -1.390000  300 0.470000 
0.820000  -1.670000  301 0.470000 
0.805000  -1.610000  302 0.470000 
0.900000  -1.730000  303 0.470000 
0.920000  -1.710000  304 0.470000 
0.910000  -1.730000  305 0.470000 
0.880000  -1.660000  306 0.470000 
0.830000  -1.610000  307 0.470000 
0.930000  -1.790000  308 0.470000 
0.900000  -1.660000  309 0.470000 
0.845000  -1.640000  310 0.470000 
0.880000  -1.660000  311 0.470000 
0.835000  -1.700000  312 0.470000 
0.845000  -1.590000  313 0.470000 
0.945000  -1.820000  314 0.470000 
0.910000  -1.720000  315 0.470000 
0.915000  -1.690000  316 0.470000 
0.800000  -1.510000  317 0.470000 
0.845000  -1.560000  318 0.470000 
0.835000  -1.560000  319 0.470000 
0.875000  -1.600000  320 0.470000 
0.910000  -1.760000  321 0.470000 
0.800000  -1.540000  322 0.470000 
0.825000  -1.580000  323 0.470000 
0.925000  -1.730000  324 0.470000 
0.965000  -1.880000  325 0.470000 
0.725000  -1.390000  326 0.470000 
0.795000  -1.570000  327 0.470000 
0.900000  -1.750000  328 0.470000 
0.815000  -1.570000  329 0.470000 
0.835000  -1.580000  330 0.470000 
0.855000  -1.610000  331 0.470000 
0.855000  -1.630000  332 0.470000 
0.910000  -1.740000  333 0.470000 
0.855000  -1.630000  334 0.470000 
0.910000  -1.690000  335 0.470000 
0.910000  -1.690000  336 0.470000 
0.895000  -1.700000  337 0.470000 
0.925000  -1.780000  338 0.470000 
0.910000  -1.700000  339 0.470000 
0.895000  -1.720000  340 0.470000 
0.855000  -1.700000  341 0.470000 
0.870000  -1.640000  342 0.470000 
0.910000  -1.750000  343 0.470000 
0.875000  -1.640000  344 0.470000 
0.930000  -1.770000  345 0.470000 
0.830000  -1.530000  346 0.470000 
0.945000  -1.800000  347 0.470000 
0.895000  -1.650000  348 0.470000 
0.775000  -1.490000  349 0.470000 
0.750000  -1.390000  350 0.470000 
0.925000  -1.780000  351 0.470000 
0.860000  -1.550000  352 0.470000 
0.860000  -1.600000  353 0.470000 
0.830000  -1.480000  354 0.470000 
0.925000  -1.790000  355 0.470000 
0.910000  -1.690000  356 0.470000 
0.870000  -1.600000  357 0.470000 
0.890000  -1.620000  358 0.470000 
0.710000  -1.560000  359 0.470000 
0.855000  -1.700000  360 0.470000 
0.825000  -1.590000  361 0.470000 
0.900000  -1.690000  362 0.470000 
0.890000  -1.650000  363 0.470000 
0.855000  -1.590000  364 0.470000 
0.840000  -1.550000  365 0.470000 
0.700000  -1.440000  366 0.470000 
0.870000  -1.660000  367 0.470000 
0.870000  -1.640000  368 0.470000 
0.895000  -1.670000  369 0.470000 
0.855000  -1.600000  370 0.470000 
0.820000  -1.640000  371 0.470000 
0.815000  -1.620000  372 0.470000 
0.965000  -1.880000  373 0.470000 
0.880000  -1.650000  374 0.470000 
0.855000  -1.600000  375 0.470000 
0.765000  -1.530000  376 0.470000 
0.905000  -1.670000  377 0.470000 
0.875000  -1.630000  378 0.470000 
0.895000  -1.700000  379 0.470000 
0.835000  -1.600000  380 0.470000 
0.875000  -1.670000  381 0.470000 
0.860000  -1.570000  382 0.470000 
0.745000  -1.470000  383 0.470000 
0.905000  -1.690000  384 0.470000 
0.910000  -1.710000  385 0.470000 
0.835000  -1.570000  386 0.470000 
0.905000  -1.680000  387 0.470000 
0.710000  -1.520000  388 0.470000 
0.860000  -1.720000  389 0.470000 
0.925000  -1.740000  390 0.470000 
0.955000  -1.830000  391 0.470000 
0.875000  -1.610000  392 0.470000 
0.805000  -1.500000  393 0.470000 
0.855000  -1.640000  394 0.470000 
0.920000  -1.750000  395 0.470000 
0.880000  -1.630000  396 0.470000 
0.850000  -1.560000  397 0.470000 
0.795000  -1.400000  398 0.470000 
0.605000  -1.470000  399 0.470000 
0.860000  -1.620000  400 0.470000 
0.860000  -1.630000  401 0.470000 
0.795000  -1.480000  402 0.470000 
0.860000  -1.650000  403 0.470000 
0.915000  -1.700000  404 0.470000 
0.890000  -1.660000  405 0.470000 
0.800000  -1.500000  406 0.470000 
0.690000  -1.410000  407 0.470000 
0.910000  -1.750000  408 0.470000 
0.805000  -1.590000  409 0.470000 
0.850000  -1.640000  410 0.470000 
0.930000  -1.780000  411 0.470000 
0.885000  -1.680000  412 0.470000 
0.940000  -1.800000  413 0.470000 
0.810000  -1.500000  414 0.470000 
0.840000  -1.700000  415 0.470000 
0.810000  -1.480000  416 0.470000 
0.850000  -1.630000  417 0.470000 
0.790000  -1.470000  418 0.470000 
0.900000  -1.630000  419 0.470000 
0.865000  -1.670000  420 0.470000 
0.810000  -1.500000  421 0.470000 
0.860000  -1.640000  422 0.470000 
0.905000  -1.680000  423 0.470000 
0.860000  -1.660000  424 0.470000 
0.845000  -1.510000  425 0.470000 
0.825000  -1.550000  426 0.470000 
0.885000  -1.700000  427 0.470000 
0.700000  -1.470000  428 0.470000 
0.895000  -1.650000  429 0.470000 
0.880000  -1.670000  430 0.470000 
0.925000  -1.750000  431 0.470000 
0.740000  -1.460000  432 0.470000 
0.895000  -1.690000  433 0.470000 
0.790000  -1.590000  434 0.470000 
0.925000  -1.720000  435 0.470000 
0.900000  -1.700000  436 0.470000 
0.870000  -1.610000  437 0.470000 
0.920000  -1.730000  438 0.470000 
0.920000  -1.720000  439 0.470000 
0.870000  -1.600000  440 0.470000 
0.910000  -1.720000  441 0.470000 
0.815000  -1.660000  442 0.470000 
0.765000  -1.530000  443 0.470000 
0.895000  -1.640000  444 0.470000 
0.900000  -1.700000  445 0.470000 
0.895000  -1.690000  446 0.470000 
0.845000  -1.610000  447 0.470000 
0.865000  -1.560000  448 0.470000 
0.880000  -1.650000  449 0.470000 
0.905000  -1.710000  450 0.470000 
0.830000  -1.580000  451 0.470000 
0.825000  -1.580000  452 0.470000 
0.870000  -1.740000  453 0.470000 
0.910000  -1.710000  454 0.470000 
0.890000  -1.640000  455 0.470000 
0.830000  -1.650000  456 0.470000 
0.930000  -1.770000  457 0.470000 
0.830000  -1.610000  458 0.470000 
0.855000  -1.640000  459 0.470000 
0.730000  -1.420000  460 0.470000 
0.940000  -1.780000  461 0.470000 
0.940000  -1.780000  462 0.470000 
0.805000  -1.500000  463 0.470000 
0.950000  -1.840000  464 0.470000 
0.865000  -1.630000  465 0.470000 
0.915000  -1.750000  466 0.470000 
0.865000  -1.600000  467 0.470000 
0.775000  -1.540000  468 0.470000 
0.815000  -1.560000  469 0.470000 
0.865000  -1.760000  470 0.470000 
0.760000  -1.420000  471 0.470000 
0.935000  -1.760000  472 0.470000 
0.765000  -1.580000  473 0.470000 
0.895000  -1.660000  474 0.470000 
0.910000  -1.720000  475 0.470000 
0.900000  -1.680000  476 0.470000 
0.870000  -1.580000  477 0.470000 
0.935000  -1.780000  478 0.470000 
0.860000  -1.620000  479 0.470000 
0.900000  -1.700000  480 0.470000 
0.900000  -1.690000  481 0.470000 
0.830000  -1.570000  482 0.470000 
0.855000  -1.610000  483 0.470000 
0.940000  -1.780000  484 0.470000 
0.860000  -1.580000  485 0.470000 
0.730000  -1.490000  486 0.470000 
0.910000  -1.710000  487 0.470000 
0.870000  -1.620000  488 0.470000 
0.825000  -1.530000  489 0.470000 
0.875000  -1.630000  490 0.470000 
0.940000  -1.770000  491 0.470000 
0.880000  -1.730000  492 0.470000 
0.890000  -1.740000  493 0.470000 
0.890000  -1.710000  494 0.470000 
0.885000  -1.670000  495 0.470000 
0.940000  -1.810000  496 0.470000 
0.895000  -1.710000  497 0.470000 
0.875000  -1.620000  498 0.470000 
0.715000  -1.500000  499 0.470000 
0.935000  -1.770000  500 0.470000 
0.780000  -1.450000  501 0.470000 
0.865000  -1.600000  502 0.470000 
0.880000  -1.630000  503 0.470000 
0.875000  -1.590000  504 0.470000 
0.725000  -1.440000  505 0.470000 
0.620000  -1.320000  506 0.470000 
0.855000  -1.610000  507 0.470000 
0.880000  -1.610000  508 0.470000 
0.870000  -1.640000  509 0.470000 
0.940000  -1.810000  510 0.470000 
0.845000  -1.550000  511 0.470000 
0.925000  -1.760000  512 0.470000 
0.905000  -1.760000  513 0.470000 
0.895000  -1.620000  514 0.470000 
0.910000  -1.690000  515 0.470000 
0.770000  -1.510000  516 0.470000 
0.855000  -1.670000  517 0.470000 
0.715000  -1.420000  518 0.470000 
0.915000  -1.700000  519 0.470000 
0.955000  -1.860000  520 0.470000 
0.935000  -1.790000  521 0.470000 
0.825000  -1.620000  522 0.470000 
0.905000  -1.740000  523 0.470000 
0.910000  -1.780000  524 0.470000 
0.800000  -1.590000  525 0.470000 
0.920000  -1.720000  526 0.470000 
0.920000  -1.760000  527 0.470000 
0.955000  -1.840000  528 0.470000 
0.740000  -1.530000  529 0.470000 
0.955000  -1.840000  530 0.470000 
0.935000  -1.770000  531 0.470000 
0.755000  -1.420000  532 0.470000 
0.845000  -1.570000  533 0.470000 
0.830000  -1.670000  534 0.470000 
0.770000  -1.540000  535 0.470000 
0.935000  -1.780000  536 0.470000 
0.895000  -1.680000  537 0.470000 
0.845000  -1.680000  538 0.470000 
0.935000  -1.770000  539 0.470000 
0.705000  -1.390000  540 0.470000 
0.945000  -1.850000  541 0.470000 
0.815000  -1.570000  542 0.470000 
0.825000  -1.620000  543 0.470000 
0.795000  -1.540000  544 0.470000 
0.880000  -1.630000  545 0.470000 
0.665000  -1.410000  546 0.470000 
0.960000  -1.860000  547 0.470000 
0.765000  -1.420000  548 0.470000 
0.860000  -1.660000  549 0.470000 
0.870000  -1.610000  550 0.470000 
0.840000  -1.540000  551 0.470000 
0.875000  -1.680000  552 0.470000 
0.845000  -1.590000  553 0.470000 
0.835000  -1.580000  554 0.470000 
0.805000  -1.560000  555 0.470000 
0.900000  -1.740000  556 0.470000 
0.880000  -1.710000  557 0.470000 
0.895000  -1.650000  558 0.470000 
0.700000  -1.490000  559 0.470000 
0.905000  -1.710000  560 0.470000 
0.730000  -1.510000  561 0.470000 
0.820000  -1.630000  562 0.470000 
0.935000  -1.760000  563 0.470000 
0.805000  -1.560000  564 0.470000 
0.800000  -1.600000  565 0.470000 
0.865000  -1.650000  566 0.470000 
0.850000  -1.650000  567 0.470000 
0.885000  -1.660000  568 0.470000 
0.815000  -1.550000  569 0.470000 
0.895000  -1.650000  570 0.470000 
0.880000  -1.650000  571 0.470000 
0.945000  -1.800000  572 0.470000 
0.845000  -1.630000  573 0.470000 
0.815000  -1.580000  574 0.470000 
0.905000  -1.700000  575 0.470000 
0.710000  -1.610000  576 0.470000 
0.580000  -1.480000  577 0.470000 
0.840000  -1.580000  578 0.470000 
0.900000  -1.680000  579 0.470000 
0.845000  -1.560000  580 0.470000 
0.855000  -1.580000  581 0.470000 
0.765000  -1.540000  582 0.470000 
0.895000  -1.720000  583 0.470000 
0.905000  -1.700000  584 0.470000 
0.850000  -1.630000  585 0.470000 
0.900000  -1.680000  586 0.470000 
0.810000  -1.560000  587 0.470000 
0.930000  -1.750000  588 0.470000 
0.900000  -1.700000  589 0.470000 
0.885000  -1.730000  590 0.470000 
0.870000  -1.700000  591 0.470000 
0.800000  -1.470000  592 0.470000 
0.935000  -1.760000  593 0.470000 
0.845000  -1.530000  594 0.470000 
0.900000  -1.720000  595 0.470000 
0.915000  -1.730000  596 0.470000 
0.890000  -1.690000  597 0.470000 
0.835000  -1.490000  598 0.470000 
0.910000  -1.720000  599 0.470000 
0.855000  -1.540000  600 0.470000 
0.680000  -1.450000  601 0.470000 
0.795000  -1.620000  602 0.470000 
0.890000  -1.650000  603 0.470000 
0.945000  -1.790000  604 0.470000 
0.860000  -1.560000  605 0.470000 
0.825000  -1.520000  606 0.470000 
0.905000  -1.730000  607 0.470000 
0.875000  -1.600000  608 0.470000 
0.875000  -1.680000  609 0.470000 
0.810000  -1.520000  610 0.470000 
0.855000  -1.600000  611 0.470000 
0.895000  -1.670000  612 0.470000 
0.940000  -1.840000  613 0.470000 
0.840000  -1.650000  614 0.470000 
0.870000  -1.620000  615 0.470000 
0.895000  -1.690000  616 0.470000 
0.945000  -1.800000  617 0.470000 
0.795000  -1.720000  618 0.470000 
0.880000  -1.730000  619 0.470000 
0.870000  -1.640000  620 0.470000 
0.785000  -1.500000  621 0.470000 
0.935000  -1.780000  622 0.470000 
0.750000  -1.410000  623 0.470000 
0.915000  -1.700000  624 0.470000 
0.890000  -1.660000  625 0.470000 
0.950000  -1.850000  626 0.470000 
0.805000  -1.450000  627 0.470000 
0.940000  -1.790000  628 0.470000 
0.825000  -1.500000  629 0.470000 
0.940000  -1.780000  630 0.470000 
0.915000  -1.690000  631 0.470000 
0.880000  -1.640000  632 0.470000 
0.905000  -1.730000  633 0.470000 
0.880000  -1.580000  634 0.470000 
0.915000  -1.710000  635 0.470000 
0.875000  -1.620000  636 0.470000 
0.810000  -1.570000  637 0.470000 
0.755000  -1.690000  638 0.470000 
0.865000  -1.580000  639 0.470000 
0.830000  -1.640000  640 0.470000 
0.940000  -1.790000  641 0.470000 
0.865000  -1.600000  642 0.470000 
0.830000  -1.640000  643 0.470000 
0.910000  -1.720000  644 0.470000 
0.740000  -1.480000  645 0.470000 
0.850000  -1.660000  646 0.470000 
0.875000  -1.620000  647 0.470000 
0.920000  -1.760000  648 0.470000 
0.280000  -1.290000  649 0.470000 
0.875000  -1.710000  650 0.470000 
0.925000  -1.740000  651 0.470000 
0.890000  -1.640000  652 0.470000 
0.680000  -1.480000  653 0.470000 
0.845000  -1.500000  654 0.470000 
0.855000  -1.630000  655 0.470000 
0.720000  -1.510000  656 0.470000 
0.920000  -1.810000  657 0.470000 
0.900000  -1.680000  658 0.470000 
0.920000  -1.720000  659 0.470000 
0.945000  -1.840000  660 0.470000 
0.815000  -1.620000  661 0.470000 
0.780000  -1.470000  662 0.470000 
0.745000  -1.420000  663 0.470000 
0.915000  -1.730000  664 0.470000 
0.730000  -1.470000  665 0.470000 
0.815000  -1.610000  666 0.470000 
0.920000  -1.750000  667 0.470000 
0.875000  -1.610000  668 0.470000 
0.910000  -1.790000  669 0.470000 
0.935000  -1.780000  670 0.470000 
0.920000  -1.760000  671 0.470000 
0.895000  -1.730000  672 0.470000 
0.910000  -1.740000  673 0.470000 
0.920000  -1.770000  674 0.470000 
0.920000  -1.770000  675 0.470000 
0.875000  -1.650000  676 0.470000 
0.855000  -1.640000  677 0.470000 
0.910000  -1.740000  678 0.470000 
0.910000  -1.720000  679 0.470000 
0.890000  -1.690000  680 0.470000 
0.930000  -1.780000  681 0.470000 
0.930000  -1.800000  682 0.470000 
0.825000  -1.480000  683 0.470000 
0.915000  -1.740000  684 0.470000 
0.930000  -1.750000  685 0.470000 
0.915000  -1.710000  686 0.470000 
0.885000  -1.660000  687 0.470000 
0.820000  -1.530000  688 0.470000 
0.790000  -1.490000  689 0.470000 
0.965000  -1.860000  690 0.470000 
0.915000  -1.750000  691 0.470000 
0.880000  -1.700000  692 0.470000 
0.930000  -1.790000  693 0.470000 
0.765000  -1.530000  694 0.470000 
0.875000  -1.650000  695 0.470000 
0.785000  -1.500000  696 0.470000 
0.850000  -1.620000  697 0.470000 
0.885000  -1.600000  698 0.470000 
0.780000  -1.440000  699 0.470000 
0.830000  -1.550000  700 0.470000 
0.775000  -1.580000  701 0.470000 
0.930000  -1.760000  702 0.470000 
0.850000  -1.520000  703 0.470000 
0.875000  -1.680000  704 0.470000 
0.885000  -1.620000  705 0.470000 
0.925000  -1.730000  706 0.470000 
0.895000  -1.700000  707 0.470000 
0.730000  -1.570000  708 0.470000 
0.825000  -1.530000  709 0.470000 
0.925000  -1.750000  710 0.470000 
0.900000  -1.730000  711 0.470000 
0.825000  -1.670000  712 0.470000 
0.270000  -1.340000  713 0.470000 
0.850000  -1.580000  714 0.470000 
0.895000  -1.710000  715 0.470000 
0.870000  -1.590000  716 0.470000 
0.740000  -1.600000  717 0.470000 
0.935000  -1.770000  718 0.470000 
0.910000  -1.690000  719 0.470000 
0.800000  -1.700000  720 0.470000 
0.905000  -1.660000  721 0.470000 
0.810000  -1.560000  722 0.470000 
0.740000  -1.550000  723 0.470000 
0.925000  -1.770000  724 0.470000 
0.890000  -1.640000  725 0.470000 
0.910000  -1.710000  726 0.470000 
0.895000  -1.650000  727 0.470000 
0.800000  -1.650000  728 0.470000 
0.900000  -1.770000  729 0.470000 
0.900000  -1.710000  730 0.470000 
0.870000  -1.650000  731 0.470000 
0.755000  -1.460000  732 0.470000 
0.680000  -1.380000  733 0.470000 
0.875000  -1.700000  734 0.470000 
0.850000  -1.600000  735 0.470000 
0.905000  -1.690000  736 0.470000 
0.855000  -1.660000  737 0.470000 
0.890000  -1.630000  738 0.470000 
0.925000  -1.740000  739 0.470000 
0.885000  -1.690000  740 0.470000 
0.885000  -1.680000  741 0.470000 
0.865000  -1.590000  742 0.470000 
0.835000  -1.540000  743 0.470000 
0.885000  -1.630000  744 0.470000 
0.790000  -1.560000  745 0.470000 
0.860000  -1.630000  746 0.470000 
0.870000  -1.570000  747 0.470000 
0.885000  -1.670000  748 0.470000 
0.890000  -1.710000  749 0.470000 
0.930000  -1.780000  750 0.470000 
0.820000  -1.510000  751 0.470000 
0.840000  -1.600000  752 0.470000 
0.955000  -1.830000  753 0.470000 
0.845000  -1.560000  754 0.470000 
0.905000  -1.670000  755 0.470000 
0.825000  -1.620000  756 0.470000 
0.680000  -1.490000  757 0.470000 
0.880000  -1.670000  758 0.470000 
0.820000  -1.520000  759 0.470000 
0.930000  -1.790000  760 0.470000 
0.905000  -1.730000  761 0.470000 
0.820000  -1.590000  762 0.470000 
0.930000  -1.750000  763 0.470000 
0.900000  -1.750000  764 0.470000 
0.960000  -1.860000  765 0.470000 
0.810000  -1.530000  766 0.470000 
0.920000  -1.740000  767 0.470000 
0.855000  -1.650000  768 0.470000 
0.940000  -1.800000  769 0.470000 
0.895000  -1.650000  770 0.470000 
0.930000  -1.740000  771 0.470000 
0.815000  -1.480000  772 0.470000 
0.840000  -1.660000  773 0.470000 
0.845000  -1.650000  774 0.470000 
0.890000  -1.640000  775 0.470000 
0.835000  -1.500000  776 0.470000 
0.935000  -1.760000  777 0.470000 
0.845000  -1.570000  778 0.470000 
0.685000  -1.530000  779 0.470000 
0.950000  -1.820000  780 0.470000 
0.930000  -1.730000  781 0.470000 
0.875000  -1.590000  782 0.470000 
0.800000  -1.560000  783 0.470000 
0.895000  -1.680000  784 0.470000 
0.765000  -1.400000  785 0.470000 
0.875000  -1.680000  786 0.470000 
0.865000  -1.680000  787 0.470000 
0.905000  -1.700000  788 0.470000 
0.765000  -1.500000  789 0.470000 
0.915000  -1.730000  790 0.470000 
0.765000  -1.550000  791 0.470000 
0.815000  -1.550000  792 0.470000 
0.785000  -1.400000  793 0.470000 
0.850000  -1.600000  794 0.470000 
0.840000  -1.500000  795 0.470000 
0.905000  -1.700000  796 0.470000 
0.910000  -1.780000  797 0.470000 
0.735000  -1.520000  798 0.470000 
0.935000  -1.770000  799 0.470000 
0.835000  -1.570000  800 0.470000 
0.895000  -1.660000  801 0.470000 
0.905000  -1.690000  802 0.470000 
0.805000  -1.480000  803 0.470000 
0.920000  -1.780000  804 0.470000 
0.915000  -1.750000  805 0.470000 
0.885000  -1.750000  806 0.470000 
0.835000  -1.660000  807 0.470000 
0.810000  -1.490000  808 0.470000 
0.795000  -1.610000  809 0.470000 
0.905000  -1.740000  810 0.470000 
0.890000  -1.640000  811 0.470000 
0.930000  -1.790000  812 0.470000 
0.800000  -1.490000  813 0.470000 
0.880000  -1.640000  814 0.470000 
0.885000  -1.650000  815 0.470000 
0.860000  -1.600000  816 0.470000 
0.880000  -1.580000  817 0.470000 
0.855000  -1.600000  818 0.470000 
0.885000  -1.690000  819 0.470000 
0.775000  -1.360000  820 0.470000 
0.810000  -1.550000  821 0.470000 
0.905000  -1.690000  822 0.470000 
0.810000  -1.620000  823 0.470000 
0.910000  -1.730000  824 0.470000 
0.785000  -1.550000  825 0.470000 
0.880000  -1.620000  826 0.470000 
0.915000  -1.720000  827 0.470000 
0.810000  -1.610000  828 0.470000 
0.870000  -1.620000  829 0.470000 
0.885000  -1.670000  830 0.470000 
0.900000  -1.720000  831 0.470000 
0.950000  -1.830000  832 0.470000 
0.925000  -1.760000  833 0.470000 
0.935000  -1.790000  834 0.470000 
0.830000  -1.520000  835 0.470000 
0.955000  -1.840000  836 0.470000 
0.915000  -1.720000  837 0.470000 
0.890000  -1.670000  838 0.470000 
0.780000  -1.630000  839 0.470000 
0.870000  -1.730000  840 0.470000 
0.775000  -1.440000  841 0.470000 
0.845000  -1.660000  842 0.470000 
0.825000  -1.590000  843 0.470000 
0.850000  -1.590000  844 0.470000 
0.830000  -1.620000  845 0.470000 
0.870000  -1.600000  846 0.470000 
0.915000  -1.700000  847 0.470000 
0.850000  -1.560000  848 0.470000 
0.840000  -1.540000  849 0.470000 
0.865000  -1.600000  850 0.470000 
0.760000  -1.470000  851 0.470000 
0.855000  -1.580000  852 0.470000 
0.850000  -1.550000  853 0.470000 
0.915000  -1.760000  854 0.470000 
0.890000  -1.690000  855 0.470000 
0.925000  -1.750000  856 0.470000 
0.910000  -1.750000  857 0.470000 
0.835000  -1.580000  858 0.470000 
0.920000  -1.710000  859 0.470000 
0.850000  -1.520000  860 0.470000 
0.905000  -1.680000  861 0.470000 
0.910000  -1.690000  862 0.470000 
0.875000  -1.600000  863 0.470000 
0.900000  -1.680000  864 0.470000 
0.800000  -1.450000  865 0.470000 
0.845000  -1.580000  866 0.470000 
0.875000  -1.700000  867 0.470000 
0.820000  -1.620000  868 0.470000 
0.895000  -1.690000  869 0.470000 
0.860000  -1.590000  870 0.470000 
0.950000  -1.830000  871 0.470000 
0.695000  -1.490000  872 0.470000 
0.945000  -1.810000  873 0.470000 
0.880000  -1.650000  874 0.470000 
0.900000  -1.700000  875 0.470000 
0.890000  -1.720000  876 0.470000 
0.835000  -1.590000  877 0.470000 
0.880000  -1.650000  878 0.470000 
0.910000  -1.700000  879 0.470000 
0.885000  -1.670000  880 0.470000 
0.880000  -1.620000  881 0.470000 
0.820000  -1.500000  882 0.470000 
0.645000  -1.380000  883 0.470000 
0.820000  -1.490000  884 0.470000 
0.905000  -1.710000  885 0.470000 
0.910000  -1.690000  886 0.470000 
0.870000  -1.620000  887 0.470000 
0.845000  -1.580000  888 0.470000 
0.820000  -1.510000  889 0.470000 
0.635000  -1.480000  890 0.470000 
0.900000  -1.700000  891 0.470000 
0.740000  -1.520000  892 0.470000 
0.860000  -1.580000  893 0.470000 
0.930000  -1.760000  894 0.470000 
0.840000  -1.540000  895 0.470000 
0.765000  -1.480000  896 0.470000 
0.860000  -1.630000  897 0.470000 
0.915000  -1.710000  898 0.470000 
0.900000  -1.690000  899 0.470000 
0.930000  -1.760000  900 0.470000 
0.815000  -1.500000  901 0.470000 
0.910000  -1.680000  902 0.470000 
0.690000  -1.500000  903 0.470000 
0.180000  -1.290000  904 0.470000 
-0.085000  -1.390000  905 0.470000 
-0.860000  -1.560000  906 0.470000 
-0.815000  -1.640000  907 0.470000 
-0.890000  -1.710000  908 0.470000 
-0.575000  -1.420000  909 0.470000 
-0.790000  -1.530000  910 0.470000 
-0.830000  -1.530000  911 0.470000 
-0.920000  -1.720000  912 0.470000 
-0.900000  -1.710000  913 0.470000 
-0.410000  -1.360000  914 0.470000 
-0.870000  -1.660000  915 0.470000 
-0.925000  -1.730000  916 0.470000 
-0.925000  -1.740000  917 0.470000 
-0.840000  -1.610000  918 0.470000 
-0.850000  -1.550000  919 0.470000 
-0.905000  -1.740000  920 0.470000 
-0.840000  -1.600000  921 0.470000 
-0.815000  -1.600000  922 0.470000 
-0.910000  -1.730000  923 0.470000 
-0.855000  -1.620000  924 0.470000 
-0.590000  -1.460000  925 0.470000 
-0.915000  -1.720000  926 0.470000 
-0.885000  -1.660000  927 0.470000 
-0.875000  -1.640000  928 0.470000 
-0.785000  -1.520000  929 0.470000 
-0.845000  -1.610000  930 0.470000 
-0.930000  -1.740000  931 0.470000 
-0.720000  -1.410000  932 0.470000 
-0.865000  -1.540000  933 0.470000 
-0.920000  -1.750000  934 0.470000 
-0.875000  -1.680000  935 0.470000 
-0.710000  -1.520000  936 0.470000 
-0.940000  -1.770000  937 0.470000 
-0.675000  -1.580000  938 0.470000 
-0.905000  -1.680000  939 0.470000 
-0.845000  -1.600000  940 0.470000 
-0.915000  -1.740000  941 0.470000 
-0.855000  -1.590000  942 0.470000 
-0.955000  -1.850000  943 0.470000 
-0.845000  -1.590000  944 0.470000 
-0.875000  -1.700000  945 0.470000 
-0.885000  -1.660000  946 0.470000 
-0.865000  -1.620000  947 0.470000 
-0.385000  -1.450000  948 0.470000 
-0.915000  -1.690000  949 0.470000 
-0.845000  -1.650000  950 0.470000 
-0.930000  -1.790000  951 0.470000 
-0.810000  -1.570000  952 0.470000 
-0.920000  -1.750000  953 0.470000 
-0.935000  -1.790000  954 0.470000 
-0.860000  -1.670000  955 0.470000 
-0.805000  -1.520000  956 0.470000 
-0.880000  -1.680000  957 0.470000 
-0.875000  -1.580000  958 0.470000 
-0.770000  -1.410000  959 0.470000 
-0.935000  -1.770000  960 0.470000 
-0.930000  -1.790000  961 0.470000 
-0.955000  -1.820000  962 0.470000 
-0.965000  -1.880000  963 0.470000 
-0.915000  -1.720000  964 0.470000 
-0.820000  -1.660000  965 0.470000 
-0.915000  -1.730000  966 0.470000 
-0.900000  -1.710000  967 0.470000 
-0.885000  -1.680000  968 0.470000 
-0.940000  -1.780000  969 0.470000 
-0.790000  -1.530000  970 0.470000 
-0.910000  -1.720000  971 0.470000 
-0.920000  -1.790000  972 0.470000 
-0.865000  -1.560000  973 0.470000 
-0.915000  -1.770000  974 0.470000 
-0.910000  -1.730000  975 0.470000 
-0.935000  -1.750000  976 0.470000 
-0.895000  -1.690000  977 0.470000 
-0.925000  -1.760000  978 0.470000 
-0.675000  -1.590000  979 0.470000 
-0.820000  -1.630000  980 0.470000 
-0.810000  -1.520000  981 0.470000 
-0.825000  -1.580000  982 0.470000 
-0.815000  -1.570000  983 0.470000 
-0.885000  -1.590000  984 0.470000 
-0.910000  -1.680000  985 0.470000 
-0.825000  -1.520000  986 0.470000 
-0.510000  -1.340000  987 0.470000 
-0.865000  -1.540000  988 0.470000 
-0.900000  -1.710000  989 0.470000 
-0.815000  -1.530000  990 0.470000 
-0.810000  -1.510000  991 0.470000 
-0.895000  -1.720000  992 0.470000 
-0.915000  -1.730000  993 0.470000 
-0.850000  -1.590000  994 0.470000 
-0.895000  -1.690000  995 0.470000 
-0.650000  -1.450000  996 0.470000 
-0.795000  -1.470000  997 0.470000 
-0.875000  -1.730000  998 0.470000 
-0.890000  -1.710000  999 0.470000 
