0.015000  -1.100000  0 0.460000 
0.475000  -1.380000  1 0.460000 
0.860000  -1.570000  2 0.460000 
0.835000  -1.540000  3 0.460000 
0.820000  -1.610000  4 0.460000 
0.740000  -1.560000  5 0.460000 
0.640000  -1.440000  6 0.460000 
0.890000  -1.650000  7 0.460000 
0.925000  -1.760000  8 0.460000 
0.935000  -1.780000  9 0.460000 
0.840000  -1.670000  10 0.460000 
0.800000  -1.540000  11 0.460000 
0.895000  -1.670000  12 0.460000 
0.880000  -1.620000  13 0.460000 
0.770000  -1.630000  14 0.460000 
0.985000  -1.940000  15 0.460000 
0.880000  -1.640000  16 0.460000 
0.590000  -1.460000  17 0.460000 
0.705000  -1.400000  18 0.460000 
0.805000  -1.510000  19 0.460000 
0.810000  -1.570000  20 0.460000 
0.715000  -1.380000  21 0.460000 
0.840000  -1.520000  22 0.460000 
0.865000  -1.620000  23 0.460000 
0.885000  -1.620000  24 0.460000 
0.840000  -1.530000  25 0.460000 
0.770000  -1.530000  26 0.460000 
0.810000  -1.570000  27 0.460000 
0.885000  -1.680000  28 0.460000 
0.930000  -1.750000  29 0.460000 
0.905000  -1.730000  30 0.460000 
0.875000  -1.600000  31 0.460000 
0.910000  -1.730000  32 0.460000 
0.790000  -1.430000  33 0.460000 
0.945000  -1.790000  34 0.460000 
0.865000  -1.650000  35 0.460000 
0.820000  -1.600000  36 0.460000 
0.720000  -1.490000  37 0.460000 
0.835000  -1.630000  38 0.460000 
0.760000  -1.480000  39 0.460000 
0.815000  -1.570000  40 0.460000 
0.905000  -1.710000  41 0.460000 
0.915000  -1.750000  42 0.460000 
0.880000  -1.620000  43 0.460000 
0.790000  -1.530000  44 0.460000 
0.880000  -1.650000  45 0.460000 
0.795000  -1.440000  46 0.460000 
0.825000  -1.590000  47 0.460000 
0.650000  -1.420000  48 0.460000 
0.900000  -1.690000  49 0.460000 
0.625000  -1.310000  50 0.460000 
0.740000  -1.350000  51 0.460000 
0.745000  -1.560000  52 0.460000 
0.780000  -1.510000  53 0.460000 
0.670000  -1.460000  54 0.460000 
0.855000  -1.570000  55 0.460000 
0.630000  -1.460000  56 0.460000 
0.875000  -1.660000  57 0.460000 
0.800000  -1.450000  58 0.460000 
0.820000  -1.620000  59 0.460000 
0.560000  -1.450000  60 0.460000 
0.460000  -1.180000  61 0.460000 
0.855000  -1.660000  62 0.460000 
0.910000  -1.710000  63 0.460000 
0.860000  -1.640000  64 0.460000 
0.895000  -1.640000  65 0.460000 
0.885000  -1.660000  66 0.460000 
0.890000  -1.840000  67 0.460000 
0.935000  -1.790000  68 0.460000 
0.760000  -1.470000  69 0.460000 
0.890000  -1.700000  70 0.460000 
0.900000  -1.750000  71 0.460000 
0.865000  -1.610000  72 0.460000 
0.940000  -1.810000  73 0.460000 
0.830000  -1.560000  74 0.460000 
0.890000  -1.640000  75 0.460000 
0.860000  -1.560000  76 0.460000 
0.585000  -1.310000  77 0.460000 
0.745000  -1.520000  78 0.460000 
0.820000  -1.480000  79 0.460000 
0.965000  -1.870000  80 0.460000 
0.780000  -1.520000  81 0.460000 
0.910000  -1.730000  82 0.460000 
0.730000  -1.440000  83 0.460000 
0.855000  -1.590000  84 0.460000 
0.930000  -1.790000  85 0.460000 
0.855000  -1.670000  86 0.460000 
0.810000  -1.480000  87 0.460000 
0.835000  -1.570000  88 0.460000 
0.870000  -1.720000  89 0.460000 
0.840000  -1.560000  90 0.460000 
0.655000  -1.480000  91 0.460000 
0.795000  -1.640000  92 0.460000 
0.815000  -1.500000  93 0.460000 
0.860000  -1.610000  94 0.460000 
0.820000  -1.580000  95 0.460000 
0.590000  -1.200000  96 0.460000 
0.910000  -1.680000  97 0.460000 
0.875000  -1.610000  98 0.460000 
0.810000  -1.510000  99 0.460000 
0.830000  -1.480000  100 0.460000 
0.895000  -1.640000  101 0.460000 
0.835000  -1.600000  102 0.460000 
0.910000  -1.710000  103 0.460000 
0.915000  -1.800000  104 0.460000 
0.870000  -1.600000  105 0.460000 
0.930000  -1.770000  106 0.460000 
0.855000  -1.640000  107 0.460000 
0.910000  -1.680000  108 0.460000 
0.885000  -1.630000  109 0.460000 
0.555000  -1.450000  110 0.460000 
0.750000  -1.520000  111 0.460000 
0.645000  -1.520000  112 0.460000 
0.650000  -1.250000  113 0.460000 
0.760000  -1.460000  114 0.460000 
0.855000  -1.580000  115 0.460000 
0.855000  -1.570000  116 0.460000 
0.865000  -1.690000  117 0.460000 
0.900000  -1.660000  118 0.460000 
0.790000  -1.470000  119 0.460000 
0.770000  -1.490000  120 0.460000 
0.720000  -1.580000  121 0.460000 
0.775000  -1.410000  122 0.460000 
0.925000  -1.720000  123 0.460000 
0.795000  -1.470000  124 0.460000 
0.825000  -1.640000  125 0.460000 
0.845000  -1.540000  126 0.460000 
0.865000  -1.610000  127 0.460000 
0.890000  -1.660000  128 0.460000 
0.830000  -1.530000  129 0.460000 
0.845000  -1.640000  130 0.460000 
0.865000  -1.640000  131 0.460000 
0.895000  -1.640000  132 0.460000 
0.895000  -1.660000  133 0.460000 
0.815000  -1.570000  134 0.460000 
0.845000  -1.620000  135 0.460000 
0.845000  -1.580000  136 0.460000 
0.600000  -1.300000  137 0.460000 
0.920000  -1.740000  138 0.460000 
0.810000  -1.620000  139 0.460000 
0.955000  -1.830000  140 0.460000 
0.930000  -1.780000  141 0.460000 
0.875000  -1.630000  142 0.460000 
0.820000  -1.510000  143 0.460000 
0.955000  -1.840000  144 0.460000 
0.860000  -1.580000  145 0.460000 
0.850000  -1.600000  146 0.460000 
0.835000  -1.640000  147 0.460000 
0.820000  -1.540000  148 0.460000 
0.900000  -1.730000  149 0.460000 
0.925000  -1.730000  150 0.460000 
0.855000  -1.650000  151 0.460000 
0.855000  -1.650000  152 0.460000 
0.565000  -1.260000  153 0.460000 
0.910000  -1.760000  154 0.460000 
0.570000  -1.320000  155 0.460000 
0.775000  -1.420000  156 0.460000 
0.855000  -1.670000  157 0.460000 
0.755000  -1.470000  158 0.460000 
0.905000  -1.730000  159 0.460000 
0.855000  -1.630000  160 0.460000 
0.910000  -1.750000  161 0.460000 
0.840000  -1.680000  162 0.460000 
0.860000  -1.610000  163 0.460000 
0.895000  -1.660000  164 0.460000 
0.870000  -1.580000  165 0.460000 
0.815000  -1.600000  166 0.460000 
0.780000  -1.490000  167 0.460000 
0.875000  -1.660000  168 0.460000 
0.840000  -1.610000  169 0.460000 
0.880000  -1.670000  170 0.460000 
0.780000  -1.510000  171 0.460000 
0.875000  -1.660000  172 0.460000 
0.815000  -1.530000  173 0.460000 
0.890000  -1.630000  174 0.460000 
0.770000  -1.440000  175 0.460000 
0.845000  -1.570000  176 0.460000 
0.770000  -1.510000  177 0.460000 
0.905000  -1.740000  178 0.460000 
0.780000  -1.450000  179 0.460000 
0.900000  -1.750000  180 0.460000 
0.315000  -1.250000  181 0.460000 
-0.840000  -1.740000  182 0.460000 
-0.900000  -1.720000  183 0.460000 
-0.785000  -1.540000  184 0.460000 
-0.700000  -1.540000  185 0.460000 
-0.875000  -1.650000  186 0.460000 
-0.930000  -1.760000  187 0.460000 
-0.405000  -1.350000  188 0.460000 
-0.875000  -1.600000  189 0.460000 
-0.855000  -1.610000  190 0.460000 
-0.865000  -1.610000  191 0.460000 
-0.830000  -1.550000  192 0.460000 
-0.800000  -1.570000  193 0.460000 
-0.805000  -1.530000  194 0.460000 
-0.825000  -1.580000  195 0.460000 
-0.835000  -1.560000  196 0.460000 
-0.845000  -1.590000  197 0.460000 
-0.770000  -1.490000  198 0.460000 
-0.745000  -1.470000  199 0.460000 
-0.830000  -1.500000  200 0.460000 
-0.905000  -1.730000  201 0.460000 
-0.875000  -1.640000  202 0.460000 
-0.860000  -1.620000  203 0.460000 
-0.650000  -1.310000  204 0.460000 
-0.760000  -1.500000  205 0.460000 
-0.535000  -1.320000  206 0.460000 
-0.895000  -1.670000  207 0.460000 
-0.690000  -1.430000  208 0.460000 
-0.850000  -1.500000  209 0.460000 
-0.785000  -1.630000  210 0.460000 
-0.880000  -1.640000  211 0.460000 
-0.850000  -1.610000  212 0.460000 
-0.900000  -1.810000  213 0.460000 
-0.855000  -1.610000  214 0.460000 
-0.900000  -1.710000  215 0.460000 
-0.910000  -1.680000  216 0.460000 
-0.880000  -1.650000  217 0.460000 
-0.755000  -1.400000  218 0.460000 
-0.855000  -1.610000  219 0.460000 
-0.725000  -1.480000  220 0.460000 
-0.665000  -1.380000  221 0.460000 
-0.910000  -1.710000  222 0.460000 
-0.830000  -1.490000  223 0.460000 
-0.860000  -1.630000  224 0.460000 
-0.815000  -1.520000  225 0.460000 
-0.830000  -1.580000  226 0.460000 
-0.855000  -1.630000  227 0.460000 
-0.835000  -1.600000  228 0.460000 
-0.610000  -1.490000  229 0.460000 
-0.900000  -1.710000  230 0.460000 
-0.790000  -1.530000  231 0.460000 
-0.850000  -1.550000  232 0.460000 
-0.755000  -1.530000  233 0.460000 
-0.590000  -1.320000  234 0.460000 
-0.925000  -1.770000  235 0.460000 
-0.755000  -1.380000  236 0.460000 
-0.890000  -1.630000  237 0.460000 
-0.905000  -1.720000  238 0.460000 
-0.830000  -1.600000  239 0.460000 
-0.795000  -1.520000  240 0.460000 
-0.835000  -1.610000  241 0.460000 
-0.715000  -1.470000  242 0.460000 
-0.875000  -1.620000  243 0.460000 
-0.865000  -1.730000  244 0.460000 
-0.820000  -1.650000  245 0.460000 
-0.785000  -1.560000  246 0.460000 
-0.870000  -1.660000  247 0.460000 
-0.795000  -1.440000  248 0.460000 
-0.865000  -1.660000  249 0.460000 
-0.750000  -1.570000  250 0.460000 
-0.815000  -1.520000  251 0.460000 
-0.840000  -1.590000  252 0.460000 
-0.700000  -1.550000  253 0.460000 
-0.780000  -1.570000  254 0.460000 
-0.860000  -1.590000  255 0.460000 
-0.895000  -1.660000  256 0.460000 
-0.850000  -1.610000  257 0.460000 
-0.830000  -1.620000  258 0.460000 
-0.905000  -1.700000  259 0.460000 
-0.940000  -1.810000  260 0.460000 
-0.875000  -1.610000  261 0.460000 
-0.895000  -1.670000  262 0.460000 
-0.745000  -1.540000  263 0.460000 
-0.860000  -1.630000  264 0.460000 
-0.895000  -1.710000  265 0.460000 
-0.725000  -1.460000  266 0.460000 
-0.825000  -1.560000  267 0.460000 
-0.930000  -1.770000  268 0.460000 
-0.555000  -1.340000  269 0.460000 
-0.780000  -1.500000  270 0.460000 
-0.900000  -1.720000  271 0.460000 
-0.885000  -1.670000  272 0.460000 
-0.900000  -1.680000  273 0.460000 
-0.790000  -1.480000  274 0.460000 
-0.420000  -1.300000  275 0.460000 
-0.920000  -1.770000  276 0.460000 
-0.875000  -1.680000  277 0.460000 
-0.475000  -1.300000  278 0.460000 
-0.810000  -1.580000  279 0.460000 
-0.905000  -1.730000  280 0.460000 
-0.820000  -1.590000  281 0.460000 
-0.875000  -1.610000  282 0.460000 
-0.930000  -1.770000  283 0.460000 
-0.915000  -1.730000  284 0.460000 
-0.655000  -1.390000  285 0.460000 
-0.860000  -1.600000  286 0.460000 
-0.745000  -1.520000  287 0.460000 
-0.860000  -1.590000  288 0.460000 
-0.875000  -1.650000  289 0.460000 
-0.825000  -1.600000  290 0.460000 
-0.830000  -1.530000  291 0.460000 
-0.890000  -1.700000  292 0.460000 
-0.830000  -1.640000  293 0.460000 
-0.780000  -1.410000  294 0.460000 
-0.710000  -1.370000  295 0.460000 
-0.630000  -1.330000  296 0.460000 
-0.840000  -1.570000  297 0.460000 
-0.840000  -1.520000  298 0.460000 
-0.865000  -1.560000  299 0.460000 
-0.920000  -1.780000  300 0.460000 
-0.785000  -1.500000  301 0.460000 
-0.890000  -1.680000  302 0.460000 
-0.910000  -1.720000  303 0.460000 
-0.815000  -1.460000  304 0.460000 
-0.845000  -1.590000  305 0.460000 
-0.780000  -1.490000  306 0.460000 
-0.825000  -1.560000  307 0.460000 
-0.675000  -1.420000  308 0.460000 
-0.715000  -1.330000  309 0.460000 
-0.840000  -1.590000  310 0.460000 
-0.915000  -1.770000  311 0.460000 
-0.920000  -1.770000  312 0.460000 
-0.830000  -1.490000  313 0.460000 
-0.925000  -1.750000  314 0.460000 
-0.780000  -1.370000  315 0.460000 
-0.850000  -1.560000  316 0.460000 
-0.820000  -1.560000  317 0.460000 
-0.130000  -1.230000  318 0.460000 
-0.805000  -1.640000  319 0.460000 
-0.735000  -1.550000  320 0.460000 
-0.780000  -1.600000  321 0.460000 
-0.625000  -1.390000  322 0.460000 
-0.825000  -1.590000  323 0.460000 
-0.935000  -1.790000  324 0.460000 
-0.450000  -1.410000  325 0.460000 
-0.940000  -1.810000  326 0.460000 
-0.815000  -1.520000  327 0.460000 
-0.740000  -1.480000  328 0.460000 
-0.710000  -1.510000  329 0.460000 
-0.825000  -1.510000  330 0.460000 
-0.740000  -1.480000  331 0.460000 
-0.885000  -1.670000  332 0.460000 
-0.855000  -1.650000  333 0.460000 
-0.760000  -1.500000  334 0.460000 
-0.795000  -1.630000  335 0.460000 
-0.850000  -1.570000  336 0.460000 
-0.430000  -1.390000  337 0.460000 
-0.875000  -1.590000  338 0.460000 
-0.925000  -1.740000  339 0.460000 
-0.860000  -1.650000  340 0.460000 
-0.860000  -1.670000  341 0.460000 
-0.745000  -1.420000  342 0.460000 
-0.780000  -1.510000  343 0.460000 
-0.825000  -1.620000  344 0.460000 
-0.915000  -1.730000  345 0.460000 
-0.700000  -1.470000  346 0.460000 
-0.715000  -1.380000  347 0.460000 
-0.835000  -1.630000  348 0.460000 
-0.680000  -1.330000  349 0.460000 
-0.900000  -1.710000  350 0.460000 
-0.875000  -1.640000  351 0.460000 
-0.640000  -1.430000  352 0.460000 
-0.790000  -1.500000  353 0.460000 
0.370000  -1.320000  354 0.460000 
0.860000  -1.600000  355 0.460000 
0.820000  -1.510000  356 0.460000 
0.845000  -1.620000  357 0.460000 
0.870000  -1.650000  358 0.460000 
0.775000  -1.370000  359 0.460000 
0.625000  -1.290000  360 0.460000 
0.920000  -1.750000  361 0.460000 
0.790000  -1.430000  362 0.460000 
0.720000  -1.430000  363 0.460000 
0.760000  -1.610000  364 0.460000 
0.725000  -1.550000  365 0.460000 
0.820000  -1.560000  366 0.460000 
0.875000  -1.590000  367 0.460000 
0.850000  -1.620000  368 0.460000 
0.910000  -1.710000  369 0.460000 
0.905000  -1.670000  370 0.460000 
0.395000  -1.170000  371 0.460000 
0.830000  -1.510000  372 0.460000 
0.890000  -1.640000  373 0.460000 
0.835000  -1.580000  374 0.460000 
0.840000  -1.590000  375 0.460000 
0.785000  -1.560000  376 0.460000 
0.675000  -1.440000  377 0.460000 
0.825000  -1.560000  378 0.460000 
0.920000  -1.710000  379 0.460000 
0.845000  -1.600000  380 0.460000 
0.725000  -1.490000  381 0.460000 
0.805000  -1.650000  382 0.460000 
0.840000  -1.600000  383 0.460000 
0.860000  -1.600000  384 0.460000 
0.930000  -1.760000  385 0.460000 
0.795000  -1.490000  386 0.460000 
0.890000  -1.620000  387 0.460000 
0.845000  -1.620000  388 0.460000 
0.805000  -1.520000  389 0.460000 
0.830000  -1.530000  390 0.460000 
0.800000  -1.540000  391 0.460000 
0.780000  -1.620000  392 0.460000 
0.845000  -1.590000  393 0.460000 
0.870000  -1.560000  394 0.460000 
0.870000  -1.610000  395 0.460000 
0.810000  -1.610000  396 0.460000 
0.885000  -1.690000  397 0.460000 
0.925000  -1.750000  398 0.460000 
0.905000  -1.690000  399 0.460000 
0.895000  -1.690000  400 0.460000 
0.810000  -1.590000  401 0.460000 
0.880000  -1.620000  402 0.460000 
0.665000  -1.420000  403 0.460000 
0.815000  -1.560000  404 0.460000 
0.860000  -1.630000  405 0.460000 
0.915000  -1.730000  406 0.460000 
0.885000  -1.680000  407 0.460000 
0.885000  -1.620000  408 0.460000 
0.805000  -1.510000  409 0.460000 
0.910000  -1.740000  410 0.460000 
0.875000  -1.690000  411 0.460000 
0.910000  -1.680000  412 0.460000 
0.815000  -1.510000  413 0.460000 
0.845000  -1.570000  414 0.460000 
0.735000  -1.480000  415 0.460000 
0.885000  -1.680000  416 0.460000 
0.830000  -1.620000  417 0.460000 
0.890000  -1.640000  418 0.460000 
0.760000  -1.570000  419 0.460000 
0.825000  -1.520000  420 0.460000 
0.785000  -1.600000  421 0.460000 
0.805000  -1.520000  422 0.460000 
0.925000  -1.740000  423 0.460000 
0.850000  -1.560000  424 0.460000 
0.695000  -1.410000  425 0.460000 
0.855000  -1.570000  426 0.460000 
0.795000  -1.400000  427 0.460000 
0.765000  -1.530000  428 0.460000 
0.825000  -1.450000  429 0.460000 
0.895000  -1.670000  430 0.460000 
0.725000  -1.490000  431 0.460000 
0.830000  -1.610000  432 0.460000 
0.670000  -1.370000  433 0.460000 
0.790000  -1.490000  434 0.460000 
0.905000  -1.660000  435 0.460000 
0.920000  -1.720000  436 0.460000 
0.630000  -1.470000  437 0.460000 
0.860000  -1.630000  438 0.460000 
0.890000  -1.630000  439 0.460000 
0.845000  -1.600000  440 0.460000 
0.760000  -1.540000  441 0.460000 
0.845000  -1.600000  442 0.460000 
0.820000  -1.530000  443 0.460000 
0.855000  -1.580000  444 0.460000 
0.780000  -1.450000  445 0.460000 
0.880000  -1.660000  446 0.460000 
0.885000  -1.680000  447 0.460000 
0.870000  -1.620000  448 0.460000 
0.830000  -1.630000  449 0.460000 
0.700000  -1.410000  450 0.460000 
0.865000  -1.630000  451 0.460000 
0.915000  -1.780000  452 0.460000 
0.835000  -1.510000  453 0.460000 
0.960000  -1.850000  454 0.460000 
0.855000  -1.560000  455 0.460000 
0.855000  -1.560000  456 0.460000 
0.705000  -1.410000  457 0.460000 
0.840000  -1.670000  458 0.460000 
0.910000  -1.690000  459 0.460000 
0.880000  -1.600000  460 0.460000 
0.915000  -1.730000  461 0.460000 
0.740000  -1.490000  462 0.460000 
0.815000  -1.580000  463 0.460000 
0.895000  -1.660000  464 0.460000 
0.885000  -1.700000  465 0.460000 
0.935000  -1.810000  466 0.460000 
0.810000  -1.560000  467 0.460000 
0.860000  -1.580000  468 0.460000 
0.825000  -1.510000  469 0.460000 
0.780000  -1.400000  470 0.460000 
0.720000  -1.430000  471 0.460000 
0.740000  -1.480000  472 0.460000 
0.845000  -1.580000  473 0.460000 
0.870000  -1.590000  474 0.460000 
0.840000  -1.590000  475 0.460000 
0.810000  -1.480000  476 0.460000 
0.875000  -1.580000  477 0.460000 
0.770000  -1.600000  478 0.460000 
0.605000  -1.400000  479 0.460000 
0.860000  -1.670000  480 0.460000 
0.845000  -1.580000  481 0.460000 
0.875000  -1.610000  482 0.460000 
0.875000  -1.630000  483 0.460000 
0.815000  -1.580000  484 0.460000 
0.775000  -1.600000  485 0.460000 
0.815000  -1.510000  486 0.460000 
0.875000  -1.670000  487 0.460000 
0.890000  -1.650000  488 0.460000 
0.870000  -1.670000  489 0.460000 
0.745000  -1.460000  490 0.460000 
0.870000  -1.620000  491 0.460000 
0.905000  -1.670000  492 0.460000 
0.785000  -1.460000  493 0.460000 
0.780000  -1.530000  494 0.460000 
0.785000  -1.480000  495 0.460000 
0.885000  -1.640000  496 0.460000 
0.875000  -1.670000  497 0.460000 
0.835000  -1.590000  498 0.460000 
0.860000  -1.600000  499 0.460000 
0.855000  -1.620000  500 0.460000 
0.895000  -1.660000  501 0.460000 
0.740000  -1.420000  502 0.460000 
0.860000  -1.690000  503 0.460000 
0.875000  -1.620000  504 0.460000 
0.820000  -1.490000  505 0.460000 
0.740000  -1.560000  506 0.460000 
0.880000  -1.650000  507 0.460000 
0.720000  -1.370000  508 0.460000 
0.850000  -1.650000  509 0.460000 
0.870000  -1.610000  510 0.460000 
0.785000  -1.550000  511 0.460000 
0.845000  -1.620000  512 0.460000 
0.860000  -1.640000  513 0.460000 
0.810000  -1.510000  514 0.460000 
0.895000  -1.680000  515 0.460000 
0.910000  -1.720000  516 0.460000 
0.905000  -1.720000  517 0.460000 
0.735000  -1.490000  518 0.460000 
0.745000  -1.550000  519 0.460000 
0.875000  -1.610000  520 0.460000 
0.875000  -1.660000  521 0.460000 
0.635000  -1.490000  522 0.460000 
0.900000  -1.700000  523 0.460000 
0.820000  -1.550000  524 0.460000 
0.850000  -1.640000  525 0.460000 
0.910000  -1.700000  526 0.460000 
0.865000  -1.640000  527 0.460000 
0.880000  -1.670000  528 0.460000 
0.935000  -1.800000  529 0.460000 
0.820000  -1.520000  530 0.460000 
0.865000  -1.610000  531 0.460000 
0.870000  -1.590000  532 0.460000 
0.875000  -1.640000  533 0.460000 
0.820000  -1.510000  534 0.460000 
0.910000  -1.720000  535 0.460000 
0.860000  -1.630000  536 0.460000 
0.815000  -1.570000  537 0.460000 
0.875000  -1.650000  538 0.460000 
0.900000  -1.710000  539 0.460000 
0.870000  -1.650000  540 0.460000 
0.895000  -1.740000  541 0.460000 
0.435000  -1.310000  542 0.460000 
0.935000  -1.770000  543 0.460000 
0.885000  -1.680000  544 0.460000 
0.650000  -1.430000  545 0.460000 
0.855000  -1.530000  546 0.460000 
0.860000  -1.590000  547 0.460000 
0.725000  -1.370000  548 0.460000 
0.925000  -1.750000  549 0.460000 
0.910000  -1.720000  550 0.460000 
0.820000  -1.580000  551 0.460000 
0.705000  -1.510000  552 0.460000 
0.665000  -1.470000  553 0.460000 
0.930000  -1.750000  554 0.460000 
0.875000  -1.640000  555 0.460000 
0.805000  -1.640000  556 0.460000 
0.690000  -1.400000  557 0.460000 
0.900000  -1.690000  558 0.460000 
0.815000  -1.550000  559 0.460000 
0.835000  -1.590000  560 0.460000 
0.865000  -1.630000  561 0.460000 
0.690000  -1.610000  562 0.460000 
0.855000  -1.640000  563 0.460000 
0.930000  -1.770000  564 0.460000 
0.765000  -1.490000  565 0.460000 
0.930000  -1.770000  566 0.460000 
0.870000  -1.650000  567 0.460000 
0.740000  -1.500000  568 0.460000 
0.860000  -1.580000  569 0.460000 
0.900000  -1.660000  570 0.460000 
0.845000  -1.570000  571 0.460000 
0.820000  -1.610000  572 0.460000 
0.775000  -1.440000  573 0.460000 
0.665000  -1.380000  574 0.460000 
0.845000  -1.640000  575 0.460000 
0.760000  -1.420000  576 0.460000 
0.905000  -1.800000  577 0.460000 
0.905000  -1.690000  578 0.460000 
0.350000  -1.390000  579 0.460000 
0.010000  -1.330000  580 0.460000 
-0.330000  -1.370000  581 0.460000 
-0.895000  -1.720000  582 0.460000 
-0.935000  -1.760000  583 0.460000 
-0.845000  -1.630000  584 0.460000 
-0.810000  -1.520000  585 0.460000 
-0.920000  -1.750000  586 0.460000 
-0.910000  -1.750000  587 0.460000 
-0.730000  -1.500000  588 0.460000 
-0.755000  -1.500000  589 0.460000 
-0.835000  -1.590000  590 0.460000 
-0.885000  -1.740000  591 0.460000 
-0.890000  -1.630000  592 0.460000 
-0.930000  -1.770000  593 0.460000 
-0.755000  -1.530000  594 0.460000 
-0.610000  -1.420000  595 0.460000 
-0.825000  -1.510000  596 0.460000 
-0.830000  -1.550000  597 0.460000 
-0.895000  -1.660000  598 0.460000 
-0.875000  -1.690000  599 0.460000 
-0.740000  -1.440000  600 0.460000 
-0.820000  -1.610000  601 0.460000 
-0.695000  -1.300000  602 0.460000 
-0.885000  -1.680000  603 0.460000 
-0.815000  -1.450000  604 0.460000 
-0.905000  -1.680000  605 0.460000 
-0.700000  -1.350000  606 0.460000 
-0.735000  -1.340000  607 0.460000 
-0.785000  -1.400000  608 0.460000 
-0.880000  -1.660000  609 0.460000 
-0.875000  -1.610000  610 0.460000 
-0.425000  -1.400000  611 0.460000 
-0.850000  -1.600000  612 0.460000 
-0.930000  -1.760000  613 0.460000 
-0.690000  -1.480000  614 0.460000 
-0.895000  -1.740000  615 0.460000 
-0.655000  -1.530000  616 0.460000 
-0.950000  -1.830000  617 0.460000 
-0.790000  -1.480000  618 0.460000 
-0.700000  -1.370000  619 0.460000 
-0.785000  -1.560000  620 0.460000 
-0.715000  -1.540000  621 0.460000 
-0.865000  -1.630000  622 0.460000 
-0.905000  -1.710000  623 0.460000 
-0.730000  -1.540000  624 0.460000 
-0.740000  -1.540000  625 0.460000 
-0.860000  -1.620000  626 0.460000 
-0.880000  -1.650000  627 0.460000 
-0.920000  -1.750000  628 0.460000 
-0.785000  -1.530000  629 0.460000 
-0.885000  -1.660000  630 0.460000 
-0.870000  -1.630000  631 0.460000 
-0.840000  -1.610000  632 0.460000 
-0.825000  -1.640000  633 0.460000 
-0.780000  -1.480000  634 0.460000 
-0.825000  -1.580000  635 0.460000 
-0.135000  -1.310000  636 0.460000 
0.690000  -1.530000  637 0.460000 
0.900000  -1.730000  638 0.460000 
0.895000  -1.720000  639 0.460000 
0.875000  -1.710000  640 0.460000 
0.900000  -1.690000  641 0.460000 
0.845000  -1.590000  642 0.460000 
0.910000  -1.740000  643 0.460000 
0.850000  -1.580000  644 0.460000 
0.875000  -1.550000  645 0.460000 
0.770000  -1.470000  646 0.460000 
0.835000  -1.540000  647 0.460000 
0.780000  -1.430000  648 0.460000 
0.925000  -1.740000  649 0.460000 
0.785000  -1.500000  650 0.460000 
0.885000  -1.620000  651 0.460000 
0.835000  -1.500000  652 0.460000 
0.885000  -1.640000  653 0.460000 
0.805000  -1.440000  654 0.460000 
0.825000  -1.530000  655 0.460000 
0.835000  -1.570000  656 0.460000 
0.815000  -1.650000  657 0.460000 
0.810000  -1.570000  658 0.460000 
0.860000  -1.630000  659 0.460000 
0.885000  -1.690000  660 0.460000 
0.790000  -1.460000  661 0.460000 
0.905000  -1.680000  662 0.460000 
0.800000  -1.610000  663 0.460000 
0.895000  -1.700000  664 0.460000 
0.555000  -1.400000  665 0.460000 
0.685000  -1.280000  666 0.460000 
0.825000  -1.520000  667 0.460000 
0.910000  -1.690000  668 0.460000 
0.910000  -1.700000  669 0.460000 
0.840000  -1.570000  670 0.460000 
0.665000  -1.390000  671 0.460000 
0.880000  -1.710000  672 0.460000 
0.905000  -1.730000  673 0.460000 
0.710000  -1.370000  674 0.460000 
0.825000  -1.500000  675 0.460000 
0.825000  -1.620000  676 0.460000 
0.680000  -1.520000  677 0.460000 
0.860000  -1.580000  678 0.460000 
0.815000  -1.520000  679 0.460000 
0.895000  -1.700000  680 0.460000 
0.830000  -1.530000  681 0.460000 
0.740000  -1.490000  682 0.460000 
0.790000  -1.640000  683 0.460000 
0.860000  -1.610000  684 0.460000 
0.765000  -1.510000  685 0.460000 
0.820000  -1.500000  686 0.460000 
0.805000  -1.560000  687 0.460000 
0.460000  -1.430000  688 0.460000 
0.870000  -1.570000  689 0.460000 
0.850000  -1.610000  690 0.460000 
0.855000  -1.620000  691 0.460000 
0.905000  -1.710000  692 0.460000 
0.910000  -1.730000  693 0.460000 
0.670000  -1.480000  694 0.460000 
0.915000  -1.720000  695 0.460000 
0.720000  -1.540000  696 0.460000 
0.900000  -1.660000  697 0.460000 
0.765000  -1.430000  698 0.460000 
0.585000  -1.430000  699 0.460000 
0.910000  -1.690000  700 0.460000 
0.815000  -1.550000  701 0.460000 
0.865000  -1.610000  702 0.460000 
0.820000  -1.590000  703 0.460000 
0.765000  -1.550000  704 0.460000 
0.860000  -1.580000  705 0.460000 
0.730000  -1.540000  706 0.460000 
0.830000  -1.490000  707 0.460000 
0.915000  -1.710000  708 0.460000 
0.725000  -1.320000  709 0.460000 
0.865000  -1.600000  710 0.460000 
0.825000  -1.530000  711 0.460000 
0.740000  -1.420000  712 0.460000 
0.880000  -1.640000  713 0.460000 
0.685000  -1.400000  714 0.460000 
0.825000  -1.570000  715 0.460000 
0.880000  -1.620000  716 0.460000 
0.870000  -1.730000  717 0.460000 
0.785000  -1.570000  718 0.460000 
0.935000  -1.790000  719 0.460000 
0.910000  -1.720000  720 0.460000 
0.905000  -1.680000  721 0.460000 
0.885000  -1.690000  722 0.460000 
0.930000  -1.750000  723 0.460000 
0.840000  -1.620000  724 0.460000 
0.910000  -1.700000  725 0.460000 
0.775000  -1.460000  726 0.460000 
0.815000  -1.560000  727 0.460000 
0.905000  -1.730000  728 0.460000 
0.830000  -1.530000  729 0.460000 
0.860000  -1.560000  730 0.460000 
0.735000  -1.470000  731 0.460000 
0.865000  -1.690000  732 0.460000 
0.745000  -1.430000  733 0.460000 
0.865000  -1.570000  734 0.460000 
0.850000  -1.640000  735 0.460000 
0.825000  -1.620000  736 0.460000 
0.810000  -1.580000  737 0.460000 
0.690000  -1.560000  738 0.460000 
0.830000  -1.530000  739 0.460000 
0.855000  -1.600000  740 0.460000 
0.865000  -1.610000  741 0.460000 
0.900000  -1.690000  742 0.460000 
0.830000  -1.530000  743 0.460000 
0.805000  -1.490000  744 0.460000 
0.910000  -1.680000  745 0.460000 
0.955000  -1.830000  746 0.460000 
0.715000  -1.560000  747 0.460000 
0.520000  -1.500000  748 0.460000 
0.880000  -1.650000  749 0.460000 
0.890000  -1.660000  750 0.460000 
0.690000  -1.330000  751 0.460000 
0.835000  -1.640000  752 0.460000 
0.875000  -1.660000  753 0.460000 
0.920000  -1.740000  754 0.460000 
0.865000  -1.610000  755 0.460000 
0.850000  -1.590000  756 0.460000 
0.790000  -1.520000  757 0.460000 
0.850000  -1.660000  758 0.460000 
0.820000  -1.500000  759 0.460000 
0.925000  -1.760000  760 0.460000 
0.855000  -1.630000  761 0.460000 
0.775000  -1.410000  762 0.460000 
0.690000  -1.470000  763 0.460000 
0.800000  -1.580000  764 0.460000 
0.695000  -1.420000  765 0.460000 
0.915000  -1.750000  766 0.460000 
0.865000  -1.580000  767 0.460000 
0.820000  -1.460000  768 0.460000 
0.770000  -1.610000  769 0.460000 
0.805000  -1.500000  770 0.460000 
0.910000  -1.740000  771 0.460000 
0.890000  -1.670000  772 0.460000 
0.905000  -1.700000  773 0.460000 
0.770000  -1.480000  774 0.460000 
0.800000  -1.510000  775 0.460000 
0.740000  -1.480000  776 0.460000 
0.930000  -1.760000  777 0.460000 
0.870000  -1.660000  778 0.460000 
0.750000  -1.440000  779 0.460000 
0.825000  -1.500000  780 0.460000 
0.945000  -1.850000  781 0.460000 
0.805000  -1.600000  782 0.460000 
0.825000  -1.640000  783 0.460000 
0.795000  -1.490000  784 0.460000 
0.790000  -1.580000  785 0.460000 
0.880000  -1.580000  786 0.460000 
0.905000  -1.700000  787 0.460000 
0.665000  -1.570000  788 0.460000 
0.720000  -1.680000  789 0.460000 
0.785000  -1.640000  790 0.460000 
0.945000  -1.820000  791 0.460000 
0.885000  -1.690000  792 0.460000 
0.735000  -1.370000  793 0.460000 
0.850000  -1.610000  794 0.460000 
0.865000  -1.630000  795 0.460000 
0.915000  -1.730000  796 0.460000 
0.860000  -1.640000  797 0.460000 
0.845000  -1.560000  798 0.460000 
0.785000  -1.490000  799 0.460000 
0.895000  -1.680000  800 0.460000 
0.885000  -1.680000  801 0.460000 
0.485000  -1.350000  802 0.460000 
0.915000  -1.690000  803 0.460000 
0.845000  -1.600000  804 0.460000 
0.885000  -1.630000  805 0.460000 
0.770000  -1.480000  806 0.460000 
0.930000  -1.780000  807 0.460000 
0.910000  -1.730000  808 0.460000 
0.780000  -1.540000  809 0.460000 
0.875000  -1.650000  810 0.460000 
0.870000  -1.590000  811 0.460000 
0.900000  -1.690000  812 0.460000 
0.920000  -1.740000  813 0.460000 
0.885000  -1.660000  814 0.460000 
0.825000  -1.520000  815 0.460000 
0.875000  -1.650000  816 0.460000 
0.755000  -1.440000  817 0.460000 
0.900000  -1.690000  818 0.460000 
0.645000  -1.520000  819 0.460000 
0.965000  -1.870000  820 0.460000 
0.850000  -1.630000  821 0.460000 
0.665000  -1.380000  822 0.460000 
0.870000  -1.630000  823 0.460000 
0.765000  -1.510000  824 0.460000 
0.905000  -1.720000  825 0.460000 
0.830000  -1.530000  826 0.460000 
0.900000  -1.660000  827 0.460000 
0.835000  -1.600000  828 0.460000 
0.735000  -1.500000  829 0.460000 
0.850000  -1.530000  830 0.460000 
0.755000  -1.510000  831 0.460000 
0.870000  -1.560000  832 0.460000 
0.840000  -1.580000  833 0.460000 
0.830000  -1.600000  834 0.460000 
0.870000  -1.670000  835 0.460000 
0.935000  -1.770000  836 0.460000 
0.810000  -1.540000  837 0.460000 
0.910000  -1.710000  838 0.460000 
0.900000  -1.670000  839 0.460000 
0.845000  -1.620000  840 0.460000 
0.870000  -1.640000  841 0.460000 
0.850000  -1.610000  842 0.460000 
0.700000  -1.410000  843 0.460000 
0.905000  -1.710000  844 0.460000 
0.910000  -1.740000  845 0.460000 
0.810000  -1.530000  846 0.460000 
0.835000  -1.510000  847 0.460000 
0.910000  -1.710000  848 0.460000 
0.900000  -1.720000  849 0.460000 
0.865000  -1.650000  850 0.460000 
0.860000  -1.570000  851 0.460000 
0.745000  -1.480000  852 0.460000 
0.815000  -1.620000  853 0.460000 
0.865000  -1.680000  854 0.460000 
0.810000  -1.450000  855 0.460000 
0.880000  -1.620000  856 0.460000 
0.905000  -1.740000  857 0.460000 
0.825000  -1.550000  858 0.460000 
0.915000  -1.680000  859 0.460000 
0.855000  -1.590000  860 0.460000 
0.660000  -1.490000  861 0.460000 
0.730000  -1.450000  862 0.460000 
0.915000  -1.720000  863 0.460000 
0.815000  -1.590000  864 0.460000 
0.805000  -1.480000  865 0.460000 
0.850000  -1.630000  866 0.460000 
0.790000  -1.610000  867 0.460000 
0.780000  -1.510000  868 0.460000 
0.785000  -1.500000  869 0.460000 
0.900000  -1.710000  870 0.460000 
0.745000  -1.450000  871 0.460000 
0.760000  -1.460000  872 0.460000 
0.810000  -1.490000  873 0.460000 
0.920000  -1.720000  874 0.460000 
0.875000  -1.640000  875 0.460000 
0.880000  -1.640000  876 0.460000 
0.895000  -1.760000  877 0.460000 
0.750000  -1.490000  878 0.460000 
0.875000  -1.650000  879 0.460000 
0.855000  -1.530000  880 0.460000 
0.765000  -1.510000  881 0.460000 
0.770000  -1.400000  882 0.460000 
0.885000  -1.630000  883 0.460000 
0.845000  -1.560000  884 0.460000 
0.780000  -1.590000  885 0.460000 
0.925000  -1.760000  886 0.460000 
0.820000  -1.590000  887 0.460000 
0.685000  -1.480000  888 0.460000 
0.895000  -1.700000  889 0.460000 
0.935000  -1.790000  890 0.460000 
0.720000  -1.450000  891 0.460000 
0.675000  -1.460000  892 0.460000 
0.725000  -1.450000  893 0.460000 
0.425000  -1.350000  894 0.460000 
0.920000  -1.710000  895 0.460000 
0.865000  -1.630000  896 0.460000 
0.650000  -1.430000  897 0.460000 
0.700000  -1.570000  898 0.460000 
0.920000  -1.780000  899 0.460000 
0.825000  -1.640000  900 0.460000 
0.905000  -1.650000  901 0.460000 
0.840000  -1.550000  902 0.460000 
0.855000  -1.570000  903 0.460000 
0.870000  -1.710000  904 0.460000 
0.875000  -1.670000  905 0.460000 
0.830000  -1.540000  906 0.460000 
0.875000  -1.680000  907 0.460000 
0.860000  -1.560000  908 0.460000 
0.740000  -1.400000  909 0.460000 
0.900000  -1.670000  910 0.460000 
0.855000  -1.680000  911 0.460000 
0.910000  -1.750000  912 0.460000 
0.905000  -1.700000  913 0.460000 
0.770000  -1.560000  914 0.460000 
0.595000  -1.470000  915 0.460000 
0.880000  -1.710000  916 0.460000 
0.850000  -1.620000  917 0.460000 
0.805000  -1.530000  918 0.460000 
0.830000  -1.530000  919 0.460000 
0.805000  -1.510000  920 0.460000 
0.770000  -1.580000  921 0.460000 
0.820000  -1.540000  922 0.460000 
0.740000  -1.470000  923 0.460000 
0.860000  -1.610000  924 0.460000 
0.925000  -1.760000  925 0.460000 
0.920000  -1.770000  926 0.460000 
0.745000  -1.460000  927 0.460000 
0.940000  -1.790000  928 0.460000 
0.935000  -1.760000  929 0.460000 
0.915000  -1.730000  930 0.460000 
0.950000  -1.800000  931 0.460000 
0.805000  -1.630000  932 0.460000 
0.920000  -1.730000  933 0.460000 
0.865000  -1.640000  934 0.460000 
0.880000  -1.690000  935 0.460000 
0.705000  -1.450000  936 0.460000 
0.880000  -1.660000  937 0.460000 
0.960000  -1.860000  938 0.460000 
0.865000  -1.610000  939 0.460000 
0.640000  -1.380000  940 0.460000 
0.890000  -1.630000  941 0.460000 
0.860000  -1.550000  942 0.460000 
0.860000  -1.570000  943 0.460000 
0.555000  -1.300000  944 0.460000 
0.820000  -1.530000  945 0.460000 
0.860000  -1.630000  946 0.460000 
0.835000  -1.490000  947 0.460000 
0.810000  -1.510000  948 0.460000 
0.665000  -1.450000  949 0.460000 
0.875000  -1.630000  950 0.460000 
0.780000  -1.620000  951 0.460000 
0.880000  -1.600000  952 0.460000 
0.900000  -1.730000  953 0.460000 
0.950000  -1.850000  954 0.460000 
0.905000  -1.670000  955 0.460000 
0.845000  -1.640000  956 0.460000 
0.805000  -1.500000  957 0.460000 
0.790000  -1.430000  958 0.460000 
0.790000  -1.550000  959 0.460000 
0.740000  -1.430000  960 0.460000 
0.845000  -1.620000  961 0.460000 
0.885000  -1.720000  962 0.460000 
0.945000  -1.810000  963 0.460000 
0.895000  -1.660000  964 0.460000 
0.620000  -1.340000  965 0.460000 
0.855000  -1.610000  966 0.460000 
0.860000  -1.630000  967 0.460000 
0.910000  -1.680000  968 0.460000 
0.735000  -1.420000  969 0.460000 
0.875000  -1.610000  970 0.460000 
0.830000  -1.590000  971 0.460000 
0.895000  -1.730000  972 0.460000 
0.840000  -1.590000  973 0.460000 
0.850000  -1.640000  974 0.460000 
0.920000  -1.800000  975 0.460000 
0.840000  -1.530000  976 0.460000 
0.780000  -1.490000  977 0.460000 
0.630000  -1.390000  978 0.460000 
0.770000  -1.430000  979 0.460000 
0.795000  -1.520000  980 0.460000 
0.835000  -1.570000  981 0.460000 
0.910000  -1.690000  982 0.460000 
0.685000  -1.440000  983 0.460000 
0.870000  -1.560000  984 0.460000 
0.905000  -1.680000  985 0.460000 
0.855000  -1.580000  986 0.460000 
0.900000  -1.700000  987 0.460000 
0.930000  -1.770000  988 0.460000 
0.920000  -1.750000  989 0.460000 
0.830000  -1.610000  990 0.460000 
0.850000  -1.570000  991 0.460000 
0.825000  -1.600000  992 0.460000 
0.700000  -1.410000  993 0.460000 
0.780000  -1.500000  994 0.460000 
0.840000  -1.600000  995 0.460000 
0.875000  -1.650000  996 0.460000 
0.930000  -1.740000  997 0.460000 
0.865000  -1.640000  998 0.460000 
0.855000  -1.640000  999 0.460000 
