-0.670000  -1.520000  0 0.530000 
-0.945000  -1.800000  1 0.530000 
-0.930000  -1.780000  2 0.530000 
-0.955000  -1.890000  3 0.530000 
-0.960000  -1.880000  4 0.530000 
-0.935000  -1.820000  5 0.530000 
-0.980000  -1.920000  6 0.530000 
-0.925000  -1.800000  7 0.530000 
-0.925000  -1.810000  8 0.530000 
-0.905000  -1.670000  9 0.530000 
-0.940000  -1.810000  10 0.530000 
-0.910000  -1.740000  11 0.530000 
-0.955000  -1.870000  12 0.530000 
-0.925000  -1.790000  13 0.530000 
-0.925000  -1.770000  14 0.530000 
-0.925000  -1.830000  15 0.530000 
-0.950000  -1.810000  16 0.530000 
-0.935000  -1.790000  17 0.530000 
-0.960000  -1.890000  18 0.530000 
-0.980000  -1.930000  19 0.530000 
-0.975000  -1.900000  20 0.530000 
-0.945000  -1.840000  21 0.530000 
-0.935000  -1.810000  22 0.530000 
-0.945000  -1.840000  23 0.530000 
-0.875000  -1.660000  24 0.530000 
-0.895000  -1.760000  25 0.530000 
-0.940000  -1.820000  26 0.530000 
-0.935000  -1.780000  27 0.530000 
-0.955000  -1.860000  28 0.530000 
-0.960000  -1.880000  29 0.530000 
-0.920000  -1.770000  30 0.530000 
-0.910000  -1.760000  31 0.530000 
-0.950000  -1.810000  32 0.530000 
-0.925000  -1.770000  33 0.530000 
-0.975000  -1.900000  34 0.530000 
-1.000000  -2.000000  35 0.530000 
-0.925000  -1.770000  36 0.530000 
-0.925000  -1.780000  37 0.530000 
-0.890000  -1.720000  38 0.530000 
-0.935000  -1.780000  39 0.530000 
-0.945000  -1.800000  40 0.530000 
-0.965000  -1.870000  41 0.530000 
-0.955000  -1.830000  42 0.530000 
-0.935000  -1.790000  43 0.530000 
-0.925000  -1.780000  44 0.530000 
-0.880000  -1.660000  45 0.530000 
-0.965000  -1.860000  46 0.530000 
-0.970000  -1.900000  47 0.530000 
-0.920000  -1.790000  48 0.530000 
-0.955000  -1.840000  49 0.530000 
-0.925000  -1.750000  50 0.530000 
-0.930000  -1.810000  51 0.530000 
-0.855000  -1.610000  52 0.530000 
-0.910000  -1.760000  53 0.530000 
-0.975000  -1.900000  54 0.530000 
-0.915000  -1.750000  55 0.530000 
-0.965000  -1.870000  56 0.530000 
-0.910000  -1.830000  57 0.530000 
-0.950000  -1.810000  58 0.530000 
-0.880000  -1.700000  59 0.530000 
-0.955000  -1.850000  60 0.530000 
-0.970000  -1.890000  61 0.530000 
-0.900000  -1.730000  62 0.530000 
-0.890000  -1.700000  63 0.530000 
-0.915000  -1.720000  64 0.530000 
-0.950000  -1.830000  65 0.530000 
-0.940000  -1.800000  66 0.530000 
-0.920000  -1.770000  67 0.530000 
-0.940000  -1.800000  68 0.530000 
-0.885000  -1.670000  69 0.530000 
-0.865000  -1.660000  70 0.530000 
-0.965000  -1.870000  71 0.530000 
-0.910000  -1.740000  72 0.530000 
-0.960000  -1.870000  73 0.530000 
-0.825000  -1.620000  74 0.530000 
-0.925000  -1.780000  75 0.530000 
-0.935000  -1.840000  76 0.530000 
-0.955000  -1.850000  77 0.530000 
-0.970000  -1.890000  78 0.530000 
-0.940000  -1.820000  79 0.530000 
-0.960000  -1.850000  80 0.530000 
-0.955000  -1.870000  81 0.530000 
-0.980000  -1.930000  82 0.530000 
-0.910000  -1.730000  83 0.530000 
-0.950000  -1.830000  84 0.530000 
-0.930000  -1.810000  85 0.530000 
-0.945000  -1.820000  86 0.530000 
-0.950000  -1.820000  87 0.530000 
-0.905000  -1.680000  88 0.530000 
-0.975000  -1.900000  89 0.530000 
-0.950000  -1.890000  90 0.530000 
-0.975000  -1.900000  91 0.530000 
-0.945000  -1.840000  92 0.530000 
-0.940000  -1.790000  93 0.530000 
-0.940000  -1.830000  94 0.530000 
-0.940000  -1.780000  95 0.530000 
-0.945000  -1.830000  96 0.530000 
-0.955000  -1.830000  97 0.530000 
-0.930000  -1.760000  98 0.530000 
-0.975000  -1.900000  99 0.530000 
-0.890000  -1.670000  100 0.530000 
-0.915000  -1.720000  101 0.530000 
-0.910000  -1.730000  102 0.530000 
-0.920000  -1.720000  103 0.530000 
-0.975000  -1.910000  104 0.530000 
-0.995000  -1.980000  105 0.530000 
-0.925000  -1.790000  106 0.530000 
-0.940000  -1.840000  107 0.530000 
-0.970000  -1.890000  108 0.530000 
-0.920000  -1.770000  109 0.530000 
-0.950000  -1.820000  110 0.530000 
-0.935000  -1.780000  111 0.530000 
-0.910000  -1.720000  112 0.530000 
-0.960000  -1.880000  113 0.530000 
-0.950000  -1.830000  114 0.530000 
-0.925000  -1.770000  115 0.530000 
-0.925000  -1.770000  116 0.530000 
-0.950000  -1.860000  117 0.530000 
-0.950000  -1.850000  118 0.530000 
-0.965000  -1.870000  119 0.530000 
-0.945000  -1.790000  120 0.530000 
-0.925000  -1.760000  121 0.530000 
-0.905000  -1.730000  122 0.530000 
-0.970000  -1.880000  123 0.530000 
-0.930000  -1.820000  124 0.530000 
-0.975000  -1.900000  125 0.530000 
-0.900000  -1.670000  126 0.530000 
-0.925000  -1.770000  127 0.530000 
-0.940000  -1.810000  128 0.530000 
-0.980000  -1.930000  129 0.530000 
-0.940000  -1.790000  130 0.530000 
-0.940000  -1.790000  131 0.530000 
-0.960000  -1.840000  132 0.530000 
-0.940000  -1.810000  133 0.530000 
-0.865000  -1.590000  134 0.530000 
-0.900000  -1.700000  135 0.530000 
-0.960000  -1.860000  136 0.530000 
-0.940000  -1.830000  137 0.530000 
-0.960000  -1.850000  138 0.530000 
-0.965000  -1.860000  139 0.530000 
-0.870000  -1.690000  140 0.530000 
-0.935000  -1.810000  141 0.530000 
-0.960000  -1.870000  142 0.530000 
-0.970000  -1.890000  143 0.530000 
-0.950000  -1.820000  144 0.530000 
-0.950000  -1.810000  145 0.530000 
-0.955000  -1.830000  146 0.530000 
-0.895000  -1.680000  147 0.530000 
-0.965000  -1.890000  148 0.530000 
-0.960000  -1.850000  149 0.530000 
-0.945000  -1.780000  150 0.530000 
-0.940000  -1.800000  151 0.530000 
-0.920000  -1.740000  152 0.530000 
-0.945000  -1.800000  153 0.530000 
-0.975000  -1.910000  154 0.530000 
-0.970000  -1.890000  155 0.530000 
-0.965000  -1.890000  156 0.530000 
-0.950000  -1.840000  157 0.530000 
-0.935000  -1.800000  158 0.530000 
-0.915000  -1.740000  159 0.530000 
-0.945000  -1.790000  160 0.530000 
-0.970000  -1.910000  161 0.530000 
-0.930000  -1.750000  162 0.530000 
-0.935000  -1.800000  163 0.530000 
-0.875000  -1.650000  164 0.530000 
-0.955000  -1.840000  165 0.530000 
-0.895000  -1.760000  166 0.530000 
-0.920000  -1.790000  167 0.530000 
-0.935000  -1.780000  168 0.530000 
-0.965000  -1.890000  169 0.530000 
-0.950000  -1.830000  170 0.530000 
-0.960000  -1.900000  171 0.530000 
-0.950000  -1.820000  172 0.530000 
-0.950000  -1.840000  173 0.530000 
-0.985000  -1.940000  174 0.530000 
-0.950000  -1.860000  175 0.530000 
-0.955000  -1.840000  176 0.530000 
-0.950000  -1.820000  177 0.530000 
-0.945000  -1.810000  178 0.530000 
-0.905000  -1.710000  179 0.530000 
-0.920000  -1.820000  180 0.530000 
-0.895000  -1.630000  181 0.530000 
-0.950000  -1.840000  182 0.530000 
-0.935000  -1.790000  183 0.530000 
-0.920000  -1.730000  184 0.530000 
-0.955000  -1.830000  185 0.530000 
-0.885000  -1.660000  186 0.530000 
-0.970000  -1.890000  187 0.530000 
-0.830000  -1.640000  188 0.530000 
-0.940000  -1.830000  189 0.530000 
-0.930000  -1.800000  190 0.530000 
-0.935000  -1.790000  191 0.530000 
-0.960000  -1.870000  192 0.530000 
-0.930000  -1.770000  193 0.530000 
-0.960000  -1.870000  194 0.530000 
-0.960000  -1.870000  195 0.530000 
-0.955000  -1.830000  196 0.530000 
-0.935000  -1.830000  197 0.530000 
-0.920000  -1.820000  198 0.530000 
-0.905000  -1.840000  199 0.530000 
-0.930000  -1.750000  200 0.530000 
-0.945000  -1.810000  201 0.530000 
-0.955000  -1.830000  202 0.530000 
-0.905000  -1.710000  203 0.530000 
-0.920000  -1.750000  204 0.530000 
-0.930000  -1.770000  205 0.530000 
-0.955000  -1.850000  206 0.530000 
-0.930000  -1.810000  207 0.530000 
-0.950000  -1.840000  208 0.530000 
-0.970000  -1.890000  209 0.530000 
-0.960000  -1.860000  210 0.530000 
-0.980000  -1.920000  211 0.530000 
-0.955000  -1.840000  212 0.530000 
-0.955000  -1.860000  213 0.530000 
-0.965000  -1.860000  214 0.530000 
-0.915000  -1.810000  215 0.530000 
-0.870000  -1.660000  216 0.530000 
-0.830000  -1.600000  217 0.530000 
-0.940000  -1.800000  218 0.530000 
-0.950000  -1.850000  219 0.530000 
-0.950000  -1.830000  220 0.530000 
-0.955000  -1.850000  221 0.530000 
-0.940000  -1.790000  222 0.530000 
-0.970000  -1.880000  223 0.530000 
-0.920000  -1.750000  224 0.530000 
-0.980000  -1.920000  225 0.530000 
-0.945000  -1.830000  226 0.530000 
-0.930000  -1.800000  227 0.530000 
-0.950000  -1.810000  228 0.530000 
-0.955000  -1.850000  229 0.530000 
-0.955000  -1.860000  230 0.530000 
-0.965000  -1.880000  231 0.530000 
-0.905000  -1.770000  232 0.530000 
-0.945000  -1.800000  233 0.530000 
-0.965000  -1.870000  234 0.530000 
-0.930000  -1.770000  235 0.530000 
-0.945000  -1.820000  236 0.530000 
-0.950000  -1.840000  237 0.530000 
-0.960000  -1.850000  238 0.530000 
-0.895000  -1.790000  239 0.530000 
-0.895000  -1.730000  240 0.530000 
-0.965000  -1.880000  241 0.530000 
-0.900000  -1.710000  242 0.530000 
-0.975000  -1.900000  243 0.530000 
-0.970000  -1.880000  244 0.530000 
-0.925000  -1.760000  245 0.530000 
-0.945000  -1.790000  246 0.530000 
-0.950000  -1.860000  247 0.530000 
-0.945000  -1.830000  248 0.530000 
-0.945000  -1.820000  249 0.530000 
-0.960000  -1.850000  250 0.530000 
-0.950000  -1.830000  251 0.530000 
-0.930000  -1.830000  252 0.530000 
-0.950000  -1.820000  253 0.530000 
-0.920000  -1.760000  254 0.530000 
-0.915000  -1.800000  255 0.530000 
-0.975000  -1.900000  256 0.530000 
-0.925000  -1.730000  257 0.530000 
-0.925000  -1.820000  258 0.530000 
-0.910000  -1.760000  259 0.530000 
-0.950000  -1.830000  260 0.530000 
-0.960000  -1.860000  261 0.530000 
-0.965000  -1.880000  262 0.530000 
-0.930000  -1.740000  263 0.530000 
-0.920000  -1.710000  264 0.530000 
-0.940000  -1.820000  265 0.530000 
-0.980000  -1.920000  266 0.530000 
-0.945000  -1.810000  267 0.530000 
-0.955000  -1.840000  268 0.530000 
-0.970000  -1.890000  269 0.530000 
-0.925000  -1.760000  270 0.530000 
-0.940000  -1.790000  271 0.530000 
-0.960000  -1.870000  272 0.530000 
-0.965000  -1.880000  273 0.530000 
-0.955000  -1.840000  274 0.530000 
-0.905000  -1.750000  275 0.530000 
-0.915000  -1.760000  276 0.530000 
-0.960000  -1.880000  277 0.530000 
-0.955000  -1.850000  278 0.530000 
-0.925000  -1.800000  279 0.530000 
-0.965000  -1.880000  280 0.530000 
-0.940000  -1.810000  281 0.530000 
-0.940000  -1.820000  282 0.530000 
-0.930000  -1.820000  283 0.530000 
-0.975000  -1.900000  284 0.530000 
-0.955000  -1.840000  285 0.530000 
-0.935000  -1.780000  286 0.530000 
-0.950000  -1.820000  287 0.530000 
-0.940000  -1.790000  288 0.530000 
-0.965000  -1.890000  289 0.530000 
-0.920000  -1.750000  290 0.530000 
-0.950000  -1.830000  291 0.530000 
-0.945000  -1.830000  292 0.530000 
-0.955000  -1.840000  293 0.530000 
-0.935000  -1.820000  294 0.530000 
-0.970000  -1.900000  295 0.530000 
-0.905000  -1.690000  296 0.530000 
-0.950000  -1.840000  297 0.530000 
-0.970000  -1.880000  298 0.530000 
-0.985000  -1.940000  299 0.530000 
-0.930000  -1.770000  300 0.530000 
-0.970000  -1.890000  301 0.530000 
-0.950000  -1.820000  302 0.530000 
-0.965000  -1.880000  303 0.530000 
-0.770000  -1.680000  304 0.530000 
-0.965000  -1.880000  305 0.530000 
-0.970000  -1.890000  306 0.530000 
-0.925000  -1.780000  307 0.530000 
-0.980000  -1.920000  308 0.530000 
-0.930000  -1.790000  309 0.530000 
-0.970000  -1.900000  310 0.530000 
-0.975000  -1.900000  311 0.530000 
-0.970000  -1.890000  312 0.530000 
-0.970000  -1.900000  313 0.530000 
-0.955000  -1.840000  314 0.530000 
-0.970000  -1.910000  315 0.530000 
-0.895000  -1.660000  316 0.530000 
-0.960000  -1.870000  317 0.530000 
-0.870000  -1.690000  318 0.530000 
-0.950000  -1.820000  319 0.530000 
-0.960000  -1.870000  320 0.530000 
-0.965000  -1.880000  321 0.530000 
-0.950000  -1.840000  322 0.530000 
-0.940000  -1.800000  323 0.530000 
-0.930000  -1.770000  324 0.530000 
-0.960000  -1.860000  325 0.530000 
-0.960000  -1.850000  326 0.530000 
-0.915000  -1.740000  327 0.530000 
-0.945000  -1.810000  328 0.530000 
-0.930000  -1.750000  329 0.530000 
-0.955000  -1.830000  330 0.530000 
-0.955000  -1.860000  331 0.530000 
-0.930000  -1.780000  332 0.530000 
-0.965000  -1.870000  333 0.530000 
-0.960000  -1.860000  334 0.530000 
-0.975000  -1.900000  335 0.530000 
-0.975000  -1.910000  336 0.530000 
-0.935000  -1.760000  337 0.530000 
-0.950000  -1.840000  338 0.530000 
-0.925000  -1.740000  339 0.530000 
-0.965000  -1.880000  340 0.530000 
-0.940000  -1.810000  341 0.530000 
-0.925000  -1.780000  342 0.530000 
-0.955000  -1.840000  343 0.530000 
-0.940000  -1.850000  344 0.530000 
-0.940000  -1.820000  345 0.530000 
-0.930000  -1.810000  346 0.530000 
-0.930000  -1.790000  347 0.530000 
-0.870000  -1.630000  348 0.530000 
-0.930000  -1.760000  349 0.530000 
-0.960000  -1.870000  350 0.530000 
-0.965000  -1.870000  351 0.530000 
-0.980000  -1.930000  352 0.530000 
-0.945000  -1.820000  353 0.530000 
-0.970000  -1.880000  354 0.530000 
-0.920000  -1.730000  355 0.530000 
-0.950000  -1.840000  356 0.530000 
-0.975000  -1.910000  357 0.530000 
-0.935000  -1.780000  358 0.530000 
-0.935000  -1.800000  359 0.530000 
-0.945000  -1.870000  360 0.530000 
-0.920000  -1.720000  361 0.530000 
-0.985000  -1.940000  362 0.530000 
-0.950000  -1.830000  363 0.530000 
-0.955000  -1.850000  364 0.530000 
-0.900000  -1.690000  365 0.530000 
-0.915000  -1.750000  366 0.530000 
-0.980000  -1.920000  367 0.530000 
-0.930000  -1.740000  368 0.530000 
-0.945000  -1.800000  369 0.530000 
-0.965000  -1.880000  370 0.530000 
-0.955000  -1.840000  371 0.530000 
-0.960000  -1.870000  372 0.530000 
-0.945000  -1.810000  373 0.530000 
-0.950000  -1.840000  374 0.530000 
-0.950000  -1.860000  375 0.530000 
-0.960000  -1.850000  376 0.530000 
-0.895000  -1.710000  377 0.530000 
-0.965000  -1.860000  378 0.530000 
-0.975000  -1.900000  379 0.530000 
-0.970000  -1.880000  380 0.530000 
-0.955000  -1.850000  381 0.530000 
-0.910000  -1.710000  382 0.530000 
-0.970000  -1.900000  383 0.530000 
-0.935000  -1.800000  384 0.530000 
-0.935000  -1.800000  385 0.530000 
-0.955000  -1.840000  386 0.530000 
-0.905000  -1.710000  387 0.530000 
-0.945000  -1.850000  388 0.530000 
-0.910000  -1.730000  389 0.530000 
-0.975000  -1.910000  390 0.530000 
-0.920000  -1.730000  391 0.530000 
-0.930000  -1.770000  392 0.530000 
-0.945000  -1.860000  393 0.530000 
-0.945000  -1.850000  394 0.530000 
-0.950000  -1.830000  395 0.530000 
-0.960000  -1.870000  396 0.530000 
-0.945000  -1.830000  397 0.530000 
-0.950000  -1.820000  398 0.530000 
-0.955000  -1.840000  399 0.530000 
-0.940000  -1.830000  400 0.530000 
-0.960000  -1.850000  401 0.530000 
-0.970000  -1.890000  402 0.530000 
-0.900000  -1.650000  403 0.530000 
-0.950000  -1.820000  404 0.530000 
-0.940000  -1.800000  405 0.530000 
-0.880000  -1.690000  406 0.530000 
-0.965000  -1.870000  407 0.530000 
-0.875000  -1.710000  408 0.530000 
-0.955000  -1.840000  409 0.530000 
-0.930000  -1.790000  410 0.530000 
-0.920000  -1.790000  411 0.530000 
-0.985000  -1.950000  412 0.530000 
-0.940000  -1.820000  413 0.530000 
-0.975000  -1.900000  414 0.530000 
-0.950000  -1.830000  415 0.530000 
-0.905000  -1.690000  416 0.530000 
-0.980000  -1.920000  417 0.530000 
-0.965000  -1.890000  418 0.530000 
-0.895000  -1.750000  419 0.530000 
-0.985000  -1.940000  420 0.530000 
-0.885000  -1.630000  421 0.530000 
-0.955000  -1.850000  422 0.530000 
-0.880000  -1.700000  423 0.530000 
-0.905000  -1.750000  424 0.530000 
-0.875000  -1.650000  425 0.530000 
-0.975000  -1.900000  426 0.530000 
-0.950000  -1.820000  427 0.530000 
-0.960000  -1.860000  428 0.530000 
-0.950000  -1.830000  429 0.530000 
-0.950000  -1.810000  430 0.530000 
-0.930000  -1.760000  431 0.530000 
-0.965000  -1.870000  432 0.530000 
-0.970000  -1.900000  433 0.530000 
-0.945000  -1.870000  434 0.530000 
-0.890000  -1.750000  435 0.530000 
-0.935000  -1.790000  436 0.530000 
-0.970000  -1.910000  437 0.530000 
-0.850000  -1.610000  438 0.530000 
-0.900000  -1.690000  439 0.530000 
-0.955000  -1.840000  440 0.530000 
-0.920000  -1.760000  441 0.530000 
-0.935000  -1.780000  442 0.530000 
-0.985000  -1.940000  443 0.530000 
-0.975000  -1.900000  444 0.530000 
-0.960000  -1.860000  445 0.530000 
-0.965000  -1.890000  446 0.530000 
-0.965000  -1.880000  447 0.530000 
-0.915000  -1.730000  448 0.530000 
-0.930000  -1.790000  449 0.530000 
-0.940000  -1.800000  450 0.530000 
-0.940000  -1.800000  451 0.530000 
-0.860000  -1.730000  452 0.530000 
-0.970000  -1.880000  453 0.530000 
-0.920000  -1.730000  454 0.530000 
-0.975000  -1.900000  455 0.530000 
-0.935000  -1.780000  456 0.530000 
-0.900000  -1.690000  457 0.530000 
-0.930000  -1.750000  458 0.530000 
-0.960000  -1.850000  459 0.530000 
-0.905000  -1.750000  460 0.530000 
-0.945000  -1.830000  461 0.530000 
-0.960000  -1.850000  462 0.530000 
-0.925000  -1.760000  463 0.530000 
-0.955000  -1.880000  464 0.530000 
-0.945000  -1.820000  465 0.530000 
-0.925000  -1.770000  466 0.530000 
-0.955000  -1.850000  467 0.530000 
-0.960000  -1.850000  468 0.530000 
-0.925000  -1.830000  469 0.530000 
-0.965000  -1.860000  470 0.530000 
-0.915000  -1.720000  471 0.530000 
-0.965000  -1.880000  472 0.530000 
-0.895000  -1.740000  473 0.530000 
-0.955000  -1.830000  474 0.530000 
-0.970000  -1.890000  475 0.530000 
-0.965000  -1.890000  476 0.530000 
-0.960000  -1.860000  477 0.530000 
-0.950000  -1.850000  478 0.530000 
-0.885000  -1.710000  479 0.530000 
-0.975000  -1.910000  480 0.530000 
-0.935000  -1.780000  481 0.530000 
-0.940000  -1.850000  482 0.530000 
-0.900000  -1.700000  483 0.530000 
-0.945000  -1.790000  484 0.530000 
-0.960000  -1.840000  485 0.530000 
-0.970000  -1.890000  486 0.530000 
-0.950000  -1.840000  487 0.530000 
-0.950000  -1.840000  488 0.530000 
-0.960000  -1.860000  489 0.530000 
-0.965000  -1.860000  490 0.530000 
-0.945000  -1.840000  491 0.530000 
-0.965000  -1.860000  492 0.530000 
-0.950000  -1.830000  493 0.530000 
-0.985000  -1.940000  494 0.530000 
-0.990000  -1.970000  495 0.530000 
-0.945000  -1.810000  496 0.530000 
-0.925000  -1.760000  497 0.530000 
-0.940000  -1.800000  498 0.530000 
-0.910000  -1.700000  499 0.530000 
-0.970000  -1.890000  500 0.530000 
-0.910000  -1.740000  501 0.530000 
-0.935000  -1.820000  502 0.530000 
-0.965000  -1.860000  503 0.530000 
-0.965000  -1.860000  504 0.530000 
-0.925000  -1.760000  505 0.530000 
-0.960000  -1.870000  506 0.530000 
-0.915000  -1.860000  507 0.530000 
-0.935000  -1.760000  508 0.530000 
-0.960000  -1.860000  509 0.530000 
-0.965000  -1.870000  510 0.530000 
-0.950000  -1.810000  511 0.530000 
-0.965000  -1.870000  512 0.530000 
-0.980000  -1.920000  513 0.530000 
-0.965000  -1.860000  514 0.530000 
-0.925000  -1.760000  515 0.530000 
-0.955000  -1.840000  516 0.530000 
-0.975000  -1.900000  517 0.530000 
-0.965000  -1.880000  518 0.530000 
-0.950000  -1.820000  519 0.530000 
-0.960000  -1.850000  520 0.530000 
-0.930000  -1.750000  521 0.530000 
-0.985000  -1.940000  522 0.530000 
-0.955000  -1.870000  523 0.530000 
-0.915000  -1.810000  524 0.530000 
-0.965000  -1.860000  525 0.530000 
-0.955000  -1.830000  526 0.530000 
-0.930000  -1.770000  527 0.530000 
-0.920000  -1.790000  528 0.530000 
-0.920000  -1.770000  529 0.530000 
-0.960000  -1.850000  530 0.530000 
-0.970000  -1.890000  531 0.530000 
-0.950000  -1.830000  532 0.530000 
-0.905000  -1.770000  533 0.530000 
-0.945000  -1.790000  534 0.530000 
-0.975000  -1.900000  535 0.530000 
-0.960000  -1.850000  536 0.530000 
-0.960000  -1.870000  537 0.530000 
-0.930000  -1.790000  538 0.530000 
-0.965000  -1.860000  539 0.530000 
-0.945000  -1.820000  540 0.530000 
-0.930000  -1.740000  541 0.530000 
-0.955000  -1.820000  542 0.530000 
-0.905000  -1.700000  543 0.530000 
-0.945000  -1.810000  544 0.530000 
-0.900000  -1.750000  545 0.530000 
-0.890000  -1.700000  546 0.530000 
-0.915000  -1.750000  547 0.530000 
-0.900000  -1.700000  548 0.530000 
-0.970000  -1.890000  549 0.530000 
-0.920000  -1.790000  550 0.530000 
-0.940000  -1.780000  551 0.530000 
-0.900000  -1.730000  552 0.530000 
-0.935000  -1.770000  553 0.530000 
-0.965000  -1.870000  554 0.530000 
-0.970000  -1.890000  555 0.530000 
-0.965000  -1.870000  556 0.530000 
-0.960000  -1.840000  557 0.530000 
-0.960000  -1.860000  558 0.530000 
-0.945000  -1.810000  559 0.530000 
-0.930000  -1.800000  560 0.530000 
-0.875000  -1.690000  561 0.530000 
-0.955000  -1.850000  562 0.530000 
-0.985000  -1.940000  563 0.530000 
-0.935000  -1.780000  564 0.530000 
-0.910000  -1.710000  565 0.530000 
-0.965000  -1.890000  566 0.530000 
-0.960000  -1.860000  567 0.530000 
-0.975000  -1.910000  568 0.530000 
-0.900000  -1.700000  569 0.530000 
-0.945000  -1.800000  570 0.530000 
-0.915000  -1.730000  571 0.530000 
-0.955000  -1.890000  572 0.530000 
-0.950000  -1.830000  573 0.530000 
-0.935000  -1.790000  574 0.530000 
-0.955000  -1.850000  575 0.530000 
-0.940000  -1.800000  576 0.530000 
-0.925000  -1.750000  577 0.530000 
-0.970000  -1.880000  578 0.530000 
-0.965000  -1.880000  579 0.530000 
-0.955000  -1.850000  580 0.530000 
-0.945000  -1.780000  581 0.530000 
-0.935000  -1.850000  582 0.530000 
-0.900000  -1.720000  583 0.530000 
-0.965000  -1.880000  584 0.530000 
-0.950000  -1.840000  585 0.530000 
-0.960000  -1.850000  586 0.530000 
-0.915000  -1.750000  587 0.530000 
-0.975000  -1.900000  588 0.530000 
-0.930000  -1.790000  589 0.530000 
-0.925000  -1.780000  590 0.530000 
-0.960000  -1.860000  591 0.530000 
-0.925000  -1.830000  592 0.530000 
-0.950000  -1.820000  593 0.530000 
-0.960000  -1.850000  594 0.530000 
-0.950000  -1.840000  595 0.530000 
-0.945000  -1.840000  596 0.530000 
-0.920000  -1.760000  597 0.530000 
-0.965000  -1.870000  598 0.530000 
-0.925000  -1.750000  599 0.530000 
-0.925000  -1.750000  600 0.530000 
-0.915000  -1.720000  601 0.530000 
-0.970000  -1.880000  602 0.530000 
-0.955000  -1.890000  603 0.530000 
-0.985000  -1.950000  604 0.530000 
-0.925000  -1.790000  605 0.530000 
-0.955000  -1.850000  606 0.530000 
-0.950000  -1.840000  607 0.530000 
-0.925000  -1.770000  608 0.530000 
-0.925000  -1.740000  609 0.530000 
-0.970000  -1.890000  610 0.530000 
-0.975000  -1.910000  611 0.530000 
-0.945000  -1.820000  612 0.530000 
-0.975000  -1.910000  613 0.530000 
-0.910000  -1.750000  614 0.530000 
-0.955000  -1.840000  615 0.530000 
-0.920000  -1.700000  616 0.530000 
-0.980000  -1.920000  617 0.530000 
-0.880000  -1.770000  618 0.530000 
-0.915000  -1.740000  619 0.530000 
-0.980000  -1.930000  620 0.530000 
-0.945000  -1.850000  621 0.530000 
-0.975000  -1.900000  622 0.530000 
-0.950000  -1.810000  623 0.530000 
-0.935000  -1.820000  624 0.530000 
-0.965000  -1.890000  625 0.530000 
-0.915000  -1.730000  626 0.530000 
-0.960000  -1.890000  627 0.530000 
-0.925000  -1.780000  628 0.530000 
-0.925000  -1.760000  629 0.530000 
-0.840000  -1.570000  630 0.530000 
-0.935000  -1.800000  631 0.530000 
-0.850000  -1.670000  632 0.530000 
-0.930000  -1.750000  633 0.530000 
-0.930000  -1.780000  634 0.530000 
-0.985000  -1.940000  635 0.530000 
-0.970000  -1.900000  636 0.530000 
-0.935000  -1.790000  637 0.530000 
-0.965000  -1.860000  638 0.530000 
-0.945000  -1.800000  639 0.530000 
-0.960000  -1.900000  640 0.530000 
-0.950000  -1.830000  641 0.530000 
-0.945000  -1.810000  642 0.530000 
-0.935000  -1.770000  643 0.530000 
-0.955000  -1.830000  644 0.530000 
-0.915000  -1.780000  645 0.530000 
-0.895000  -1.700000  646 0.530000 
-0.930000  -1.780000  647 0.530000 
-0.940000  -1.800000  648 0.530000 
-0.970000  -1.880000  649 0.530000 
-0.950000  -1.820000  650 0.530000 
-0.950000  -1.840000  651 0.530000 
-0.980000  -1.930000  652 0.530000 
-0.920000  -1.750000  653 0.530000 
-0.910000  -1.810000  654 0.530000 
-0.930000  -1.780000  655 0.530000 
-0.895000  -1.740000  656 0.530000 
-0.955000  -1.840000  657 0.530000 
-0.940000  -1.830000  658 0.530000 
-0.955000  -1.830000  659 0.530000 
-0.960000  -1.860000  660 0.530000 
-0.950000  -1.820000  661 0.530000 
-0.955000  -1.830000  662 0.530000 
-0.925000  -1.780000  663 0.530000 
-0.935000  -1.780000  664 0.530000 
-0.960000  -1.860000  665 0.530000 
-0.890000  -1.760000  666 0.530000 
-0.950000  -1.810000  667 0.530000 
-0.930000  -1.770000  668 0.530000 
-0.985000  -1.940000  669 0.530000 
-0.945000  -1.810000  670 0.530000 
-0.970000  -1.890000  671 0.530000 
-0.985000  -1.940000  672 0.530000 
-0.930000  -1.780000  673 0.530000 
-0.950000  -1.880000  674 0.530000 
-0.950000  -1.800000  675 0.530000 
-0.955000  -1.840000  676 0.530000 
-0.950000  -1.830000  677 0.530000 
-0.975000  -1.900000  678 0.530000 
-0.965000  -1.860000  679 0.530000 
-0.910000  -1.780000  680 0.530000 
-0.960000  -1.850000  681 0.530000 
-0.905000  -1.730000  682 0.530000 
-0.970000  -1.890000  683 0.530000 
-0.925000  -1.770000  684 0.530000 
-0.980000  -1.920000  685 0.530000 
-0.950000  -1.820000  686 0.530000 
-0.945000  -1.850000  687 0.530000 
-0.975000  -1.900000  688 0.530000 
-0.895000  -1.670000  689 0.530000 
-0.935000  -1.780000  690 0.530000 
-0.945000  -1.790000  691 0.530000 
-0.965000  -1.860000  692 0.530000 
-0.930000  -1.760000  693 0.530000 
-0.960000  -1.850000  694 0.530000 
-0.905000  -1.740000  695 0.530000 
-0.970000  -1.900000  696 0.530000 
-0.935000  -1.780000  697 0.530000 
-0.940000  -1.790000  698 0.530000 
-0.940000  -1.780000  699 0.530000 
-0.900000  -1.680000  700 0.530000 
-0.970000  -1.900000  701 0.530000 
-0.975000  -1.910000  702 0.530000 
-0.945000  -1.830000  703 0.530000 
-0.990000  -1.960000  704 0.530000 
-0.930000  -1.760000  705 0.530000 
-0.935000  -1.780000  706 0.530000 
-0.895000  -1.720000  707 0.530000 
-0.950000  -1.800000  708 0.530000 
-0.950000  -1.810000  709 0.530000 
-0.940000  -1.820000  710 0.530000 
-0.955000  -1.870000  711 0.530000 
-0.950000  -1.840000  712 0.530000 
-0.935000  -1.760000  713 0.530000 
-0.945000  -1.800000  714 0.530000 
-0.970000  -1.880000  715 0.530000 
-0.880000  -1.740000  716 0.530000 
-0.915000  -1.770000  717 0.530000 
-0.955000  -1.840000  718 0.530000 
-0.970000  -1.900000  719 0.530000 
-0.960000  -1.870000  720 0.530000 
-0.940000  -1.780000  721 0.530000 
-0.935000  -1.760000  722 0.530000 
-0.890000  -1.650000  723 0.530000 
-0.955000  -1.840000  724 0.530000 
-0.810000  -1.640000  725 0.530000 
-0.950000  -1.810000  726 0.530000 
-0.975000  -1.900000  727 0.530000 
-0.900000  -1.720000  728 0.530000 
-0.940000  -1.790000  729 0.530000 
-0.945000  -1.830000  730 0.530000 
-0.925000  -1.800000  731 0.530000 
-0.940000  -1.810000  732 0.530000 
-0.925000  -1.720000  733 0.530000 
-0.915000  -1.750000  734 0.530000 
-0.955000  -1.890000  735 0.530000 
-0.965000  -1.910000  736 0.530000 
-0.950000  -1.830000  737 0.530000 
-0.880000  -1.680000  738 0.530000 
-0.975000  -1.910000  739 0.530000 
-0.960000  -1.890000  740 0.530000 
-0.930000  -1.790000  741 0.530000 
-0.945000  -1.800000  742 0.530000 
-0.935000  -1.760000  743 0.530000 
-0.945000  -1.820000  744 0.530000 
-0.950000  -1.820000  745 0.530000 
-0.900000  -1.760000  746 0.530000 
-0.950000  -1.870000  747 0.530000 
-0.950000  -1.830000  748 0.530000 
-0.930000  -1.780000  749 0.530000 
-0.965000  -1.900000  750 0.530000 
-0.950000  -1.810000  751 0.530000 
-0.950000  -1.830000  752 0.530000 
-0.955000  -1.850000  753 0.530000 
-0.930000  -1.770000  754 0.530000 
-0.850000  -1.730000  755 0.530000 
-0.940000  -1.850000  756 0.530000 
-0.955000  -1.830000  757 0.530000 
-0.875000  -1.630000  758 0.530000 
-0.960000  -1.870000  759 0.530000 
-0.935000  -1.800000  760 0.530000 
-0.925000  -1.830000  761 0.530000 
-0.940000  -1.800000  762 0.530000 
-0.950000  -1.820000  763 0.530000 
-0.985000  -1.940000  764 0.530000 
-0.950000  -1.810000  765 0.530000 
-0.960000  -1.850000  766 0.530000 
-0.910000  -1.710000  767 0.530000 
-0.965000  -1.870000  768 0.530000 
-0.900000  -1.690000  769 0.530000 
-0.955000  -1.840000  770 0.530000 
-0.930000  -1.760000  771 0.530000 
-0.890000  -1.790000  772 0.530000 
-0.950000  -1.850000  773 0.530000 
-0.980000  -1.920000  774 0.530000 
-0.925000  -1.770000  775 0.530000 
-0.940000  -1.800000  776 0.530000 
-0.970000  -1.880000  777 0.530000 
-0.960000  -1.860000  778 0.530000 
-0.955000  -1.850000  779 0.530000 
-0.940000  -1.800000  780 0.530000 
-0.965000  -1.870000  781 0.530000 
-0.930000  -1.760000  782 0.530000 
-0.925000  -1.790000  783 0.530000 
-0.900000  -1.720000  784 0.530000 
-0.940000  -1.790000  785 0.530000 
-0.945000  -1.810000  786 0.530000 
-0.930000  -1.850000  787 0.530000 
-0.945000  -1.830000  788 0.530000 
-0.960000  -1.870000  789 0.530000 
-0.930000  -1.770000  790 0.530000 
-0.950000  -1.830000  791 0.530000 
-0.950000  -1.810000  792 0.530000 
-0.920000  -1.720000  793 0.530000 
-0.950000  -1.860000  794 0.530000 
-0.975000  -1.920000  795 0.530000 
-0.885000  -1.700000  796 0.530000 
-0.965000  -1.880000  797 0.530000 
-0.955000  -1.850000  798 0.530000 
-0.935000  -1.800000  799 0.530000 
-0.960000  -1.840000  800 0.530000 
-0.965000  -1.870000  801 0.530000 
-0.940000  -1.840000  802 0.530000 
-0.965000  -1.860000  803 0.530000 
-0.985000  -1.940000  804 0.530000 
-0.940000  -1.780000  805 0.530000 
-0.950000  -1.840000  806 0.530000 
-0.945000  -1.820000  807 0.530000 
-0.955000  -1.820000  808 0.530000 
-0.890000  -1.720000  809 0.530000 
-0.975000  -1.910000  810 0.530000 
-0.955000  -1.830000  811 0.530000 
-0.955000  -1.840000  812 0.530000 
-0.965000  -1.870000  813 0.530000 
-0.965000  -1.860000  814 0.530000 
-0.955000  -1.870000  815 0.530000 
-0.980000  -1.920000  816 0.530000 
-0.930000  -1.790000  817 0.530000 
-0.955000  -1.860000  818 0.530000 
-0.955000  -1.840000  819 0.530000 
-0.955000  -1.860000  820 0.530000 
-0.850000  -1.640000  821 0.530000 
-0.925000  -1.760000  822 0.530000 
-0.965000  -1.860000  823 0.530000 
-0.960000  -1.860000  824 0.530000 
-0.955000  -1.840000  825 0.530000 
-0.950000  -1.880000  826 0.530000 
-0.895000  -1.720000  827 0.530000 
-0.980000  -1.930000  828 0.530000 
-0.970000  -1.890000  829 0.530000 
-0.970000  -1.880000  830 0.530000 
-0.955000  -1.840000  831 0.530000 
-0.875000  -1.620000  832 0.530000 
-0.945000  -1.800000  833 0.530000 
-0.925000  -1.740000  834 0.530000 
-0.970000  -1.900000  835 0.530000 
-0.985000  -1.940000  836 0.530000 
-0.960000  -1.860000  837 0.530000 
-0.955000  -1.840000  838 0.530000 
-0.945000  -1.810000  839 0.530000 
-0.915000  -1.770000  840 0.530000 
-0.950000  -1.830000  841 0.530000 
-0.930000  -1.790000  842 0.530000 
-0.930000  -1.740000  843 0.530000 
-0.895000  -1.740000  844 0.530000 
-0.945000  -1.800000  845 0.530000 
-0.950000  -1.820000  846 0.530000 
-0.925000  -1.750000  847 0.530000 
-0.975000  -1.910000  848 0.530000 
-0.960000  -1.860000  849 0.530000 
-0.910000  -1.710000  850 0.530000 
-0.935000  -1.860000  851 0.530000 
-0.940000  -1.830000  852 0.530000 
-0.965000  -1.870000  853 0.530000 
-0.935000  -1.800000  854 0.530000 
-0.960000  -1.860000  855 0.530000 
-0.900000  -1.760000  856 0.530000 
-0.960000  -1.840000  857 0.530000 
-0.935000  -1.760000  858 0.530000 
-0.945000  -1.810000  859 0.530000 
-0.925000  -1.780000  860 0.530000 
-0.980000  -1.920000  861 0.530000 
-0.975000  -1.910000  862 0.530000 
-0.945000  -1.790000  863 0.530000 
-0.930000  -1.750000  864 0.530000 
-0.975000  -1.900000  865 0.530000 
-0.935000  -1.800000  866 0.530000 
-0.830000  -1.620000  867 0.530000 
-0.945000  -1.790000  868 0.530000 
-0.925000  -1.740000  869 0.530000 
-0.950000  -1.820000  870 0.530000 
-0.955000  -1.860000  871 0.530000 
-0.970000  -1.890000  872 0.530000 
-0.930000  -1.770000  873 0.530000 
-0.980000  -1.930000  874 0.530000 
-0.970000  -1.890000  875 0.530000 
-0.915000  -1.720000  876 0.530000 
-0.905000  -1.710000  877 0.530000 
-0.965000  -1.870000  878 0.530000 
-0.960000  -1.870000  879 0.530000 
-0.920000  -1.760000  880 0.530000 
-0.900000  -1.680000  881 0.530000 
-0.970000  -1.890000  882 0.530000 
-0.965000  -1.890000  883 0.530000 
-0.880000  -1.710000  884 0.530000 
-0.930000  -1.780000  885 0.530000 
-0.920000  -1.820000  886 0.530000 
-0.995000  -1.980000  887 0.530000 
-0.940000  -1.790000  888 0.530000 
-0.975000  -1.900000  889 0.530000 
-0.915000  -1.710000  890 0.530000 
-0.885000  -1.720000  891 0.530000 
-0.920000  -1.740000  892 0.530000 
-0.845000  -1.650000  893 0.530000 
-0.860000  -1.750000  894 0.530000 
-0.960000  -1.860000  895 0.530000 
-0.950000  -1.850000  896 0.530000 
-0.970000  -1.880000  897 0.530000 
-0.930000  -1.780000  898 0.530000 
-0.940000  -1.790000  899 0.530000 
-0.960000  -1.870000  900 0.530000 
-0.930000  -1.760000  901 0.530000 
-0.965000  -1.870000  902 0.530000 
-0.940000  -1.830000  903 0.530000 
-0.950000  -1.830000  904 0.530000 
-0.870000  -1.720000  905 0.530000 
-0.950000  -1.820000  906 0.530000 
-0.955000  -1.850000  907 0.530000 
-0.970000  -1.890000  908 0.530000 
-0.955000  -1.830000  909 0.530000 
-0.955000  -1.830000  910 0.530000 
-0.950000  -1.840000  911 0.530000 
-0.955000  -1.870000  912 0.530000 
-0.935000  -1.780000  913 0.530000 
-0.890000  -1.720000  914 0.530000 
-0.945000  -1.810000  915 0.530000 
-0.970000  -1.900000  916 0.530000 
-0.955000  -1.850000  917 0.530000 
-0.950000  -1.840000  918 0.530000 
-0.865000  -1.630000  919 0.530000 
-0.945000  -1.820000  920 0.530000 
-0.915000  -1.740000  921 0.530000 
-0.975000  -1.910000  922 0.530000 
-0.930000  -1.760000  923 0.530000 
-0.935000  -1.830000  924 0.530000 
-0.950000  -1.830000  925 0.530000 
-0.955000  -1.830000  926 0.530000 
-0.975000  -1.910000  927 0.530000 
-0.915000  -1.750000  928 0.530000 
-0.910000  -1.720000  929 0.530000 
-0.985000  -1.940000  930 0.530000 
-0.955000  -1.830000  931 0.530000 
-0.930000  -1.800000  932 0.530000 
-0.925000  -1.750000  933 0.530000 
-0.910000  -1.730000  934 0.530000 
-0.940000  -1.800000  935 0.530000 
-0.970000  -1.890000  936 0.530000 
-0.975000  -1.900000  937 0.530000 
-0.905000  -1.700000  938 0.530000 
-0.950000  -1.810000  939 0.530000 
-0.980000  -1.930000  940 0.530000 
-0.960000  -1.860000  941 0.530000 
-0.950000  -1.810000  942 0.530000 
-0.950000  -1.820000  943 0.530000 
-0.905000  -1.710000  944 0.530000 
-0.960000  -1.850000  945 0.530000 
-0.985000  -1.940000  946 0.530000 
-0.925000  -1.750000  947 0.530000 
-0.905000  -1.750000  948 0.530000 
-0.880000  -1.670000  949 0.530000 
-0.950000  -1.840000  950 0.530000 
-0.915000  -1.750000  951 0.530000 
-0.955000  -1.840000  952 0.530000 
-0.890000  -1.660000  953 0.530000 
-0.955000  -1.870000  954 0.530000 
-0.955000  -1.870000  955 0.530000 
-0.940000  -1.810000  956 0.530000 
-0.975000  -1.900000  957 0.530000 
-0.885000  -1.670000  958 0.530000 
-0.960000  -1.840000  959 0.530000 
-0.960000  -1.860000  960 0.530000 
-0.975000  -1.900000  961 0.530000 
-0.910000  -1.790000  962 0.530000 
-0.975000  -1.920000  963 0.530000 
-0.945000  -1.820000  964 0.530000 
-0.980000  -1.920000  965 0.530000 
-0.945000  -1.850000  966 0.530000 
-0.925000  -1.770000  967 0.530000 
-0.955000  -1.830000  968 0.530000 
-0.960000  -1.840000  969 0.530000 
-0.910000  -1.680000  970 0.530000 
-0.975000  -1.900000  971 0.530000 
-0.955000  -1.870000  972 0.530000 
-0.975000  -1.910000  973 0.530000 
-0.950000  -1.840000  974 0.530000 
-0.975000  -1.910000  975 0.530000 
-0.960000  -1.860000  976 0.530000 
-0.960000  -1.850000  977 0.530000 
-0.950000  -1.840000  978 0.530000 
-0.955000  -1.840000  979 0.530000 
-0.950000  -1.810000  980 0.530000 
-0.880000  -1.730000  981 0.530000 
-0.940000  -1.810000  982 0.530000 
-0.945000  -1.780000  983 0.530000 
-0.930000  -1.780000  984 0.530000 
-0.925000  -1.750000  985 0.530000 
-0.980000  -1.920000  986 0.530000 
-0.925000  -1.760000  987 0.530000 
-0.975000  -1.900000  988 0.530000 
-0.925000  -1.750000  989 0.530000 
-0.930000  -1.800000  990 0.530000 
-0.945000  -1.830000  991 0.530000 
-0.950000  -1.830000  992 0.530000 
-0.970000  -1.890000  993 0.530000 
-0.935000  -1.800000  994 0.530000 
-0.925000  -1.760000  995 0.530000 
-0.940000  -1.780000  996 0.530000 
-0.950000  -1.830000  997 0.530000 
-0.945000  -1.810000  998 0.530000 
-0.950000  -1.830000  999 0.530000 
