-0.280000  -0.910000  0 0.370000 
-0.215000  -0.860000  1 0.370000 
0.235000  -1.140000  2 0.370000 
-0.390000  -1.100000  3 0.370000 
-0.005000  -0.930000  4 0.370000 
-0.060000  -0.930000  5 0.370000 
-0.270000  -1.000000  6 0.370000 
-0.035000  -0.730000  7 0.370000 
-0.290000  -0.950000  8 0.370000 
-0.040000  -0.820000  9 0.370000 
-0.225000  -0.890000  10 0.370000 
-0.285000  -1.120000  11 0.370000 
0.040000  -0.750000  12 0.370000 
-0.130000  -0.880000  13 0.370000 
-0.280000  -0.890000  14 0.370000 
-0.175000  -1.060000  15 0.370000 
0.230000  -1.270000  16 0.370000 
0.200000  -0.970000  17 0.370000 
0.130000  -0.880000  18 0.370000 
-0.140000  -1.010000  19 0.370000 
0.200000  -0.880000  20 0.370000 
0.030000  -1.080000  21 0.370000 
0.030000  -1.010000  22 0.370000 
-0.005000  -1.010000  23 0.370000 
-0.140000  -0.920000  24 0.370000 
0.100000  -1.170000  25 0.370000 
0.375000  -0.960000  26 0.370000 
0.005000  -0.980000  27 0.370000 
0.075000  -0.930000  28 0.370000 
-0.160000  -1.070000  29 0.370000 
-0.325000  -0.990000  30 0.370000 
0.085000  -0.880000  31 0.370000 
-0.065000  -0.880000  32 0.370000 
0.150000  -0.850000  33 0.370000 
-0.050000  -0.990000  34 0.370000 
-0.130000  -0.970000  35 0.370000 
-0.025000  -0.880000  36 0.370000 
-0.280000  -0.960000  37 0.370000 
0.225000  -0.960000  38 0.370000 
-0.035000  -0.960000  39 0.370000 
-0.100000  -1.030000  40 0.370000 
0.305000  -0.990000  41 0.370000 
-0.100000  -0.920000  42 0.370000 
-0.230000  -0.930000  43 0.370000 
0.060000  -0.770000  44 0.370000 
0.040000  -0.880000  45 0.370000 
-0.040000  -0.830000  46 0.370000 
-0.160000  -1.040000  47 0.370000 
-0.225000  -1.050000  48 0.370000 
0.025000  -0.980000  49 0.370000 
-0.345000  -0.970000  50 0.370000 
-0.255000  -0.850000  51 0.370000 
0.420000  -1.060000  52 0.370000 
0.020000  -0.960000  53 0.370000 
-0.140000  -0.930000  54 0.370000 
-0.140000  -0.970000  55 0.370000 
0.255000  -0.840000  56 0.370000 
-0.125000  -0.800000  57 0.370000 
0.020000  -0.840000  58 0.370000 
-0.155000  -1.000000  59 0.370000 
0.210000  -1.040000  60 0.370000 
-0.105000  -0.990000  61 0.370000 
-0.290000  -1.030000  62 0.370000 
-0.450000  -1.060000  63 0.370000 
-0.330000  -1.040000  64 0.370000 
0.020000  -0.970000  65 0.370000 
-0.290000  -0.840000  66 0.370000 
0.225000  -1.090000  67 0.370000 
-0.250000  -1.090000  68 0.370000 
0.195000  -0.940000  69 0.370000 
0.085000  -0.940000  70 0.370000 
-0.275000  -1.090000  71 0.370000 
-0.365000  -0.970000  72 0.370000 
-0.275000  -1.160000  73 0.370000 
0.075000  -0.890000  74 0.370000 
0.185000  -0.940000  75 0.370000 
0.070000  -0.880000  76 0.370000 
0.115000  -0.850000  77 0.370000 
0.210000  -1.150000  78 0.370000 
0.160000  -0.960000  79 0.370000 
0.290000  -0.890000  80 0.370000 
0.355000  -1.000000  81 0.370000 
-0.475000  -1.240000  82 0.370000 
-0.025000  -0.840000  83 0.370000 
0.095000  -0.740000  84 0.370000 
-0.010000  -0.840000  85 0.370000 
-0.170000  -0.750000  86 0.370000 
-0.010000  -0.840000  87 0.370000 
-0.420000  -1.160000  88 0.370000 
-0.055000  -0.900000  89 0.370000 
-0.150000  -0.930000  90 0.370000 
0.085000  -1.000000  91 0.370000 
0.270000  -0.920000  92 0.370000 
-0.110000  -0.950000  93 0.370000 
-0.040000  -1.000000  94 0.370000 
-0.545000  -1.230000  95 0.370000 
-0.100000  -0.920000  96 0.370000 
-0.030000  -1.000000  97 0.370000 
-0.035000  -1.000000  98 0.370000 
-0.355000  -1.030000  99 0.370000 
-0.130000  -0.910000  100 0.370000 
-0.045000  -0.880000  101 0.370000 
0.085000  -0.910000  102 0.370000 
-0.145000  -0.780000  103 0.370000 
-0.325000  -0.970000  104 0.370000 
0.065000  -0.900000  105 0.370000 
-0.315000  -1.100000  106 0.370000 
-0.260000  -1.060000  107 0.370000 
-0.340000  -0.900000  108 0.370000 
0.075000  -0.920000  109 0.370000 
-0.135000  -0.830000  110 0.370000 
0.270000  -0.930000  111 0.370000 
0.120000  -0.920000  112 0.370000 
-0.100000  -0.960000  113 0.370000 
0.045000  -0.820000  114 0.370000 
-0.130000  -0.780000  115 0.370000 
-0.710000  -1.280000  116 0.370000 
-0.375000  -0.910000  117 0.370000 
0.240000  -0.990000  118 0.370000 
-0.035000  -0.880000  119 0.370000 
0.250000  -0.900000  120 0.370000 
0.060000  -1.000000  121 0.370000 
-0.130000  -0.850000  122 0.370000 
-0.260000  -0.870000  123 0.370000 
0.115000  -0.790000  124 0.370000 
0.130000  -0.710000  125 0.370000 
0.320000  -0.940000  126 0.370000 
0.355000  -1.050000  127 0.370000 
0.335000  -1.040000  128 0.370000 
-0.285000  -1.040000  129 0.370000 
-0.085000  -1.020000  130 0.370000 
0.085000  -0.940000  131 0.370000 
-0.175000  -0.850000  132 0.370000 
0.285000  -1.010000  133 0.370000 
0.315000  -1.020000  134 0.370000 
0.265000  -1.040000  135 0.370000 
-0.405000  -1.080000  136 0.370000 
0.225000  -1.020000  137 0.370000 
-0.190000  -1.030000  138 0.370000 
0.030000  -1.110000  139 0.370000 
0.285000  -0.890000  140 0.370000 
0.520000  -1.080000  141 0.370000 
-0.085000  -1.020000  142 0.370000 
-0.040000  -0.860000  143 0.370000 
0.065000  -0.980000  144 0.370000 
-0.040000  -1.000000  145 0.370000 
0.065000  -1.040000  146 0.370000 
-0.050000  -0.900000  147 0.370000 
-0.025000  -0.800000  148 0.370000 
0.155000  -1.110000  149 0.370000 
0.275000  -0.910000  150 0.370000 
-0.325000  -1.050000  151 0.370000 
-0.010000  -0.900000  152 0.370000 
-0.180000  -1.000000  153 0.370000 
0.235000  -0.910000  154 0.370000 
0.275000  -0.840000  155 0.370000 
0.080000  -0.980000  156 0.370000 
0.205000  -1.090000  157 0.370000 
-0.255000  -0.930000  158 0.370000 
0.365000  -0.870000  159 0.370000 
-0.065000  -0.850000  160 0.370000 
0.200000  -1.060000  161 0.370000 
0.065000  -1.020000  162 0.370000 
0.350000  -0.980000  163 0.370000 
-0.135000  -0.920000  164 0.370000 
0.330000  -1.080000  165 0.370000 
0.155000  -0.630000  166 0.370000 
-0.010000  -0.800000  167 0.370000 
-0.325000  -0.900000  168 0.370000 
-0.030000  -0.990000  169 0.370000 
0.610000  -1.010000  170 0.370000 
-0.150000  -0.950000  171 0.370000 
0.010000  -0.880000  172 0.370000 
0.220000  -0.970000  173 0.370000 
-0.515000  -1.220000  174 0.370000 
-0.390000  -1.110000  175 0.370000 
-0.020000  -0.940000  176 0.370000 
0.215000  -0.780000  177 0.370000 
0.240000  -0.910000  178 0.370000 
0.080000  -0.830000  179 0.370000 
0.330000  -1.010000  180 0.370000 
0.130000  -1.140000  181 0.370000 
0.010000  -0.860000  182 0.370000 
0.260000  -0.970000  183 0.370000 
-0.055000  -1.030000  184 0.370000 
-0.035000  -0.910000  185 0.370000 
0.275000  -1.010000  186 0.370000 
0.180000  -0.770000  187 0.370000 
-0.465000  -1.120000  188 0.370000 
0.125000  -0.930000  189 0.370000 
-0.045000  -1.070000  190 0.370000 
0.240000  -1.030000  191 0.370000 
0.045000  -0.930000  192 0.370000 
0.235000  -0.860000  193 0.370000 
-0.240000  -1.010000  194 0.370000 
0.450000  -0.970000  195 0.370000 
0.015000  -1.160000  196 0.370000 
0.050000  -0.940000  197 0.370000 
0.275000  -1.070000  198 0.370000 
0.030000  -1.100000  199 0.370000 
-0.310000  -1.080000  200 0.370000 
0.295000  -1.010000  201 0.370000 
-0.395000  -0.980000  202 0.370000 
0.200000  -0.930000  203 0.370000 
0.220000  -1.130000  204 0.370000 
-0.025000  -0.880000  205 0.370000 
-0.125000  -0.810000  206 0.370000 
-0.060000  -0.980000  207 0.370000 
0.215000  -0.820000  208 0.370000 
-0.240000  -0.870000  209 0.370000 
-0.010000  -1.060000  210 0.370000 
-0.065000  -0.890000  211 0.370000 
-0.020000  -0.820000  212 0.370000 
0.160000  -0.810000  213 0.370000 
0.225000  -1.000000  214 0.370000 
0.320000  -0.950000  215 0.370000 
0.155000  -0.760000  216 0.370000 
0.110000  -1.010000  217 0.370000 
-0.150000  -0.720000  218 0.370000 
-0.380000  -1.140000  219 0.370000 
0.225000  -0.870000  220 0.370000 
0.255000  -0.950000  221 0.370000 
-0.085000  -1.120000  222 0.370000 
-0.215000  -1.040000  223 0.370000 
0.115000  -1.000000  224 0.370000 
-0.215000  -0.830000  225 0.370000 
0.260000  -1.020000  226 0.370000 
0.270000  -0.900000  227 0.370000 
-0.010000  -0.940000  228 0.370000 
0.150000  -0.950000  229 0.370000 
-0.200000  -0.980000  230 0.370000 
0.240000  -1.080000  231 0.370000 
0.080000  -0.880000  232 0.370000 
-0.020000  -0.970000  233 0.370000 
0.075000  -0.970000  234 0.370000 
-0.250000  -0.930000  235 0.370000 
0.130000  -1.020000  236 0.370000 
0.060000  -1.090000  237 0.370000 
-0.320000  -0.970000  238 0.370000 
-0.170000  -0.950000  239 0.370000 
-0.200000  -0.820000  240 0.370000 
-0.395000  -1.100000  241 0.370000 
0.065000  -0.920000  242 0.370000 
0.370000  -1.090000  243 0.370000 
0.070000  -1.020000  244 0.370000 
-0.215000  -0.950000  245 0.370000 
0.060000  -0.710000  246 0.370000 
-0.390000  -1.020000  247 0.370000 
-0.015000  -0.950000  248 0.370000 
-0.110000  -0.950000  249 0.370000 
0.370000  -1.120000  250 0.370000 
0.280000  -1.040000  251 0.370000 
0.165000  -1.110000  252 0.370000 
-0.350000  -1.070000  253 0.370000 
-0.030000  -0.810000  254 0.370000 
-0.050000  -0.870000  255 0.370000 
-0.470000  -1.040000  256 0.370000 
0.020000  -0.840000  257 0.370000 
-0.115000  -1.110000  258 0.370000 
-0.005000  -1.070000  259 0.370000 
0.075000  -0.830000  260 0.370000 
-0.210000  -1.000000  261 0.370000 
-0.055000  -0.910000  262 0.370000 
-0.030000  -0.830000  263 0.370000 
-0.340000  -0.910000  264 0.370000 
-0.265000  -0.910000  265 0.370000 
-0.375000  -1.090000  266 0.370000 
0.280000  -1.110000  267 0.370000 
-0.065000  -0.880000  268 0.370000 
0.030000  -0.910000  269 0.370000 
0.300000  -1.000000  270 0.370000 
0.220000  -0.980000  271 0.370000 
-0.305000  -0.930000  272 0.370000 
0.430000  -1.070000  273 0.370000 
0.225000  -0.810000  274 0.370000 
0.020000  -1.000000  275 0.370000 
-0.135000  -1.050000  276 0.370000 
-0.065000  -1.020000  277 0.370000 
0.195000  -0.970000  278 0.370000 
0.165000  -1.090000  279 0.370000 
-0.010000  -0.790000  280 0.370000 
0.225000  -0.800000  281 0.370000 
-0.095000  -1.020000  282 0.370000 
0.420000  -1.030000  283 0.370000 
-0.250000  -1.200000  284 0.370000 
-0.290000  -1.050000  285 0.370000 
0.150000  -1.120000  286 0.370000 
0.085000  -0.770000  287 0.370000 
0.030000  -0.890000  288 0.370000 
-0.280000  -0.990000  289 0.370000 
-0.225000  -0.870000  290 0.370000 
-0.400000  -1.020000  291 0.370000 
0.590000  -1.130000  292 0.370000 
0.365000  -0.960000  293 0.370000 
0.200000  -0.920000  294 0.370000 
-0.065000  -1.010000  295 0.370000 
0.540000  -1.070000  296 0.370000 
0.075000  -0.840000  297 0.370000 
0.005000  -0.860000  298 0.370000 
0.155000  -1.090000  299 0.370000 
-0.185000  -0.970000  300 0.370000 
-0.200000  -0.890000  301 0.370000 
-0.360000  -0.950000  302 0.370000 
-0.020000  -0.960000  303 0.370000 
0.550000  -1.220000  304 0.370000 
0.065000  -0.970000  305 0.370000 
0.000000  -0.970000  306 0.370000 
0.300000  -1.000000  307 0.370000 
-0.040000  -0.800000  308 0.370000 
-0.010000  -0.880000  309 0.370000 
0.195000  -1.000000  310 0.370000 
0.395000  -1.100000  311 0.370000 
0.015000  -0.720000  312 0.370000 
0.050000  -0.930000  313 0.370000 
0.280000  -1.140000  314 0.370000 
0.060000  -1.080000  315 0.370000 
-0.270000  -1.090000  316 0.370000 
0.460000  -0.970000  317 0.370000 
-0.030000  -1.050000  318 0.370000 
0.365000  -0.920000  319 0.370000 
0.015000  -0.950000  320 0.370000 
-0.195000  -0.830000  321 0.370000 
-0.005000  -0.990000  322 0.370000 
-0.005000  -1.020000  323 0.370000 
-0.445000  -0.940000  324 0.370000 
0.095000  -0.930000  325 0.370000 
-0.395000  -1.080000  326 0.370000 
-0.590000  -1.230000  327 0.370000 
0.190000  -0.830000  328 0.370000 
-0.095000  -1.030000  329 0.370000 
0.025000  -1.010000  330 0.370000 
0.295000  -1.080000  331 0.370000 
-0.080000  -1.030000  332 0.370000 
-0.135000  -0.880000  333 0.370000 
-0.005000  -0.860000  334 0.370000 
0.445000  -0.940000  335 0.370000 
-0.135000  -0.780000  336 0.370000 
0.305000  -1.060000  337 0.370000 
0.210000  -1.250000  338 0.370000 
-0.130000  -0.910000  339 0.370000 
-0.260000  -1.150000  340 0.370000 
-0.085000  -0.790000  341 0.370000 
-0.175000  -0.880000  342 0.370000 
-0.210000  -0.950000  343 0.370000 
-0.425000  -1.150000  344 0.370000 
-0.345000  -1.080000  345 0.370000 
-0.365000  -1.020000  346 0.370000 
-0.375000  -0.900000  347 0.370000 
0.170000  -0.920000  348 0.370000 
0.350000  -0.940000  349 0.370000 
0.180000  -1.000000  350 0.370000 
0.190000  -0.980000  351 0.370000 
0.455000  -1.040000  352 0.370000 
-0.400000  -1.030000  353 0.370000 
-0.085000  -1.160000  354 0.370000 
0.190000  -0.930000  355 0.370000 
-0.260000  -0.960000  356 0.370000 
0.405000  -1.030000  357 0.370000 
-0.115000  -1.030000  358 0.370000 
-0.270000  -0.980000  359 0.370000 
-0.490000  -1.040000  360 0.370000 
-0.270000  -0.910000  361 0.370000 
-0.220000  -0.820000  362 0.370000 
-0.085000  -1.050000  363 0.370000 
-0.115000  -0.860000  364 0.370000 
-0.090000  -0.870000  365 0.370000 
0.020000  -1.020000  366 0.370000 
-0.470000  -1.160000  367 0.370000 
-0.345000  -0.860000  368 0.370000 
0.465000  -1.240000  369 0.370000 
0.065000  -0.750000  370 0.370000 
-0.370000  -0.830000  371 0.370000 
-0.460000  -0.970000  372 0.370000 
0.090000  -1.000000  373 0.370000 
-0.050000  -0.880000  374 0.370000 
-0.095000  -0.720000  375 0.370000 
0.145000  -0.820000  376 0.370000 
-0.250000  -0.860000  377 0.370000 
0.050000  -0.890000  378 0.370000 
-0.250000  -0.860000  379 0.370000 
0.240000  -0.800000  380 0.370000 
-0.030000  -0.900000  381 0.370000 
-0.160000  -1.010000  382 0.370000 
-0.215000  -1.110000  383 0.370000 
0.205000  -1.010000  384 0.370000 
-0.040000  -0.890000  385 0.370000 
-0.275000  -1.000000  386 0.370000 
0.125000  -1.000000  387 0.370000 
0.305000  -1.090000  388 0.370000 
-0.345000  -1.000000  389 0.370000 
0.435000  -0.940000  390 0.370000 
-0.045000  -0.980000  391 0.370000 
-0.285000  -1.000000  392 0.370000 
-0.015000  -1.090000  393 0.370000 
0.045000  -0.880000  394 0.370000 
-0.170000  -0.860000  395 0.370000 
-0.060000  -0.970000  396 0.370000 
-0.420000  -1.160000  397 0.370000 
-0.440000  -1.010000  398 0.370000 
0.035000  -0.800000  399 0.370000 
0.135000  -0.980000  400 0.370000 
-0.145000  -0.900000  401 0.370000 
0.440000  -1.140000  402 0.370000 
-0.305000  -1.050000  403 0.370000 
-0.160000  -1.070000  404 0.370000 
-0.235000  -0.970000  405 0.370000 
0.400000  -1.150000  406 0.370000 
-0.185000  -0.790000  407 0.370000 
-0.100000  -0.820000  408 0.370000 
0.250000  -0.950000  409 0.370000 
-0.165000  -0.800000  410 0.370000 
0.325000  -0.940000  411 0.370000 
-0.215000  -1.050000  412 0.370000 
-0.285000  -0.930000  413 0.370000 
0.460000  -1.050000  414 0.370000 
0.440000  -1.080000  415 0.370000 
-0.355000  -1.000000  416 0.370000 
-0.325000  -0.870000  417 0.370000 
-0.010000  -0.970000  418 0.370000 
0.255000  -0.990000  419 0.370000 
-0.055000  -0.910000  420 0.370000 
-0.050000  -0.820000  421 0.370000 
0.040000  -0.850000  422 0.370000 
-0.270000  -0.920000  423 0.370000 
0.150000  -0.850000  424 0.370000 
-0.075000  -0.990000  425 0.370000 
-0.240000  -0.880000  426 0.370000 
-0.030000  -0.890000  427 0.370000 
-0.275000  -0.920000  428 0.370000 
0.365000  -0.940000  429 0.370000 
0.045000  -0.820000  430 0.370000 
-0.215000  -0.920000  431 0.370000 
0.100000  -0.830000  432 0.370000 
0.415000  -1.050000  433 0.370000 
-0.075000  -0.970000  434 0.370000 
-0.130000  -1.050000  435 0.370000 
0.120000  -0.960000  436 0.370000 
0.535000  -1.150000  437 0.370000 
0.350000  -0.940000  438 0.370000 
0.095000  -1.050000  439 0.370000 
0.190000  -0.900000  440 0.370000 
-0.305000  -1.030000  441 0.370000 
0.065000  -0.850000  442 0.370000 
-0.025000  -0.800000  443 0.370000 
0.070000  -1.070000  444 0.370000 
0.150000  -0.680000  445 0.370000 
0.575000  -1.160000  446 0.370000 
-0.370000  -0.950000  447 0.370000 
0.120000  -1.020000  448 0.370000 
0.080000  -0.960000  449 0.370000 
0.250000  -0.810000  450 0.370000 
-0.485000  -1.100000  451 0.370000 
0.225000  -0.950000  452 0.370000 
0.005000  -0.790000  453 0.370000 
-0.090000  -0.950000  454 0.370000 
-0.325000  -1.030000  455 0.370000 
-0.330000  -0.980000  456 0.370000 
0.260000  -0.920000  457 0.370000 
0.180000  -1.010000  458 0.370000 
0.035000  -0.920000  459 0.370000 
-0.295000  -0.970000  460 0.370000 
-0.050000  -0.990000  461 0.370000 
0.360000  -0.930000  462 0.370000 
-0.110000  -0.750000  463 0.370000 
0.045000  -0.870000  464 0.370000 
0.050000  -1.010000  465 0.370000 
-0.275000  -0.850000  466 0.370000 
-0.035000  -0.860000  467 0.370000 
0.125000  -1.020000  468 0.370000 
0.225000  -0.820000  469 0.370000 
0.005000  -1.070000  470 0.370000 
0.075000  -0.930000  471 0.370000 
-0.290000  -0.990000  472 0.370000 
0.075000  -0.950000  473 0.370000 
0.285000  -0.960000  474 0.370000 
0.565000  -1.290000  475 0.370000 
0.085000  -0.940000  476 0.370000 
-0.010000  -1.050000  477 0.370000 
0.075000  -0.760000  478 0.370000 
-0.120000  -1.020000  479 0.370000 
-0.225000  -0.970000  480 0.370000 
-0.120000  -0.870000  481 0.370000 
-0.195000  -1.100000  482 0.370000 
-0.055000  -0.750000  483 0.370000 
-0.200000  -0.900000  484 0.370000 
0.295000  -1.050000  485 0.370000 
0.415000  -0.930000  486 0.370000 
0.140000  -0.900000  487 0.370000 
-0.050000  -1.050000  488 0.370000 
0.070000  -0.880000  489 0.370000 
-0.020000  -0.760000  490 0.370000 
0.460000  -1.050000  491 0.370000 
-0.390000  -1.010000  492 0.370000 
0.235000  -0.810000  493 0.370000 
-0.440000  -0.950000  494 0.370000 
0.175000  -1.180000  495 0.370000 
-0.080000  -0.920000  496 0.370000 
0.190000  -0.970000  497 0.370000 
-0.095000  -1.080000  498 0.370000 
0.190000  -0.980000  499 0.370000 
-0.155000  -0.790000  500 0.370000 
0.155000  -0.960000  501 0.370000 
-0.110000  -1.130000  502 0.370000 
0.405000  -0.950000  503 0.370000 
0.130000  -0.800000  504 0.370000 
-0.025000  -0.840000  505 0.370000 
-0.140000  -0.920000  506 0.370000 
-0.275000  -0.930000  507 0.370000 
-0.025000  -1.010000  508 0.370000 
0.085000  -0.950000  509 0.370000 
-0.295000  -0.980000  510 0.370000 
0.060000  -0.900000  511 0.370000 
0.225000  -1.030000  512 0.370000 
0.110000  -0.990000  513 0.370000 
-0.100000  -0.950000  514 0.370000 
0.520000  -1.200000  515 0.370000 
0.350000  -0.860000  516 0.370000 
0.010000  -0.930000  517 0.370000 
0.195000  -1.050000  518 0.370000 
0.180000  -0.930000  519 0.370000 
0.210000  -0.920000  520 0.370000 
-0.240000  -1.120000  521 0.370000 
0.130000  -0.840000  522 0.370000 
-0.050000  -0.980000  523 0.370000 
-0.175000  -1.000000  524 0.370000 
0.155000  -0.910000  525 0.370000 
0.290000  -1.090000  526 0.370000 
0.275000  -1.000000  527 0.370000 
0.415000  -0.940000  528 0.370000 
0.375000  -0.940000  529 0.370000 
-0.060000  -0.960000  530 0.370000 
-0.075000  -0.750000  531 0.370000 
-0.030000  -1.000000  532 0.370000 
0.100000  -1.060000  533 0.370000 
0.010000  -1.030000  534 0.370000 
0.370000  -1.100000  535 0.370000 
0.240000  -0.880000  536 0.370000 
-0.040000  -0.890000  537 0.370000 
0.400000  -0.990000  538 0.370000 
-0.145000  -0.840000  539 0.370000 
0.110000  -1.010000  540 0.370000 
-0.090000  -0.840000  541 0.370000 
0.055000  -0.990000  542 0.370000 
-0.210000  -0.890000  543 0.370000 
-0.190000  -0.890000  544 0.370000 
-0.010000  -0.980000  545 0.370000 
-0.405000  -1.120000  546 0.370000 
-0.010000  -0.920000  547 0.370000 
0.245000  -1.180000  548 0.370000 
-0.155000  -0.950000  549 0.370000 
-0.140000  -0.850000  550 0.370000 
0.040000  -0.970000  551 0.370000 
-0.105000  -0.940000  552 0.370000 
-0.140000  -0.980000  553 0.370000 
-0.060000  -0.840000  554 0.370000 
-0.285000  -0.930000  555 0.370000 
-0.230000  -0.960000  556 0.370000 
0.040000  -0.930000  557 0.370000 
-0.035000  -0.800000  558 0.370000 
0.040000  -1.000000  559 0.370000 
0.085000  -0.950000  560 0.370000 
-0.270000  -0.900000  561 0.370000 
0.215000  -0.820000  562 0.370000 
0.285000  -0.970000  563 0.370000 
0.410000  -0.980000  564 0.370000 
-0.300000  -0.950000  565 0.370000 
-0.345000  -1.160000  566 0.370000 
0.135000  -0.820000  567 0.370000 
-0.130000  -0.940000  568 0.370000 
-0.060000  -0.790000  569 0.370000 
0.120000  -0.970000  570 0.370000 
0.275000  -0.950000  571 0.370000 
-0.110000  -0.740000  572 0.370000 
-0.080000  -0.930000  573 0.370000 
0.330000  -0.850000  574 0.370000 
0.310000  -1.070000  575 0.370000 
0.280000  -1.090000  576 0.370000 
0.065000  -0.840000  577 0.370000 
0.190000  -1.040000  578 0.370000 
-0.100000  -0.820000  579 0.370000 
-0.265000  -1.070000  580 0.370000 
-0.175000  -0.930000  581 0.370000 
-0.255000  -0.950000  582 0.370000 
0.340000  -0.830000  583 0.370000 
0.100000  -1.050000  584 0.370000 
-0.080000  -0.930000  585 0.370000 
0.585000  -1.320000  586 0.370000 
-0.010000  -0.840000  587 0.370000 
-0.200000  -1.040000  588 0.370000 
0.015000  -0.820000  589 0.370000 
0.355000  -1.110000  590 0.370000 
0.270000  -0.910000  591 0.370000 
-0.115000  -0.800000  592 0.370000 
-0.260000  -0.960000  593 0.370000 
0.185000  -0.920000  594 0.370000 
-0.380000  -1.180000  595 0.370000 
-0.240000  -0.880000  596 0.370000 
-0.440000  -1.020000  597 0.370000 
-0.480000  -1.010000  598 0.370000 
-0.365000  -0.840000  599 0.370000 
-0.090000  -0.970000  600 0.370000 
-0.135000  -0.990000  601 0.370000 
0.020000  -0.940000  602 0.370000 
0.205000  -0.880000  603 0.370000 
0.060000  -0.940000  604 0.370000 
-0.235000  -1.010000  605 0.370000 
-0.375000  -1.030000  606 0.370000 
-0.060000  -0.920000  607 0.370000 
0.285000  -1.000000  608 0.370000 
0.045000  -0.860000  609 0.370000 
-0.430000  -1.030000  610 0.370000 
-0.045000  -1.040000  611 0.370000 
0.000000  -0.940000  612 0.370000 
-0.575000  -1.210000  613 0.370000 
-0.175000  -0.980000  614 0.370000 
0.175000  -1.020000  615 0.370000 
0.240000  -1.080000  616 0.370000 
-0.310000  -1.020000  617 0.370000 
-0.230000  -1.010000  618 0.370000 
-0.485000  -1.070000  619 0.370000 
0.035000  -1.000000  620 0.370000 
-0.370000  -0.940000  621 0.370000 
0.525000  -0.970000  622 0.370000 
-0.155000  -1.010000  623 0.370000 
0.275000  -1.060000  624 0.370000 
-0.150000  -1.010000  625 0.370000 
0.370000  -0.970000  626 0.370000 
0.035000  -0.930000  627 0.370000 
-0.050000  -0.980000  628 0.370000 
-0.335000  -1.000000  629 0.370000 
-0.080000  -0.840000  630 0.370000 
0.060000  -1.060000  631 0.370000 
-0.055000  -0.870000  632 0.370000 
-0.045000  -0.930000  633 0.370000 
-0.135000  -0.920000  634 0.370000 
-0.165000  -0.760000  635 0.370000 
0.040000  -0.940000  636 0.370000 
0.280000  -1.040000  637 0.370000 
0.105000  -0.970000  638 0.370000 
0.265000  -1.010000  639 0.370000 
0.225000  -0.900000  640 0.370000 
-0.400000  -1.100000  641 0.370000 
-0.335000  -0.870000  642 0.370000 
-0.030000  -0.970000  643 0.370000 
0.030000  -0.990000  644 0.370000 
0.360000  -1.050000  645 0.370000 
0.105000  -0.920000  646 0.370000 
0.070000  -1.010000  647 0.370000 
-0.130000  -0.970000  648 0.370000 
0.120000  -0.910000  649 0.370000 
0.340000  -1.060000  650 0.370000 
-0.045000  -0.990000  651 0.370000 
0.085000  -0.870000  652 0.370000 
-0.125000  -0.940000  653 0.370000 
0.170000  -0.930000  654 0.370000 
-0.175000  -0.970000  655 0.370000 
-0.070000  -0.760000  656 0.370000 
-0.210000  -0.970000  657 0.370000 
-0.360000  -1.120000  658 0.370000 
0.140000  -0.890000  659 0.370000 
0.215000  -1.130000  660 0.370000 
-0.455000  -1.010000  661 0.370000 
0.100000  -0.820000  662 0.370000 
-0.085000  -0.910000  663 0.370000 
-0.130000  -1.070000  664 0.370000 
-0.465000  -0.990000  665 0.370000 
0.065000  -0.860000  666 0.370000 
0.005000  -0.870000  667 0.370000 
-0.115000  -0.960000  668 0.370000 
0.080000  -1.020000  669 0.370000 
0.035000  -0.990000  670 0.370000 
-0.140000  -0.950000  671 0.370000 
-0.180000  -0.970000  672 0.370000 
-0.045000  -1.070000  673 0.370000 
0.235000  -0.880000  674 0.370000 
-0.030000  -0.860000  675 0.370000 
-0.465000  -1.050000  676 0.370000 
-0.045000  -1.050000  677 0.370000 
-0.370000  -0.860000  678 0.370000 
-0.415000  -0.930000  679 0.370000 
0.220000  -0.850000  680 0.370000 
0.010000  -0.920000  681 0.370000 
-0.305000  -0.950000  682 0.370000 
0.120000  -0.990000  683 0.370000 
-0.425000  -1.090000  684 0.370000 
-0.155000  -0.840000  685 0.370000 
0.295000  -1.010000  686 0.370000 
0.190000  -0.810000  687 0.370000 
0.210000  -0.920000  688 0.370000 
-0.060000  -0.870000  689 0.370000 
-0.325000  -0.950000  690 0.370000 
-0.230000  -0.990000  691 0.370000 
-0.265000  -0.910000  692 0.370000 
0.190000  -0.790000  693 0.370000 
-0.110000  -0.850000  694 0.370000 
0.180000  -0.850000  695 0.370000 
-0.135000  -0.860000  696 0.370000 
0.435000  -1.160000  697 0.370000 
-0.450000  -1.050000  698 0.370000 
0.100000  -0.890000  699 0.370000 
-0.085000  -0.990000  700 0.370000 
-0.440000  -0.990000  701 0.370000 
-0.340000  -1.020000  702 0.370000 
0.465000  -1.160000  703 0.370000 
-0.650000  -1.160000  704 0.370000 
-0.365000  -1.030000  705 0.370000 
-0.060000  -0.820000  706 0.370000 
0.115000  -0.970000  707 0.370000 
-0.325000  -0.810000  708 0.370000 
0.010000  -0.890000  709 0.370000 
0.200000  -0.990000  710 0.370000 
-0.530000  -1.250000  711 0.370000 
-0.080000  -1.020000  712 0.370000 
0.195000  -0.930000  713 0.370000 
-0.355000  -1.070000  714 0.370000 
0.405000  -1.060000  715 0.370000 
0.350000  -0.870000  716 0.370000 
0.130000  -0.990000  717 0.370000 
-0.040000  -0.860000  718 0.370000 
-0.055000  -0.980000  719 0.370000 
0.125000  -0.890000  720 0.370000 
-0.540000  -1.100000  721 0.370000 
-0.095000  -1.030000  722 0.370000 
0.125000  -0.920000  723 0.370000 
-0.310000  -1.050000  724 0.370000 
0.185000  -1.100000  725 0.370000 
-0.190000  -1.020000  726 0.370000 
-0.005000  -0.850000  727 0.370000 
0.075000  -0.850000  728 0.370000 
-0.125000  -0.940000  729 0.370000 
-0.540000  -1.150000  730 0.370000 
-0.210000  -0.830000  731 0.370000 
-0.275000  -0.780000  732 0.370000 
0.045000  -1.040000  733 0.370000 
-0.085000  -0.830000  734 0.370000 
0.105000  -1.080000  735 0.370000 
0.135000  -1.020000  736 0.370000 
0.035000  -0.850000  737 0.370000 
0.130000  -0.950000  738 0.370000 
0.240000  -0.960000  739 0.370000 
-0.215000  -0.960000  740 0.370000 
0.215000  -0.850000  741 0.370000 
0.160000  -0.790000  742 0.370000 
-0.355000  -0.990000  743 0.370000 
0.355000  -1.080000  744 0.370000 
-0.095000  -0.960000  745 0.370000 
0.265000  -0.990000  746 0.370000 
0.000000  -0.970000  747 0.370000 
0.030000  -0.960000  748 0.370000 
-0.195000  -0.850000  749 0.370000 
-0.185000  -0.930000  750 0.370000 
-0.105000  -0.860000  751 0.370000 
-0.450000  -1.010000  752 0.370000 
0.330000  -1.010000  753 0.370000 
0.010000  -0.600000  754 0.370000 
-0.305000  -0.940000  755 0.370000 
-0.100000  -0.940000  756 0.370000 
-0.225000  -0.940000  757 0.370000 
-0.285000  -0.780000  758 0.370000 
-0.305000  -0.920000  759 0.370000 
0.190000  -0.790000  760 0.370000 
0.180000  -0.940000  761 0.370000 
0.235000  -0.840000  762 0.370000 
-0.160000  -0.850000  763 0.370000 
-0.290000  -1.130000  764 0.370000 
-0.145000  -1.070000  765 0.370000 
0.040000  -0.860000  766 0.370000 
0.205000  -0.990000  767 0.370000 
-0.315000  -0.970000  768 0.370000 
0.020000  -0.860000  769 0.370000 
0.570000  -1.170000  770 0.370000 
0.335000  -1.000000  771 0.370000 
0.080000  -0.850000  772 0.370000 
-0.350000  -1.060000  773 0.370000 
0.085000  -0.970000  774 0.370000 
-0.090000  -0.960000  775 0.370000 
0.200000  -0.950000  776 0.370000 
-0.425000  -1.030000  777 0.370000 
-0.215000  -1.130000  778 0.370000 
0.130000  -0.700000  779 0.370000 
-0.090000  -0.930000  780 0.370000 
0.420000  -0.900000  781 0.370000 
-0.230000  -0.900000  782 0.370000 
-0.210000  -0.970000  783 0.370000 
-0.030000  -1.000000  784 0.370000 
0.040000  -0.830000  785 0.370000 
-0.080000  -0.880000  786 0.370000 
-0.150000  -1.030000  787 0.370000 
-0.405000  -1.130000  788 0.370000 
-0.490000  -1.100000  789 0.370000 
0.110000  -0.870000  790 0.370000 
-0.145000  -1.010000  791 0.370000 
-0.190000  -0.890000  792 0.370000 
-0.295000  -1.030000  793 0.370000 
-0.120000  -0.730000  794 0.370000 
0.180000  -1.080000  795 0.370000 
-0.095000  -0.990000  796 0.370000 
-0.110000  -0.950000  797 0.370000 
0.105000  -0.920000  798 0.370000 
-0.005000  -1.010000  799 0.370000 
0.045000  -0.890000  800 0.370000 
-0.030000  -0.850000  801 0.370000 
0.050000  -0.950000  802 0.370000 
-0.115000  -0.990000  803 0.370000 
-0.070000  -0.880000  804 0.370000 
-0.050000  -0.990000  805 0.370000 
0.165000  -0.790000  806 0.370000 
-0.230000  -1.070000  807 0.370000 
-0.015000  -0.800000  808 0.370000 
0.410000  -1.000000  809 0.370000 
-0.250000  -0.900000  810 0.370000 
0.200000  -1.080000  811 0.370000 
0.220000  -0.780000  812 0.370000 
0.275000  -1.030000  813 0.370000 
0.285000  -1.060000  814 0.370000 
-0.290000  -0.960000  815 0.370000 
-0.060000  -0.840000  816 0.370000 
0.370000  -0.900000  817 0.370000 
0.545000  -1.110000  818 0.370000 
-0.375000  -1.040000  819 0.370000 
-0.060000  -1.140000  820 0.370000 
-0.080000  -0.950000  821 0.370000 
0.145000  -0.760000  822 0.370000 
0.305000  -0.960000  823 0.370000 
0.260000  -0.920000  824 0.370000 
0.060000  -0.890000  825 0.370000 
0.440000  -1.010000  826 0.370000 
0.520000  -1.050000  827 0.370000 
0.190000  -0.810000  828 0.370000 
-0.230000  -0.930000  829 0.370000 
0.105000  -0.660000  830 0.370000 
0.035000  -0.850000  831 0.370000 
0.400000  -1.050000  832 0.370000 
0.135000  -0.870000  833 0.370000 
0.015000  -0.750000  834 0.370000 
0.010000  -0.850000  835 0.370000 
0.270000  -0.960000  836 0.370000 
-0.010000  -0.940000  837 0.370000 
-0.300000  -1.040000  838 0.370000 
-0.245000  -0.880000  839 0.370000 
0.405000  -0.980000  840 0.370000 
0.130000  -1.050000  841 0.370000 
-0.040000  -0.860000  842 0.370000 
-0.405000  -0.940000  843 0.370000 
0.300000  -1.140000  844 0.370000 
0.060000  -1.020000  845 0.370000 
0.235000  -0.870000  846 0.370000 
-0.030000  -0.960000  847 0.370000 
-0.265000  -1.000000  848 0.370000 
-0.050000  -0.970000  849 0.370000 
-0.240000  -0.790000  850 0.370000 
0.250000  -0.750000  851 0.370000 
0.330000  -0.910000  852 0.370000 
-0.415000  -1.080000  853 0.370000 
-0.005000  -0.860000  854 0.370000 
-0.105000  -1.020000  855 0.370000 
-0.005000  -0.920000  856 0.370000 
-0.015000  -1.140000  857 0.370000 
0.205000  -1.120000  858 0.370000 
-0.340000  -0.920000  859 0.370000 
-0.100000  -1.010000  860 0.370000 
-0.080000  -0.900000  861 0.370000 
-0.100000  -0.870000  862 0.370000 
0.085000  -0.810000  863 0.370000 
-0.290000  -1.070000  864 0.370000 
-0.135000  -0.960000  865 0.370000 
0.020000  -0.840000  866 0.370000 
0.135000  -0.840000  867 0.370000 
-0.100000  -0.870000  868 0.370000 
-0.055000  -0.810000  869 0.370000 
0.055000  -1.040000  870 0.370000 
-0.130000  -0.780000  871 0.370000 
-0.295000  -0.900000  872 0.370000 
-0.320000  -0.950000  873 0.370000 
-0.135000  -0.820000  874 0.370000 
-0.275000  -0.960000  875 0.370000 
0.325000  -0.930000  876 0.370000 
0.115000  -1.070000  877 0.370000 
0.070000  -0.800000  878 0.370000 
-0.035000  -0.770000  879 0.370000 
0.105000  -1.220000  880 0.370000 
0.165000  -1.000000  881 0.370000 
0.065000  -1.000000  882 0.370000 
-0.040000  -0.980000  883 0.370000 
0.120000  -0.940000  884 0.370000 
-0.160000  -1.090000  885 0.370000 
-0.210000  -0.920000  886 0.370000 
-0.045000  -1.050000  887 0.370000 
-0.340000  -0.820000  888 0.370000 
-0.100000  -1.110000  889 0.370000 
-0.170000  -0.920000  890 0.370000 
-0.040000  -1.040000  891 0.370000 
0.230000  -0.840000  892 0.370000 
0.125000  -0.920000  893 0.370000 
0.505000  -1.070000  894 0.370000 
-0.480000  -1.140000  895 0.370000 
0.410000  -0.990000  896 0.370000 
-0.185000  -1.010000  897 0.370000 
0.250000  -1.040000  898 0.370000 
0.195000  -0.900000  899 0.370000 
-0.105000  -0.950000  900 0.370000 
0.175000  -1.050000  901 0.370000 
-0.085000  -0.720000  902 0.370000 
0.075000  -0.820000  903 0.370000 
-0.150000  -0.960000  904 0.370000 
-0.065000  -0.860000  905 0.370000 
0.005000  -1.000000  906 0.370000 
0.150000  -0.840000  907 0.370000 
-0.240000  -1.070000  908 0.370000 
0.195000  -0.910000  909 0.370000 
0.300000  -0.820000  910 0.370000 
-0.330000  -1.000000  911 0.370000 
0.085000  -0.990000  912 0.370000 
0.165000  -0.860000  913 0.370000 
-0.235000  -1.070000  914 0.370000 
-0.325000  -1.030000  915 0.370000 
-0.305000  -0.980000  916 0.370000 
0.240000  -0.830000  917 0.370000 
0.430000  -0.990000  918 0.370000 
0.005000  -0.990000  919 0.370000 
-0.160000  -0.880000  920 0.370000 
-0.085000  -0.960000  921 0.370000 
0.085000  -0.880000  922 0.370000 
-0.300000  -0.960000  923 0.370000 
0.205000  -0.970000  924 0.370000 
-0.360000  -0.890000  925 0.370000 
-0.615000  -1.110000  926 0.370000 
-0.095000  -0.840000  927 0.370000 
0.025000  -0.980000  928 0.370000 
0.095000  -1.000000  929 0.370000 
-0.005000  -1.020000  930 0.370000 
-0.060000  -0.890000  931 0.370000 
0.065000  -1.080000  932 0.370000 
-0.360000  -1.110000  933 0.370000 
-0.320000  -1.190000  934 0.370000 
0.075000  -0.810000  935 0.370000 
-0.310000  -0.960000  936 0.370000 
-0.330000  -0.900000  937 0.370000 
0.045000  -0.920000  938 0.370000 
-0.285000  -0.850000  939 0.370000 
0.105000  -0.820000  940 0.370000 
-0.115000  -0.980000  941 0.370000 
-0.095000  -0.970000  942 0.370000 
-0.375000  -1.040000  943 0.370000 
-0.060000  -0.880000  944 0.370000 
0.110000  -1.120000  945 0.370000 
-0.005000  -0.870000  946 0.370000 
-0.350000  -0.980000  947 0.370000 
0.185000  -0.870000  948 0.370000 
0.350000  -0.940000  949 0.370000 
0.135000  -0.930000  950 0.370000 
0.225000  -1.040000  951 0.370000 
0.280000  -0.990000  952 0.370000 
0.060000  -1.100000  953 0.370000 
-0.105000  -0.940000  954 0.370000 
0.265000  -1.090000  955 0.370000 
0.180000  -1.010000  956 0.370000 
0.285000  -0.850000  957 0.370000 
0.170000  -0.980000  958 0.370000 
0.100000  -0.870000  959 0.370000 
-0.085000  -1.020000  960 0.370000 
0.005000  -1.090000  961 0.370000 
0.600000  -1.100000  962 0.370000 
0.150000  -0.930000  963 0.370000 
0.270000  -0.860000  964 0.370000 
-0.155000  -0.880000  965 0.370000 
-0.060000  -1.130000  966 0.370000 
0.275000  -1.080000  967 0.370000 
0.280000  -1.020000  968 0.370000 
0.345000  -0.940000  969 0.370000 
0.250000  -0.920000  970 0.370000 
-0.255000  -1.140000  971 0.370000 
0.415000  -1.010000  972 0.370000 
0.430000  -0.830000  973 0.370000 
-0.045000  -0.960000  974 0.370000 
0.220000  -0.960000  975 0.370000 
0.340000  -0.990000  976 0.370000 
-0.325000  -1.000000  977 0.370000 
-0.025000  -0.850000  978 0.370000 
-0.035000  -0.950000  979 0.370000 
-0.420000  -1.030000  980 0.370000 
-0.180000  -0.930000  981 0.370000 
0.295000  -1.080000  982 0.370000 
0.005000  -0.860000  983 0.370000 
-0.120000  -0.920000  984 0.370000 
-0.200000  -0.960000  985 0.370000 
-0.025000  -0.950000  986 0.370000 
0.105000  -0.830000  987 0.370000 
-0.035000  -0.930000  988 0.370000 
-0.195000  -0.890000  989 0.370000 
-0.245000  -0.920000  990 0.370000 
-0.110000  -0.940000  991 0.370000 
0.035000  -0.960000  992 0.370000 
0.235000  -1.010000  993 0.370000 
-0.145000  -0.920000  994 0.370000 
0.055000  -0.990000  995 0.370000 
-0.275000  -1.280000  996 0.370000 
-0.035000  -1.140000  997 0.370000 
-0.355000  -0.830000  998 0.370000 
-0.020000  -0.810000  999 0.370000 
