-0.125000  -0.760000  0 0.360000 
0.030000  -0.810000  1 0.360000 
-0.010000  -0.990000  2 0.360000 
-0.150000  -0.910000  3 0.360000 
-0.095000  -0.940000  4 0.360000 
0.175000  -0.770000  5 0.360000 
0.090000  -0.960000  6 0.360000 
-0.225000  -0.950000  7 0.360000 
-0.165000  -0.890000  8 0.360000 
-0.050000  -0.850000  9 0.360000 
-0.075000  -0.720000  10 0.360000 
-0.025000  -0.800000  11 0.360000 
-0.195000  -0.790000  12 0.360000 
0.155000  -0.990000  13 0.360000 
0.120000  -0.830000  14 0.360000 
-0.240000  -0.890000  15 0.360000 
-0.050000  -0.800000  16 0.360000 
-0.115000  -1.050000  17 0.360000 
0.075000  -1.010000  18 0.360000 
0.235000  -0.820000  19 0.360000 
-0.085000  -0.890000  20 0.360000 
0.160000  -0.930000  21 0.360000 
0.525000  -1.110000  22 0.360000 
-0.275000  -0.880000  23 0.360000 
0.010000  -0.800000  24 0.360000 
0.140000  -0.990000  25 0.360000 
0.230000  -0.760000  26 0.360000 
-0.240000  -0.990000  27 0.360000 
0.090000  -0.990000  28 0.360000 
0.020000  -0.820000  29 0.360000 
-0.075000  -0.680000  30 0.360000 
0.170000  -0.730000  31 0.360000 
0.090000  -0.950000  32 0.360000 
-0.075000  -0.750000  33 0.360000 
-0.320000  -0.860000  34 0.360000 
0.110000  -0.900000  35 0.360000 
-0.180000  -0.860000  36 0.360000 
0.185000  -0.940000  37 0.360000 
0.470000  -0.990000  38 0.360000 
-0.610000  -1.150000  39 0.360000 
-0.065000  -0.960000  40 0.360000 
0.295000  -0.970000  41 0.360000 
-0.040000  -0.940000  42 0.360000 
-0.200000  -0.910000  43 0.360000 
-0.075000  -0.900000  44 0.360000 
-0.110000  -0.970000  45 0.360000 
-0.340000  -1.000000  46 0.360000 
-0.125000  -0.890000  47 0.360000 
-0.095000  -0.910000  48 0.360000 
0.035000  -0.820000  49 0.360000 
0.025000  -0.780000  50 0.360000 
0.415000  -1.120000  51 0.360000 
0.125000  -1.000000  52 0.360000 
0.230000  -0.960000  53 0.360000 
0.310000  -0.970000  54 0.360000 
0.030000  -0.890000  55 0.360000 
-0.310000  -1.070000  56 0.360000 
-0.175000  -0.840000  57 0.360000 
0.265000  -1.130000  58 0.360000 
0.280000  -0.920000  59 0.360000 
0.035000  -0.920000  60 0.360000 
-0.205000  -0.860000  61 0.360000 
-0.185000  -1.170000  62 0.360000 
-0.055000  -1.010000  63 0.360000 
-0.095000  -0.890000  64 0.360000 
-0.210000  -0.810000  65 0.360000 
0.410000  -0.890000  66 0.360000 
0.075000  -0.780000  67 0.360000 
0.190000  -0.900000  68 0.360000 
-0.095000  -0.860000  69 0.360000 
0.170000  -1.100000  70 0.360000 
0.015000  -0.830000  71 0.360000 
0.070000  -1.010000  72 0.360000 
-0.010000  -0.890000  73 0.360000 
0.115000  -1.010000  74 0.360000 
0.220000  -0.940000  75 0.360000 
-0.310000  -0.940000  76 0.360000 
0.010000  -0.950000  77 0.360000 
0.020000  -0.830000  78 0.360000 
0.315000  -1.070000  79 0.360000 
0.095000  -0.880000  80 0.360000 
0.020000  -0.890000  81 0.360000 
-0.355000  -0.910000  82 0.360000 
-0.010000  -0.870000  83 0.360000 
-0.015000  -0.870000  84 0.360000 
0.530000  -1.050000  85 0.360000 
-0.415000  -1.190000  86 0.360000 
-0.105000  -0.770000  87 0.360000 
0.085000  -0.750000  88 0.360000 
0.355000  -1.060000  89 0.360000 
0.290000  -0.740000  90 0.360000 
0.000000  -0.960000  91 0.360000 
0.130000  -0.950000  92 0.360000 
0.135000  -0.990000  93 0.360000 
0.100000  -0.980000  94 0.360000 
0.170000  -0.990000  95 0.360000 
-0.005000  -1.060000  96 0.360000 
-0.065000  -0.730000  97 0.360000 
-0.020000  -1.120000  98 0.360000 
-0.035000  -0.790000  99 0.360000 
0.160000  -0.870000  100 0.360000 
0.275000  -0.790000  101 0.360000 
0.025000  -1.040000  102 0.360000 
0.130000  -0.890000  103 0.360000 
0.490000  -1.090000  104 0.360000 
0.275000  -0.900000  105 0.360000 
-0.140000  -1.000000  106 0.360000 
-0.165000  -0.950000  107 0.360000 
-0.075000  -0.920000  108 0.360000 
0.095000  -0.790000  109 0.360000 
-0.020000  -0.970000  110 0.360000 
0.330000  -1.100000  111 0.360000 
0.165000  -0.850000  112 0.360000 
0.240000  -0.860000  113 0.360000 
-0.080000  -0.810000  114 0.360000 
-0.105000  -1.020000  115 0.360000 
0.340000  -1.020000  116 0.360000 
0.335000  -1.080000  117 0.360000 
0.080000  -0.880000  118 0.360000 
-0.080000  -1.050000  119 0.360000 
-0.230000  -0.800000  120 0.360000 
0.020000  -0.950000  121 0.360000 
0.370000  -1.220000  122 0.360000 
0.235000  -0.920000  123 0.360000 
-0.340000  -0.910000  124 0.360000 
-0.360000  -0.870000  125 0.360000 
-0.300000  -0.910000  126 0.360000 
0.125000  -1.010000  127 0.360000 
0.205000  -1.010000  128 0.360000 
0.155000  -0.870000  129 0.360000 
-0.050000  -0.790000  130 0.360000 
-0.225000  -0.900000  131 0.360000 
0.100000  -1.110000  132 0.360000 
0.010000  -0.900000  133 0.360000 
0.230000  -1.010000  134 0.360000 
-0.140000  -0.870000  135 0.360000 
0.035000  -0.830000  136 0.360000 
-0.190000  -0.940000  137 0.360000 
-0.205000  -1.040000  138 0.360000 
0.240000  -0.960000  139 0.360000 
-0.050000  -0.900000  140 0.360000 
0.120000  -1.120000  141 0.360000 
-0.165000  -0.840000  142 0.360000 
-0.075000  -0.980000  143 0.360000 
-0.540000  -1.000000  144 0.360000 
0.095000  -0.830000  145 0.360000 
0.510000  -1.050000  146 0.360000 
0.040000  -0.810000  147 0.360000 
-0.270000  -0.950000  148 0.360000 
-0.030000  -0.760000  149 0.360000 
0.290000  -1.130000  150 0.360000 
-0.070000  -1.000000  151 0.360000 
0.195000  -0.950000  152 0.360000 
0.005000  -0.930000  153 0.360000 
-0.470000  -1.140000  154 0.360000 
-0.030000  -0.860000  155 0.360000 
0.065000  -0.890000  156 0.360000 
-0.185000  -0.900000  157 0.360000 
0.105000  -0.910000  158 0.360000 
0.075000  -1.050000  159 0.360000 
-0.115000  -0.870000  160 0.360000 
-0.160000  -0.880000  161 0.360000 
-0.050000  -0.820000  162 0.360000 
0.240000  -0.950000  163 0.360000 
-0.195000  -0.930000  164 0.360000 
-0.050000  -0.840000  165 0.360000 
-0.195000  -0.850000  166 0.360000 
-0.180000  -0.980000  167 0.360000 
0.140000  -0.950000  168 0.360000 
-0.360000  -1.000000  169 0.360000 
-0.250000  -0.990000  170 0.360000 
-0.145000  -0.950000  171 0.360000 
-0.220000  -0.900000  172 0.360000 
-0.025000  -0.940000  173 0.360000 
0.060000  -0.890000  174 0.360000 
0.180000  -0.860000  175 0.360000 
-0.140000  -0.830000  176 0.360000 
-0.415000  -0.970000  177 0.360000 
-0.310000  -0.900000  178 0.360000 
0.145000  -0.860000  179 0.360000 
0.105000  -0.870000  180 0.360000 
-0.070000  -0.970000  181 0.360000 
0.255000  -1.000000  182 0.360000 
0.095000  -0.920000  183 0.360000 
-0.025000  -0.680000  184 0.360000 
-0.230000  -0.970000  185 0.360000 
0.065000  -1.020000  186 0.360000 
0.050000  -0.850000  187 0.360000 
-0.365000  -0.940000  188 0.360000 
-0.015000  -0.830000  189 0.360000 
-0.080000  -0.840000  190 0.360000 
-0.220000  -0.880000  191 0.360000 
-0.190000  -0.900000  192 0.360000 
-0.180000  -1.160000  193 0.360000 
0.425000  -1.040000  194 0.360000 
0.180000  -0.890000  195 0.360000 
0.230000  -0.760000  196 0.360000 
0.005000  -0.870000  197 0.360000 
0.155000  -0.830000  198 0.360000 
-0.380000  -1.100000  199 0.360000 
-0.125000  -0.860000  200 0.360000 
-0.065000  -0.770000  201 0.360000 
0.065000  -0.870000  202 0.360000 
-0.285000  -0.920000  203 0.360000 
0.015000  -0.920000  204 0.360000 
-0.235000  -1.010000  205 0.360000 
0.015000  -0.880000  206 0.360000 
0.155000  -1.040000  207 0.360000 
-0.225000  -1.110000  208 0.360000 
-0.095000  -0.890000  209 0.360000 
0.035000  -0.890000  210 0.360000 
0.450000  -0.890000  211 0.360000 
0.015000  -0.920000  212 0.360000 
-0.430000  -0.960000  213 0.360000 
-0.075000  -0.970000  214 0.360000 
0.255000  -1.070000  215 0.360000 
-0.085000  -0.910000  216 0.360000 
-0.700000  -1.250000  217 0.360000 
0.040000  -0.830000  218 0.360000 
-0.240000  -0.900000  219 0.360000 
-0.135000  -1.010000  220 0.360000 
0.055000  -0.850000  221 0.360000 
-0.110000  -0.940000  222 0.360000 
-0.025000  -1.090000  223 0.360000 
0.145000  -0.950000  224 0.360000 
-0.115000  -0.970000  225 0.360000 
-0.115000  -0.920000  226 0.360000 
0.225000  -0.850000  227 0.360000 
-0.095000  -0.910000  228 0.360000 
-0.320000  -0.940000  229 0.360000 
0.160000  -0.980000  230 0.360000 
0.220000  -1.050000  231 0.360000 
0.055000  -0.730000  232 0.360000 
0.010000  -1.010000  233 0.360000 
0.495000  -1.010000  234 0.360000 
0.140000  -0.890000  235 0.360000 
0.035000  -0.970000  236 0.360000 
0.060000  -1.060000  237 0.360000 
0.190000  -0.950000  238 0.360000 
-0.335000  -0.970000  239 0.360000 
-0.055000  -1.020000  240 0.360000 
-0.120000  -0.920000  241 0.360000 
-0.090000  -0.890000  242 0.360000 
-0.290000  -0.900000  243 0.360000 
0.195000  -0.910000  244 0.360000 
-0.015000  -0.740000  245 0.360000 
-0.110000  -0.970000  246 0.360000 
-0.010000  -0.770000  247 0.360000 
-0.110000  -0.950000  248 0.360000 
-0.030000  -0.810000  249 0.360000 
0.275000  -1.110000  250 0.360000 
0.300000  -0.910000  251 0.360000 
0.385000  -0.990000  252 0.360000 
0.010000  -0.950000  253 0.360000 
0.030000  -0.650000  254 0.360000 
-0.305000  -1.060000  255 0.360000 
-0.110000  -0.760000  256 0.360000 
-0.155000  -0.950000  257 0.360000 
-0.090000  -0.820000  258 0.360000 
0.165000  -0.900000  259 0.360000 
0.360000  -1.070000  260 0.360000 
-0.010000  -0.810000  261 0.360000 
0.245000  -0.890000  262 0.360000 
0.110000  -0.890000  263 0.360000 
-0.035000  -0.910000  264 0.360000 
0.005000  -0.950000  265 0.360000 
0.280000  -0.890000  266 0.360000 
0.445000  -1.090000  267 0.360000 
-0.065000  -0.820000  268 0.360000 
-0.200000  -0.840000  269 0.360000 
0.250000  -0.920000  270 0.360000 
0.490000  -1.010000  271 0.360000 
-0.285000  -0.880000  272 0.360000 
-0.420000  -0.860000  273 0.360000 
-0.050000  -0.950000  274 0.360000 
-0.005000  -0.850000  275 0.360000 
-0.210000  -0.930000  276 0.360000 
-0.115000  -0.850000  277 0.360000 
-0.050000  -0.860000  278 0.360000 
-0.190000  -0.990000  279 0.360000 
-0.290000  -0.950000  280 0.360000 
0.045000  -0.690000  281 0.360000 
-0.245000  -0.980000  282 0.360000 
0.135000  -0.900000  283 0.360000 
-0.290000  -0.930000  284 0.360000 
-0.025000  -1.010000  285 0.360000 
-0.430000  -1.130000  286 0.360000 
0.345000  -0.900000  287 0.360000 
0.075000  -0.760000  288 0.360000 
0.135000  -1.050000  289 0.360000 
0.285000  -0.990000  290 0.360000 
0.110000  -0.950000  291 0.360000 
-0.010000  -0.880000  292 0.360000 
-0.090000  -1.020000  293 0.360000 
0.080000  -0.860000  294 0.360000 
-0.090000  -0.700000  295 0.360000 
-0.020000  -1.040000  296 0.360000 
-0.140000  -0.910000  297 0.360000 
0.240000  -0.970000  298 0.360000 
0.105000  -0.820000  299 0.360000 
0.185000  -0.790000  300 0.360000 
0.070000  -0.930000  301 0.360000 
0.295000  -1.070000  302 0.360000 
0.190000  -0.990000  303 0.360000 
0.200000  -0.970000  304 0.360000 
0.000000  -1.100000  305 0.360000 
0.065000  -0.860000  306 0.360000 
-0.395000  -0.990000  307 0.360000 
-0.365000  -1.050000  308 0.360000 
-0.560000  -1.100000  309 0.360000 
-0.050000  -0.810000  310 0.360000 
-0.130000  -0.790000  311 0.360000 
0.185000  -0.920000  312 0.360000 
-0.125000  -0.880000  313 0.360000 
-0.300000  -0.990000  314 0.360000 
0.015000  -0.980000  315 0.360000 
-0.210000  -0.930000  316 0.360000 
0.245000  -0.930000  317 0.360000 
-0.310000  -0.880000  318 0.360000 
0.060000  -0.850000  319 0.360000 
0.280000  -0.990000  320 0.360000 
-0.025000  -0.760000  321 0.360000 
-0.175000  -0.900000  322 0.360000 
-0.410000  -1.070000  323 0.360000 
-0.195000  -0.920000  324 0.360000 
-0.110000  -0.840000  325 0.360000 
-0.100000  -0.870000  326 0.360000 
-0.160000  -0.860000  327 0.360000 
0.265000  -1.010000  328 0.360000 
0.075000  -0.760000  329 0.360000 
0.080000  -0.780000  330 0.360000 
0.005000  -0.820000  331 0.360000 
-0.295000  -0.940000  332 0.360000 
-0.325000  -1.010000  333 0.360000 
-0.105000  -1.000000  334 0.360000 
-0.190000  -0.910000  335 0.360000 
-0.020000  -0.920000  336 0.360000 
0.065000  -0.950000  337 0.360000 
0.005000  -1.100000  338 0.360000 
-0.225000  -0.910000  339 0.360000 
-0.345000  -0.930000  340 0.360000 
-0.290000  -0.910000  341 0.360000 
-0.005000  -1.110000  342 0.360000 
-0.270000  -0.930000  343 0.360000 
-0.405000  -0.950000  344 0.360000 
0.360000  -1.040000  345 0.360000 
-0.215000  -1.050000  346 0.360000 
0.195000  -0.990000  347 0.360000 
0.510000  -1.000000  348 0.360000 
0.055000  -0.790000  349 0.360000 
0.255000  -1.050000  350 0.360000 
0.240000  -0.980000  351 0.360000 
-0.025000  -0.870000  352 0.360000 
0.310000  -1.030000  353 0.360000 
0.360000  -0.870000  354 0.360000 
-0.080000  -0.860000  355 0.360000 
-0.215000  -1.080000  356 0.360000 
0.205000  -0.800000  357 0.360000 
-0.090000  -0.940000  358 0.360000 
0.225000  -0.990000  359 0.360000 
-0.115000  -0.850000  360 0.360000 
0.150000  -0.910000  361 0.360000 
0.030000  -0.750000  362 0.360000 
-0.290000  -0.860000  363 0.360000 
0.215000  -0.810000  364 0.360000 
0.070000  -0.900000  365 0.360000 
-0.195000  -0.770000  366 0.360000 
0.120000  -0.930000  367 0.360000 
-0.155000  -0.800000  368 0.360000 
0.135000  -0.880000  369 0.360000 
0.150000  -0.730000  370 0.360000 
0.030000  -0.910000  371 0.360000 
-0.265000  -0.710000  372 0.360000 
0.090000  -0.760000  373 0.360000 
0.115000  -0.860000  374 0.360000 
-0.250000  -0.900000  375 0.360000 
-0.130000  -0.860000  376 0.360000 
0.410000  -0.970000  377 0.360000 
-0.340000  -0.990000  378 0.360000 
-0.240000  -1.010000  379 0.360000 
-0.070000  -0.920000  380 0.360000 
0.220000  -0.960000  381 0.360000 
-0.135000  -0.950000  382 0.360000 
0.315000  -0.920000  383 0.360000 
0.505000  -1.030000  384 0.360000 
-0.015000  -0.990000  385 0.360000 
-0.005000  -0.810000  386 0.360000 
0.260000  -0.910000  387 0.360000 
-0.180000  -0.800000  388 0.360000 
0.225000  -0.850000  389 0.360000 
0.210000  -0.820000  390 0.360000 
0.420000  -1.000000  391 0.360000 
0.290000  -0.960000  392 0.360000 
0.085000  -0.850000  393 0.360000 
-0.205000  -0.940000  394 0.360000 
-0.065000  -0.920000  395 0.360000 
-0.280000  -1.010000  396 0.360000 
0.180000  -1.060000  397 0.360000 
0.050000  -0.920000  398 0.360000 
0.080000  -0.950000  399 0.360000 
-0.225000  -1.010000  400 0.360000 
-0.190000  -0.940000  401 0.360000 
-0.020000  -0.820000  402 0.360000 
-0.040000  -0.840000  403 0.360000 
-0.335000  -0.920000  404 0.360000 
0.090000  -0.850000  405 0.360000 
0.010000  -0.880000  406 0.360000 
-0.115000  -0.970000  407 0.360000 
0.070000  -0.980000  408 0.360000 
0.035000  -0.870000  409 0.360000 
-0.195000  -0.970000  410 0.360000 
-0.215000  -1.090000  411 0.360000 
-0.095000  -0.950000  412 0.360000 
0.115000  -0.750000  413 0.360000 
-0.275000  -0.970000  414 0.360000 
0.350000  -0.900000  415 0.360000 
0.000000  -0.800000  416 0.360000 
-0.340000  -0.880000  417 0.360000 
0.225000  -1.010000  418 0.360000 
0.010000  -0.940000  419 0.360000 
0.055000  -1.240000  420 0.360000 
-0.035000  -0.820000  421 0.360000 
0.125000  -1.020000  422 0.360000 
-0.170000  -0.610000  423 0.360000 
-0.030000  -0.910000  424 0.360000 
-0.210000  -0.890000  425 0.360000 
0.210000  -0.860000  426 0.360000 
0.005000  -0.920000  427 0.360000 
0.260000  -0.990000  428 0.360000 
0.160000  -0.840000  429 0.360000 
-0.200000  -0.970000  430 0.360000 
-0.145000  -0.790000  431 0.360000 
0.005000  -1.000000  432 0.360000 
-0.025000  -0.890000  433 0.360000 
-0.200000  -0.960000  434 0.360000 
0.110000  -0.870000  435 0.360000 
0.140000  -0.900000  436 0.360000 
0.100000  -0.970000  437 0.360000 
0.070000  -0.920000  438 0.360000 
-0.130000  -0.950000  439 0.360000 
0.055000  -1.080000  440 0.360000 
-0.015000  -1.120000  441 0.360000 
0.385000  -0.880000  442 0.360000 
0.370000  -0.980000  443 0.360000 
0.035000  -0.970000  444 0.360000 
-0.260000  -0.920000  445 0.360000 
0.180000  -0.980000  446 0.360000 
-0.035000  -0.860000  447 0.360000 
-0.225000  -0.960000  448 0.360000 
-0.295000  -0.910000  449 0.360000 
-0.045000  -0.830000  450 0.360000 
0.180000  -0.930000  451 0.360000 
0.135000  -0.930000  452 0.360000 
0.070000  -0.860000  453 0.360000 
-0.010000  -0.800000  454 0.360000 
-0.090000  -0.770000  455 0.360000 
-0.060000  -0.890000  456 0.360000 
0.440000  -1.110000  457 0.360000 
0.090000  -0.870000  458 0.360000 
0.020000  -0.890000  459 0.360000 
0.280000  -1.080000  460 0.360000 
0.310000  -1.050000  461 0.360000 
0.375000  -1.040000  462 0.360000 
-0.005000  -0.980000  463 0.360000 
-0.010000  -0.980000  464 0.360000 
-0.180000  -0.930000  465 0.360000 
0.175000  -0.900000  466 0.360000 
0.435000  -0.980000  467 0.360000 
0.075000  -0.860000  468 0.360000 
0.000000  -0.820000  469 0.360000 
-0.175000  -0.820000  470 0.360000 
-0.350000  -0.990000  471 0.360000 
0.055000  -0.860000  472 0.360000 
-0.175000  -0.920000  473 0.360000 
-0.255000  -0.950000  474 0.360000 
0.040000  -0.940000  475 0.360000 
-0.030000  -0.970000  476 0.360000 
-0.390000  -0.950000  477 0.360000 
0.220000  -1.090000  478 0.360000 
-0.065000  -0.930000  479 0.360000 
-0.145000  -0.880000  480 0.360000 
0.035000  -0.920000  481 0.360000 
0.260000  -0.940000  482 0.360000 
-0.230000  -0.870000  483 0.360000 
0.315000  -1.050000  484 0.360000 
-0.010000  -0.800000  485 0.360000 
-0.065000  -0.980000  486 0.360000 
0.075000  -0.840000  487 0.360000 
-0.030000  -0.940000  488 0.360000 
0.005000  -0.730000  489 0.360000 
-0.240000  -1.010000  490 0.360000 
-0.015000  -1.000000  491 0.360000 
-0.100000  -0.980000  492 0.360000 
-0.070000  -0.630000  493 0.360000 
0.325000  -1.020000  494 0.360000 
0.010000  -0.790000  495 0.360000 
0.175000  -0.800000  496 0.360000 
0.405000  -1.020000  497 0.360000 
-0.110000  -1.020000  498 0.360000 
0.185000  -0.920000  499 0.360000 
-0.080000  -0.900000  500 0.360000 
0.170000  -0.970000  501 0.360000 
0.185000  -0.830000  502 0.360000 
0.020000  -0.830000  503 0.360000 
-0.020000  -0.870000  504 0.360000 
0.100000  -0.950000  505 0.360000 
0.120000  -0.870000  506 0.360000 
-0.060000  -1.000000  507 0.360000 
0.055000  -0.830000  508 0.360000 
-0.080000  -0.930000  509 0.360000 
-0.060000  -0.770000  510 0.360000 
0.055000  -0.860000  511 0.360000 
-0.060000  -0.970000  512 0.360000 
0.400000  -0.960000  513 0.360000 
-0.100000  -0.990000  514 0.360000 
-0.315000  -1.060000  515 0.360000 
-0.360000  -1.190000  516 0.360000 
-0.325000  -0.840000  517 0.360000 
-0.070000  -0.850000  518 0.360000 
-0.310000  -0.960000  519 0.360000 
-0.160000  -1.000000  520 0.360000 
0.090000  -0.890000  521 0.360000 
-0.310000  -0.850000  522 0.360000 
0.265000  -0.890000  523 0.360000 
-0.370000  -1.080000  524 0.360000 
-0.025000  -0.920000  525 0.360000 
0.225000  -1.010000  526 0.360000 
-0.125000  -0.820000  527 0.360000 
-0.205000  -0.980000  528 0.360000 
0.270000  -0.830000  529 0.360000 
-0.195000  -0.930000  530 0.360000 
0.445000  -1.110000  531 0.360000 
-0.085000  -0.950000  532 0.360000 
-0.080000  -0.710000  533 0.360000 
-0.125000  -1.040000  534 0.360000 
0.195000  -0.780000  535 0.360000 
0.065000  -0.760000  536 0.360000 
-0.210000  -1.010000  537 0.360000 
0.505000  -1.130000  538 0.360000 
0.325000  -1.030000  539 0.360000 
-0.080000  -0.950000  540 0.360000 
-0.685000  -1.190000  541 0.360000 
-0.005000  -0.800000  542 0.360000 
0.240000  -0.980000  543 0.360000 
0.025000  -0.780000  544 0.360000 
0.335000  -0.940000  545 0.360000 
-0.050000  -0.850000  546 0.360000 
0.425000  -0.910000  547 0.360000 
-0.100000  -0.910000  548 0.360000 
-0.240000  -0.880000  549 0.360000 
0.045000  -0.880000  550 0.360000 
0.010000  -0.870000  551 0.360000 
0.445000  -1.030000  552 0.360000 
-0.160000  -1.030000  553 0.360000 
0.445000  -1.000000  554 0.360000 
-0.490000  -1.020000  555 0.360000 
0.160000  -0.990000  556 0.360000 
-0.265000  -1.080000  557 0.360000 
-0.150000  -0.900000  558 0.360000 
0.180000  -0.870000  559 0.360000 
-0.380000  -0.950000  560 0.360000 
0.205000  -0.940000  561 0.360000 
-0.235000  -0.890000  562 0.360000 
-0.180000  -0.820000  563 0.360000 
0.305000  -0.850000  564 0.360000 
-0.135000  -0.780000  565 0.360000 
0.385000  -0.940000  566 0.360000 
-0.035000  -1.100000  567 0.360000 
-0.080000  -0.790000  568 0.360000 
0.025000  -0.890000  569 0.360000 
0.205000  -0.830000  570 0.360000 
-0.035000  -0.810000  571 0.360000 
-0.340000  -1.040000  572 0.360000 
-0.410000  -0.960000  573 0.360000 
-0.375000  -1.020000  574 0.360000 
-0.010000  -0.790000  575 0.360000 
0.065000  -1.030000  576 0.360000 
-0.415000  -0.950000  577 0.360000 
0.270000  -0.870000  578 0.360000 
0.395000  -0.920000  579 0.360000 
-0.295000  -1.090000  580 0.360000 
0.220000  -0.980000  581 0.360000 
-0.390000  -0.860000  582 0.360000 
0.035000  -0.850000  583 0.360000 
0.125000  -1.110000  584 0.360000 
-0.255000  -1.000000  585 0.360000 
0.250000  -0.910000  586 0.360000 
0.040000  -1.000000  587 0.360000 
-0.485000  -1.050000  588 0.360000 
0.125000  -0.950000  589 0.360000 
-0.015000  -0.790000  590 0.360000 
-0.250000  -0.840000  591 0.360000 
-0.050000  -0.960000  592 0.360000 
-0.085000  -0.850000  593 0.360000 
-0.020000  -0.920000  594 0.360000 
-0.295000  -0.850000  595 0.360000 
0.055000  -0.800000  596 0.360000 
-0.075000  -1.020000  597 0.360000 
0.380000  -0.940000  598 0.360000 
0.080000  -0.880000  599 0.360000 
-0.010000  -0.880000  600 0.360000 
-0.155000  -0.930000  601 0.360000 
0.280000  -0.840000  602 0.360000 
-0.060000  -1.010000  603 0.360000 
-0.195000  -0.920000  604 0.360000 
0.055000  -0.740000  605 0.360000 
0.445000  -1.130000  606 0.360000 
0.165000  -0.920000  607 0.360000 
-0.205000  -0.950000  608 0.360000 
0.015000  -1.000000  609 0.360000 
-0.080000  -1.140000  610 0.360000 
0.375000  -1.020000  611 0.360000 
0.195000  -0.970000  612 0.360000 
0.470000  -0.950000  613 0.360000 
0.105000  -0.980000  614 0.360000 
0.185000  -0.810000  615 0.360000 
0.045000  -0.670000  616 0.360000 
0.090000  -0.790000  617 0.360000 
0.230000  -1.010000  618 0.360000 
-0.115000  -0.730000  619 0.360000 
0.245000  -0.820000  620 0.360000 
0.275000  -1.010000  621 0.360000 
-0.350000  -1.040000  622 0.360000 
0.295000  -0.890000  623 0.360000 
0.020000  -0.850000  624 0.360000 
-0.280000  -0.880000  625 0.360000 
0.345000  -0.920000  626 0.360000 
0.060000  -0.930000  627 0.360000 
-0.025000  -1.110000  628 0.360000 
-0.015000  -0.850000  629 0.360000 
0.350000  -1.110000  630 0.360000 
-0.025000  -1.070000  631 0.360000 
-0.310000  -0.940000  632 0.360000 
-0.145000  -0.920000  633 0.360000 
-0.460000  -1.150000  634 0.360000 
-0.115000  -0.850000  635 0.360000 
0.135000  -0.900000  636 0.360000 
0.070000  -1.060000  637 0.360000 
-0.235000  -0.820000  638 0.360000 
0.205000  -0.960000  639 0.360000 
0.225000  -0.850000  640 0.360000 
-0.100000  -0.740000  641 0.360000 
-0.050000  -0.860000  642 0.360000 
0.205000  -1.000000  643 0.360000 
-0.190000  -0.770000  644 0.360000 
-0.110000  -0.910000  645 0.360000 
0.090000  -0.900000  646 0.360000 
0.350000  -0.930000  647 0.360000 
0.230000  -1.020000  648 0.360000 
0.220000  -0.800000  649 0.360000 
0.315000  -1.070000  650 0.360000 
-0.130000  -0.860000  651 0.360000 
-0.125000  -0.850000  652 0.360000 
0.540000  -1.160000  653 0.360000 
0.025000  -0.870000  654 0.360000 
-0.260000  -0.870000  655 0.360000 
-0.050000  -0.810000  656 0.360000 
0.145000  -0.870000  657 0.360000 
-0.040000  -1.000000  658 0.360000 
-0.250000  -1.000000  659 0.360000 
-0.175000  -0.980000  660 0.360000 
0.430000  -1.050000  661 0.360000 
-0.240000  -0.870000  662 0.360000 
0.135000  -0.780000  663 0.360000 
0.075000  -0.940000  664 0.360000 
-0.025000  -1.100000  665 0.360000 
-0.170000  -0.910000  666 0.360000 
0.020000  -1.000000  667 0.360000 
-0.025000  -0.900000  668 0.360000 
-0.115000  -0.920000  669 0.360000 
-0.320000  -1.000000  670 0.360000 
-0.295000  -0.980000  671 0.360000 
-0.090000  -1.060000  672 0.360000 
0.340000  -0.870000  673 0.360000 
-0.035000  -0.940000  674 0.360000 
-0.250000  -0.910000  675 0.360000 
-0.165000  -0.870000  676 0.360000 
-0.080000  -1.010000  677 0.360000 
-0.200000  -0.930000  678 0.360000 
0.015000  -1.030000  679 0.360000 
0.020000  -0.960000  680 0.360000 
0.390000  -0.890000  681 0.360000 
-0.275000  -0.860000  682 0.360000 
-0.310000  -0.900000  683 0.360000 
0.020000  -0.800000  684 0.360000 
-0.135000  -0.960000  685 0.360000 
-0.170000  -1.000000  686 0.360000 
0.070000  -0.990000  687 0.360000 
0.230000  -1.050000  688 0.360000 
0.005000  -0.930000  689 0.360000 
0.245000  -0.790000  690 0.360000 
-0.160000  -0.830000  691 0.360000 
0.215000  -1.110000  692 0.360000 
-0.315000  -0.910000  693 0.360000 
-0.190000  -0.980000  694 0.360000 
-0.150000  -0.950000  695 0.360000 
-0.125000  -0.840000  696 0.360000 
-0.255000  -0.830000  697 0.360000 
-0.450000  -0.970000  698 0.360000 
-0.095000  -0.740000  699 0.360000 
-0.150000  -0.790000  700 0.360000 
-0.390000  -1.020000  701 0.360000 
-0.180000  -0.830000  702 0.360000 
-0.125000  -0.950000  703 0.360000 
0.215000  -0.840000  704 0.360000 
0.185000  -0.810000  705 0.360000 
-0.320000  -0.950000  706 0.360000 
-0.085000  -1.060000  707 0.360000 
0.460000  -0.910000  708 0.360000 
0.190000  -0.970000  709 0.360000 
-0.065000  -0.840000  710 0.360000 
-0.015000  -1.100000  711 0.360000 
-0.075000  -0.860000  712 0.360000 
0.395000  -1.060000  713 0.360000 
-0.260000  -0.850000  714 0.360000 
-0.130000  -0.990000  715 0.360000 
0.230000  -0.930000  716 0.360000 
-0.145000  -0.960000  717 0.360000 
0.215000  -0.820000  718 0.360000 
-0.185000  -0.750000  719 0.360000 
-0.510000  -0.940000  720 0.360000 
-0.110000  -0.990000  721 0.360000 
-0.030000  -0.900000  722 0.360000 
0.635000  -1.320000  723 0.360000 
-0.145000  -0.880000  724 0.360000 
0.260000  -0.960000  725 0.360000 
0.365000  -0.990000  726 0.360000 
0.010000  -1.030000  727 0.360000 
0.115000  -1.090000  728 0.360000 
0.090000  -0.850000  729 0.360000 
-0.040000  -0.840000  730 0.360000 
0.235000  -0.940000  731 0.360000 
0.055000  -0.790000  732 0.360000 
0.245000  -0.930000  733 0.360000 
-0.025000  -0.640000  734 0.360000 
-0.040000  -0.890000  735 0.360000 
-0.180000  -0.980000  736 0.360000 
0.470000  -0.980000  737 0.360000 
-0.205000  -0.790000  738 0.360000 
-0.570000  -0.980000  739 0.360000 
-0.215000  -0.800000  740 0.360000 
0.075000  -0.730000  741 0.360000 
0.120000  -0.900000  742 0.360000 
-0.430000  -1.080000  743 0.360000 
-0.340000  -0.990000  744 0.360000 
0.270000  -0.770000  745 0.360000 
-0.020000  -0.910000  746 0.360000 
0.140000  -0.930000  747 0.360000 
-0.035000  -0.940000  748 0.360000 
-0.070000  -0.770000  749 0.360000 
0.170000  -0.860000  750 0.360000 
-0.265000  -0.970000  751 0.360000 
-0.475000  -1.150000  752 0.360000 
0.125000  -0.870000  753 0.360000 
-0.280000  -0.880000  754 0.360000 
0.035000  -0.830000  755 0.360000 
-0.060000  -0.790000  756 0.360000 
0.085000  -0.940000  757 0.360000 
-0.085000  -0.920000  758 0.360000 
0.045000  -0.890000  759 0.360000 
0.085000  -1.110000  760 0.360000 
0.020000  -0.970000  761 0.360000 
0.310000  -0.890000  762 0.360000 
-0.135000  -0.900000  763 0.360000 
-0.365000  -1.010000  764 0.360000 
0.150000  -0.710000  765 0.360000 
0.330000  -0.910000  766 0.360000 
-0.325000  -1.100000  767 0.360000 
0.240000  -0.930000  768 0.360000 
-0.270000  -0.870000  769 0.360000 
-0.220000  -1.000000  770 0.360000 
0.435000  -0.960000  771 0.360000 
-0.230000  -0.960000  772 0.360000 
0.095000  -1.010000  773 0.360000 
0.015000  -0.890000  774 0.360000 
0.195000  -0.940000  775 0.360000 
0.160000  -0.990000  776 0.360000 
0.000000  -0.980000  777 0.360000 
-0.030000  -0.860000  778 0.360000 
-0.035000  -0.980000  779 0.360000 
0.250000  -0.890000  780 0.360000 
0.085000  -0.880000  781 0.360000 
-0.035000  -1.030000  782 0.360000 
-0.280000  -1.030000  783 0.360000 
0.030000  -0.920000  784 0.360000 
0.340000  -0.770000  785 0.360000 
0.190000  -0.910000  786 0.360000 
0.115000  -1.000000  787 0.360000 
0.050000  -0.840000  788 0.360000 
-0.195000  -0.760000  789 0.360000 
0.055000  -1.020000  790 0.360000 
-0.170000  -0.880000  791 0.360000 
-0.245000  -0.950000  792 0.360000 
-0.095000  -0.940000  793 0.360000 
0.180000  -0.800000  794 0.360000 
-0.425000  -0.960000  795 0.360000 
-0.210000  -0.900000  796 0.360000 
-0.395000  -0.930000  797 0.360000 
0.010000  -0.930000  798 0.360000 
-0.155000  -0.790000  799 0.360000 
-0.230000  -0.860000  800 0.360000 
-0.420000  -1.050000  801 0.360000 
0.130000  -0.880000  802 0.360000 
-0.160000  -0.820000  803 0.360000 
0.200000  -0.850000  804 0.360000 
0.010000  -0.710000  805 0.360000 
0.180000  -0.760000  806 0.360000 
-0.085000  -0.710000  807 0.360000 
0.025000  -1.000000  808 0.360000 
-0.080000  -0.950000  809 0.360000 
-0.040000  -0.850000  810 0.360000 
0.320000  -1.040000  811 0.360000 
0.015000  -1.020000  812 0.360000 
0.340000  -1.070000  813 0.360000 
-0.130000  -0.930000  814 0.360000 
0.075000  -0.760000  815 0.360000 
-0.005000  -1.040000  816 0.360000 
-0.100000  -0.950000  817 0.360000 
0.075000  -1.030000  818 0.360000 
0.075000  -0.810000  819 0.360000 
0.380000  -0.850000  820 0.360000 
0.245000  -0.900000  821 0.360000 
0.225000  -0.860000  822 0.360000 
0.330000  -1.040000  823 0.360000 
0.210000  -0.900000  824 0.360000 
0.085000  -0.800000  825 0.360000 
-0.250000  -0.850000  826 0.360000 
-0.440000  -0.950000  827 0.360000 
0.020000  -0.940000  828 0.360000 
-0.135000  -0.950000  829 0.360000 
-0.255000  -0.990000  830 0.360000 
0.045000  -0.860000  831 0.360000 
-0.115000  -0.940000  832 0.360000 
-0.210000  -0.910000  833 0.360000 
0.085000  -0.920000  834 0.360000 
0.130000  -0.940000  835 0.360000 
-0.120000  -0.950000  836 0.360000 
0.070000  -0.830000  837 0.360000 
-0.175000  -0.890000  838 0.360000 
0.445000  -1.030000  839 0.360000 
0.015000  -0.950000  840 0.360000 
-0.125000  -0.740000  841 0.360000 
-0.490000  -1.150000  842 0.360000 
0.085000  -0.810000  843 0.360000 
0.330000  -0.850000  844 0.360000 
0.330000  -1.060000  845 0.360000 
0.005000  -0.890000  846 0.360000 
0.305000  -0.920000  847 0.360000 
0.020000  -0.840000  848 0.360000 
0.130000  -0.870000  849 0.360000 
-0.350000  -0.940000  850 0.360000 
-0.100000  -0.980000  851 0.360000 
0.105000  -0.840000  852 0.360000 
-0.475000  -1.030000  853 0.360000 
-0.380000  -0.960000  854 0.360000 
0.010000  -0.900000  855 0.360000 
-0.275000  -0.760000  856 0.360000 
0.265000  -0.990000  857 0.360000 
-0.050000  -1.030000  858 0.360000 
-0.320000  -1.020000  859 0.360000 
-0.350000  -1.080000  860 0.360000 
0.220000  -1.000000  861 0.360000 
0.170000  -0.730000  862 0.360000 
0.085000  -0.810000  863 0.360000 
0.230000  -0.920000  864 0.360000 
0.260000  -0.920000  865 0.360000 
0.055000  -0.850000  866 0.360000 
-0.480000  -1.100000  867 0.360000 
-0.390000  -0.890000  868 0.360000 
0.205000  -1.020000  869 0.360000 
-0.450000  -1.070000  870 0.360000 
-0.010000  -0.760000  871 0.360000 
-0.380000  -0.990000  872 0.360000 
0.285000  -0.850000  873 0.360000 
0.240000  -0.970000  874 0.360000 
0.105000  -0.840000  875 0.360000 
-0.020000  -0.790000  876 0.360000 
-0.415000  -0.920000  877 0.360000 
-0.040000  -1.060000  878 0.360000 
-0.030000  -0.940000  879 0.360000 
-0.180000  -1.100000  880 0.360000 
0.050000  -0.890000  881 0.360000 
0.085000  -0.730000  882 0.360000 
-0.180000  -0.820000  883 0.360000 
0.490000  -1.050000  884 0.360000 
0.040000  -0.800000  885 0.360000 
-0.015000  -0.900000  886 0.360000 
0.050000  -0.990000  887 0.360000 
-0.290000  -1.000000  888 0.360000 
0.270000  -0.960000  889 0.360000 
-0.075000  -0.830000  890 0.360000 
-0.105000  -0.810000  891 0.360000 
0.325000  -1.040000  892 0.360000 
0.200000  -0.810000  893 0.360000 
-0.095000  -0.730000  894 0.360000 
0.140000  -0.830000  895 0.360000 
-0.175000  -1.040000  896 0.360000 
0.245000  -1.000000  897 0.360000 
-0.045000  -0.860000  898 0.360000 
-0.230000  -0.840000  899 0.360000 
0.095000  -0.860000  900 0.360000 
-0.390000  -1.020000  901 0.360000 
-0.225000  -1.000000  902 0.360000 
-0.145000  -0.770000  903 0.360000 
0.155000  -0.960000  904 0.360000 
0.070000  -0.970000  905 0.360000 
-0.235000  -0.930000  906 0.360000 
0.160000  -0.970000  907 0.360000 
-0.245000  -0.940000  908 0.360000 
0.300000  -0.840000  909 0.360000 
0.320000  -0.890000  910 0.360000 
0.300000  -0.790000  911 0.360000 
0.025000  -0.860000  912 0.360000 
0.490000  -1.080000  913 0.360000 
-0.140000  -0.820000  914 0.360000 
-0.155000  -0.960000  915 0.360000 
0.030000  -0.820000  916 0.360000 
-0.060000  -0.760000  917 0.360000 
-0.150000  -0.840000  918 0.360000 
0.070000  -0.790000  919 0.360000 
-0.315000  -1.060000  920 0.360000 
0.155000  -0.720000  921 0.360000 
0.040000  -0.830000  922 0.360000 
0.150000  -0.730000  923 0.360000 
0.205000  -0.840000  924 0.360000 
0.155000  -0.950000  925 0.360000 
-0.325000  -1.000000  926 0.360000 
0.330000  -0.890000  927 0.360000 
0.045000  -0.990000  928 0.360000 
-0.145000  -0.910000  929 0.360000 
0.215000  -1.090000  930 0.360000 
-0.200000  -0.780000  931 0.360000 
-0.100000  -0.890000  932 0.360000 
0.075000  -0.870000  933 0.360000 
-0.040000  -0.840000  934 0.360000 
-0.120000  -1.150000  935 0.360000 
0.385000  -1.020000  936 0.360000 
-0.020000  -0.720000  937 0.360000 
0.020000  -0.800000  938 0.360000 
0.120000  -1.000000  939 0.360000 
-0.185000  -0.940000  940 0.360000 
-0.365000  -1.130000  941 0.360000 
-0.215000  -0.940000  942 0.360000 
-0.045000  -0.780000  943 0.360000 
-0.340000  -1.170000  944 0.360000 
-0.150000  -0.890000  945 0.360000 
-0.370000  -1.010000  946 0.360000 
-0.590000  -1.190000  947 0.360000 
0.075000  -0.920000  948 0.360000 
0.255000  -0.880000  949 0.360000 
0.355000  -0.950000  950 0.360000 
-0.020000  -0.800000  951 0.360000 
-0.225000  -0.920000  952 0.360000 
0.335000  -0.830000  953 0.360000 
0.215000  -0.760000  954 0.360000 
-0.250000  -0.870000  955 0.360000 
-0.245000  -0.850000  956 0.360000 
-0.230000  -1.070000  957 0.360000 
-0.555000  -1.150000  958 0.360000 
-0.080000  -0.930000  959 0.360000 
0.420000  -1.000000  960 0.360000 
0.190000  -0.760000  961 0.360000 
0.380000  -0.950000  962 0.360000 
-0.550000  -0.960000  963 0.360000 
0.120000  -0.980000  964 0.360000 
-0.175000  -0.970000  965 0.360000 
0.460000  -1.030000  966 0.360000 
0.190000  -1.010000  967 0.360000 
0.070000  -1.010000  968 0.360000 
0.165000  -0.870000  969 0.360000 
0.100000  -0.980000  970 0.360000 
0.030000  -0.850000  971 0.360000 
-0.045000  -0.780000  972 0.360000 
0.205000  -0.860000  973 0.360000 
-0.010000  -0.950000  974 0.360000 
0.010000  -1.030000  975 0.360000 
-0.130000  -0.930000  976 0.360000 
0.215000  -0.910000  977 0.360000 
0.250000  -0.970000  978 0.360000 
-0.130000  -1.090000  979 0.360000 
0.045000  -0.870000  980 0.360000 
-0.210000  -0.930000  981 0.360000 
0.030000  -0.750000  982 0.360000 
0.205000  -1.070000  983 0.360000 
0.015000  -0.830000  984 0.360000 
0.460000  -1.100000  985 0.360000 
-0.140000  -0.920000  986 0.360000 
0.210000  -0.950000  987 0.360000 
-0.005000  -0.850000  988 0.360000 
0.220000  -0.780000  989 0.360000 
-0.215000  -0.950000  990 0.360000 
0.095000  -0.780000  991 0.360000 
0.020000  -0.840000  992 0.360000 
-0.275000  -0.900000  993 0.360000 
0.095000  -0.880000  994 0.360000 
-0.475000  -0.970000  995 0.360000 
-0.610000  -1.290000  996 0.360000 
0.070000  -0.980000  997 0.360000 
0.225000  -0.880000  998 0.360000 
-0.240000  -0.790000  999 0.360000 
