-0.830000  -1.520000  0 0.450000 
-0.205000  -1.180000  1 0.450000 
-0.815000  -1.570000  2 0.450000 
-0.920000  -1.730000  3 0.450000 
-0.855000  -1.590000  4 0.450000 
-0.800000  -1.500000  5 0.450000 
-0.880000  -1.640000  6 0.450000 
-0.675000  -1.250000  7 0.450000 
-0.735000  -1.440000  8 0.450000 
-0.775000  -1.510000  9 0.450000 
-0.845000  -1.560000  10 0.450000 
-0.840000  -1.630000  11 0.450000 
-0.665000  -1.540000  12 0.450000 
-0.885000  -1.670000  13 0.450000 
-0.785000  -1.590000  14 0.450000 
-0.895000  -1.670000  15 0.450000 
-0.725000  -1.580000  16 0.450000 
-0.905000  -1.690000  17 0.450000 
-0.910000  -1.710000  18 0.450000 
-0.835000  -1.570000  19 0.450000 
-0.835000  -1.620000  20 0.450000 
-0.880000  -1.600000  21 0.450000 
-0.620000  -1.400000  22 0.450000 
-0.785000  -1.580000  23 0.450000 
-0.955000  -1.830000  24 0.450000 
-0.695000  -1.380000  25 0.450000 
-0.770000  -1.490000  26 0.450000 
-0.905000  -1.730000  27 0.450000 
-0.835000  -1.610000  28 0.450000 
-0.830000  -1.520000  29 0.450000 
-0.595000  -1.370000  30 0.450000 
-0.515000  -1.430000  31 0.450000 
-0.900000  -1.730000  32 0.450000 
-0.735000  -1.460000  33 0.450000 
-0.870000  -1.560000  34 0.450000 
-0.760000  -1.440000  35 0.450000 
-0.545000  -1.320000  36 0.450000 
-0.780000  -1.400000  37 0.450000 
-0.805000  -1.560000  38 0.450000 
-0.860000  -1.610000  39 0.450000 
-0.860000  -1.660000  40 0.450000 
-0.900000  -1.680000  41 0.450000 
-0.695000  -1.290000  42 0.450000 
-0.880000  -1.730000  43 0.450000 
-0.530000  -1.500000  44 0.450000 
-0.575000  -1.270000  45 0.450000 
-0.555000  -1.500000  46 0.450000 
-0.830000  -1.530000  47 0.450000 
-0.780000  -1.470000  48 0.450000 
-0.640000  -1.210000  49 0.450000 
-0.880000  -1.610000  50 0.450000 
-0.680000  -1.530000  51 0.450000 
-0.865000  -1.550000  52 0.450000 
-0.640000  -1.450000  53 0.450000 
-0.885000  -1.590000  54 0.450000 
-0.915000  -1.730000  55 0.450000 
-0.830000  -1.470000  56 0.450000 
-0.585000  -1.320000  57 0.450000 
-0.880000  -1.720000  58 0.450000 
-0.795000  -1.520000  59 0.450000 
-0.840000  -1.630000  60 0.450000 
-0.785000  -1.530000  61 0.450000 
-0.810000  -1.500000  62 0.450000 
-0.860000  -1.570000  63 0.450000 
-0.895000  -1.620000  64 0.450000 
-0.875000  -1.630000  65 0.450000 
-0.795000  -1.610000  66 0.450000 
-0.745000  -1.530000  67 0.450000 
-0.890000  -1.650000  68 0.450000 
-0.760000  -1.350000  69 0.450000 
-0.850000  -1.560000  70 0.450000 
-0.835000  -1.520000  71 0.450000 
-0.855000  -1.550000  72 0.450000 
-0.610000  -1.430000  73 0.450000 
-0.855000  -1.580000  74 0.450000 
-0.765000  -1.500000  75 0.450000 
-0.825000  -1.480000  76 0.450000 
-0.710000  -1.530000  77 0.450000 
-0.680000  -1.430000  78 0.450000 
-0.865000  -1.570000  79 0.450000 
-0.745000  -1.480000  80 0.450000 
-0.825000  -1.490000  81 0.450000 
-0.925000  -1.720000  82 0.450000 
-0.780000  -1.530000  83 0.450000 
-0.790000  -1.520000  84 0.450000 
-0.820000  -1.550000  85 0.450000 
-0.795000  -1.530000  86 0.450000 
-0.935000  -1.770000  87 0.450000 
-0.725000  -1.400000  88 0.450000 
-0.905000  -1.710000  89 0.450000 
-0.795000  -1.500000  90 0.450000 
-0.800000  -1.520000  91 0.450000 
-0.830000  -1.590000  92 0.450000 
-0.805000  -1.540000  93 0.450000 
-0.900000  -1.720000  94 0.450000 
-0.570000  -1.350000  95 0.450000 
-0.740000  -1.590000  96 0.450000 
-0.710000  -1.430000  97 0.450000 
-0.850000  -1.540000  98 0.450000 
-0.600000  -1.430000  99 0.450000 
-0.615000  -1.350000  100 0.450000 
-0.870000  -1.600000  101 0.450000 
-0.840000  -1.560000  102 0.450000 
-0.890000  -1.690000  103 0.450000 
-0.810000  -1.630000  104 0.450000 
-0.825000  -1.660000  105 0.450000 
-0.765000  -1.520000  106 0.450000 
-0.805000  -1.550000  107 0.450000 
-0.790000  -1.480000  108 0.450000 
-0.565000  -1.390000  109 0.450000 
-0.840000  -1.530000  110 0.450000 
-0.755000  -1.430000  111 0.450000 
-0.875000  -1.670000  112 0.450000 
-0.885000  -1.700000  113 0.450000 
-0.585000  -1.210000  114 0.450000 
-0.800000  -1.520000  115 0.450000 
-0.575000  -1.440000  116 0.450000 
0.815000  -1.590000  117 0.450000 
0.900000  -1.670000  118 0.450000 
0.680000  -1.350000  119 0.450000 
0.255000  -1.240000  120 0.450000 
0.205000  -1.260000  121 0.450000 
-0.885000  -1.650000  122 0.450000 
-0.790000  -1.510000  123 0.450000 
-0.910000  -1.710000  124 0.450000 
-0.800000  -1.500000  125 0.450000 
-0.620000  -1.290000  126 0.450000 
-0.870000  -1.630000  127 0.450000 
-0.790000  -1.450000  128 0.450000 
-0.710000  -1.420000  129 0.450000 
-0.855000  -1.620000  130 0.450000 
-0.870000  -1.690000  131 0.450000 
-0.810000  -1.520000  132 0.450000 
-0.835000  -1.590000  133 0.450000 
-0.675000  -1.420000  134 0.450000 
-0.935000  -1.770000  135 0.450000 
-0.850000  -1.610000  136 0.450000 
-0.915000  -1.850000  137 0.450000 
-0.765000  -1.510000  138 0.450000 
-0.490000  -1.360000  139 0.450000 
0.085000  -1.270000  140 0.450000 
-0.155000  -1.340000  141 0.450000 
-0.625000  -1.330000  142 0.450000 
-0.760000  -1.510000  143 0.450000 
-0.835000  -1.670000  144 0.450000 
-0.630000  -1.440000  145 0.450000 
-0.880000  -1.630000  146 0.450000 
-0.765000  -1.410000  147 0.450000 
-0.780000  -1.470000  148 0.450000 
-0.815000  -1.570000  149 0.450000 
-0.710000  -1.370000  150 0.450000 
-0.520000  -1.350000  151 0.450000 
-0.910000  -1.660000  152 0.450000 
-0.875000  -1.660000  153 0.450000 
-0.820000  -1.500000  154 0.450000 
-0.825000  -1.520000  155 0.450000 
-0.840000  -1.590000  156 0.450000 
-0.865000  -1.590000  157 0.450000 
-0.880000  -1.610000  158 0.450000 
-0.780000  -1.380000  159 0.450000 
-0.655000  -1.350000  160 0.450000 
-0.625000  -1.370000  161 0.450000 
-0.505000  -1.160000  162 0.450000 
-0.640000  -1.330000  163 0.450000 
-0.890000  -1.670000  164 0.450000 
-0.805000  -1.520000  165 0.450000 
-0.550000  -1.350000  166 0.450000 
-0.770000  -1.460000  167 0.450000 
-0.820000  -1.500000  168 0.450000 
-0.740000  -1.470000  169 0.450000 
-0.810000  -1.440000  170 0.450000 
-0.845000  -1.560000  171 0.450000 
-0.640000  -1.390000  172 0.450000 
-0.780000  -1.590000  173 0.450000 
-0.770000  -1.430000  174 0.450000 
-0.825000  -1.540000  175 0.450000 
-0.795000  -1.540000  176 0.450000 
-0.865000  -1.590000  177 0.450000 
-0.895000  -1.710000  178 0.450000 
-0.815000  -1.540000  179 0.450000 
-0.775000  -1.480000  180 0.450000 
-0.840000  -1.640000  181 0.450000 
-0.775000  -1.530000  182 0.450000 
-0.820000  -1.540000  183 0.450000 
-0.860000  -1.560000  184 0.450000 
-0.835000  -1.620000  185 0.450000 
-0.795000  -1.530000  186 0.450000 
-0.775000  -1.460000  187 0.450000 
-0.715000  -1.480000  188 0.450000 
-0.765000  -1.530000  189 0.450000 
-0.870000  -1.600000  190 0.450000 
-0.745000  -1.430000  191 0.450000 
-0.895000  -1.660000  192 0.450000 
-0.845000  -1.520000  193 0.450000 
-0.710000  -1.400000  194 0.450000 
-0.675000  -1.530000  195 0.450000 
-0.840000  -1.640000  196 0.450000 
-0.765000  -1.580000  197 0.450000 
-0.850000  -1.570000  198 0.450000 
-0.730000  -1.410000  199 0.450000 
-0.875000  -1.580000  200 0.450000 
-0.725000  -1.350000  201 0.450000 
-0.825000  -1.580000  202 0.450000 
-0.875000  -1.630000  203 0.450000 
-0.875000  -1.630000  204 0.450000 
-0.825000  -1.500000  205 0.450000 
-0.755000  -1.450000  206 0.450000 
-0.865000  -1.620000  207 0.450000 
-0.745000  -1.460000  208 0.450000 
-0.685000  -1.340000  209 0.450000 
-0.815000  -1.490000  210 0.450000 
-0.085000  -1.220000  211 0.450000 
0.290000  -1.310000  212 0.450000 
0.075000  -1.150000  213 0.450000 
-0.140000  -1.180000  214 0.450000 
-0.840000  -1.570000  215 0.450000 
-0.825000  -1.530000  216 0.450000 
-0.870000  -1.690000  217 0.450000 
-0.825000  -1.560000  218 0.450000 
-0.875000  -1.630000  219 0.450000 
-0.800000  -1.580000  220 0.450000 
-0.825000  -1.580000  221 0.450000 
-0.755000  -1.360000  222 0.450000 
-0.865000  -1.650000  223 0.450000 
-0.610000  -1.480000  224 0.450000 
-0.785000  -1.560000  225 0.450000 
-0.665000  -1.350000  226 0.450000 
-0.690000  -1.430000  227 0.450000 
-0.660000  -1.540000  228 0.450000 
-0.840000  -1.500000  229 0.450000 
-0.630000  -1.340000  230 0.450000 
-0.845000  -1.650000  231 0.450000 
-0.770000  -1.560000  232 0.450000 
-0.870000  -1.670000  233 0.450000 
-0.735000  -1.330000  234 0.450000 
-0.810000  -1.570000  235 0.450000 
-0.820000  -1.530000  236 0.450000 
-0.685000  -1.390000  237 0.450000 
-0.875000  -1.610000  238 0.450000 
-0.790000  -1.540000  239 0.450000 
-0.870000  -1.590000  240 0.450000 
-0.850000  -1.580000  241 0.450000 
-0.700000  -1.380000  242 0.450000 
-0.865000  -1.640000  243 0.450000 
-0.840000  -1.570000  244 0.450000 
-0.620000  -1.290000  245 0.450000 
-0.890000  -1.660000  246 0.450000 
-0.820000  -1.550000  247 0.450000 
-0.840000  -1.530000  248 0.450000 
-0.605000  -1.470000  249 0.450000 
-0.805000  -1.460000  250 0.450000 
-0.700000  -1.500000  251 0.450000 
-0.900000  -1.710000  252 0.450000 
-0.935000  -1.770000  253 0.450000 
-0.860000  -1.580000  254 0.450000 
-0.875000  -1.620000  255 0.450000 
-0.745000  -1.470000  256 0.450000 
-0.840000  -1.570000  257 0.450000 
-0.860000  -1.630000  258 0.450000 
-0.340000  -1.250000  259 0.450000 
-0.775000  -1.440000  260 0.450000 
-0.830000  -1.580000  261 0.450000 
-0.855000  -1.630000  262 0.450000 
-0.840000  -1.490000  263 0.450000 
-0.765000  -1.480000  264 0.450000 
-0.830000  -1.680000  265 0.450000 
-0.770000  -1.500000  266 0.450000 
-0.595000  -1.370000  267 0.450000 
-0.780000  -1.490000  268 0.450000 
-0.710000  -1.460000  269 0.450000 
-0.780000  -1.540000  270 0.450000 
-0.795000  -1.500000  271 0.450000 
-0.860000  -1.600000  272 0.450000 
-0.710000  -1.510000  273 0.450000 
-0.905000  -1.690000  274 0.450000 
-0.895000  -1.660000  275 0.450000 
-0.655000  -1.300000  276 0.450000 
-0.860000  -1.620000  277 0.450000 
-0.640000  -1.460000  278 0.450000 
-0.685000  -1.530000  279 0.450000 
-0.825000  -1.500000  280 0.450000 
-0.855000  -1.630000  281 0.450000 
-0.580000  -1.460000  282 0.450000 
-0.500000  -1.490000  283 0.450000 
-0.175000  -1.300000  284 0.450000 
-0.110000  -1.070000  285 0.450000 
-0.685000  -1.500000  286 0.450000 
-0.865000  -1.660000  287 0.450000 
-0.705000  -1.460000  288 0.450000 
-0.770000  -1.570000  289 0.450000 
-0.860000  -1.680000  290 0.450000 
-0.835000  -1.620000  291 0.450000 
-0.780000  -1.490000  292 0.450000 
-0.865000  -1.580000  293 0.450000 
-0.755000  -1.550000  294 0.450000 
-0.885000  -1.720000  295 0.450000 
-0.350000  -1.350000  296 0.450000 
-0.150000  -1.320000  297 0.450000 
-0.760000  -1.570000  298 0.450000 
-0.845000  -1.570000  299 0.450000 
-0.875000  -1.640000  300 0.450000 
-0.725000  -1.460000  301 0.450000 
-0.425000  -1.310000  302 0.450000 
-0.865000  -1.610000  303 0.450000 
-0.800000  -1.480000  304 0.450000 
-0.865000  -1.570000  305 0.450000 
0.065000  -1.200000  306 0.450000 
0.400000  -1.200000  307 0.450000 
-0.255000  -1.430000  308 0.450000 
-0.505000  -1.260000  309 0.450000 
-0.890000  -1.660000  310 0.450000 
-0.260000  -1.230000  311 0.450000 
0.455000  -1.340000  312 0.450000 
0.450000  -1.250000  313 0.450000 
0.690000  -1.420000  314 0.450000 
0.860000  -1.580000  315 0.450000 
0.880000  -1.610000  316 0.450000 
0.875000  -1.640000  317 0.450000 
0.860000  -1.660000  318 0.450000 
0.725000  -1.450000  319 0.450000 
0.830000  -1.570000  320 0.450000 
0.820000  -1.440000  321 0.450000 
0.870000  -1.590000  322 0.450000 
0.810000  -1.500000  323 0.450000 
0.570000  -1.370000  324 0.450000 
0.875000  -1.590000  325 0.450000 
0.795000  -1.540000  326 0.450000 
0.805000  -1.430000  327 0.450000 
0.785000  -1.440000  328 0.450000 
0.665000  -1.390000  329 0.450000 
0.820000  -1.490000  330 0.450000 
0.690000  -1.580000  331 0.450000 
0.765000  -1.530000  332 0.450000 
0.435000  -1.330000  333 0.450000 
0.765000  -1.620000  334 0.450000 
0.885000  -1.690000  335 0.450000 
0.885000  -1.660000  336 0.450000 
0.535000  -1.450000  337 0.450000 
0.330000  -1.300000  338 0.450000 
0.170000  -1.330000  339 0.450000 
-0.505000  -1.370000  340 0.450000 
-0.715000  -1.550000  341 0.450000 
-0.800000  -1.400000  342 0.450000 
-0.715000  -1.470000  343 0.450000 
-0.620000  -1.190000  344 0.450000 
-0.815000  -1.520000  345 0.450000 
-0.750000  -1.400000  346 0.450000 
-0.585000  -1.460000  347 0.450000 
-0.760000  -1.580000  348 0.450000 
-0.865000  -1.640000  349 0.450000 
-0.900000  -1.690000  350 0.450000 
-0.795000  -1.510000  351 0.450000 
-0.840000  -1.570000  352 0.450000 
-0.945000  -1.790000  353 0.450000 
-0.700000  -1.400000  354 0.450000 
-0.825000  -1.650000  355 0.450000 
-0.815000  -1.510000  356 0.450000 
-0.875000  -1.670000  357 0.450000 
-0.590000  -1.400000  358 0.450000 
-0.725000  -1.530000  359 0.450000 
-0.630000  -1.370000  360 0.450000 
-0.645000  -1.390000  361 0.450000 
-0.500000  -1.400000  362 0.450000 
0.860000  -1.610000  363 0.450000 
0.760000  -1.410000  364 0.450000 
0.740000  -1.550000  365 0.450000 
0.555000  -1.170000  366 0.450000 
0.810000  -1.480000  367 0.450000 
0.840000  -1.580000  368 0.450000 
0.775000  -1.460000  369 0.450000 
0.785000  -1.540000  370 0.450000 
0.750000  -1.550000  371 0.450000 
0.740000  -1.430000  372 0.450000 
0.775000  -1.450000  373 0.450000 
0.850000  -1.530000  374 0.450000 
0.855000  -1.640000  375 0.450000 
0.735000  -1.560000  376 0.450000 
0.840000  -1.560000  377 0.450000 
0.925000  -1.720000  378 0.450000 
0.710000  -1.410000  379 0.450000 
0.855000  -1.670000  380 0.450000 
0.735000  -1.540000  381 0.450000 
0.630000  -1.400000  382 0.450000 
0.880000  -1.600000  383 0.450000 
0.760000  -1.450000  384 0.450000 
0.660000  -1.430000  385 0.450000 
0.845000  -1.620000  386 0.450000 
0.755000  -1.410000  387 0.450000 
0.860000  -1.640000  388 0.450000 
0.875000  -1.680000  389 0.450000 
0.905000  -1.680000  390 0.450000 
0.875000  -1.630000  391 0.450000 
0.655000  -1.440000  392 0.450000 
0.905000  -1.690000  393 0.450000 
0.905000  -1.700000  394 0.450000 
0.580000  -1.490000  395 0.450000 
0.755000  -1.420000  396 0.450000 
0.725000  -1.370000  397 0.450000 
0.875000  -1.570000  398 0.450000 
0.815000  -1.480000  399 0.450000 
0.830000  -1.600000  400 0.450000 
0.870000  -1.570000  401 0.450000 
0.715000  -1.480000  402 0.450000 
0.485000  -1.360000  403 0.450000 
0.775000  -1.450000  404 0.450000 
0.810000  -1.570000  405 0.450000 
0.835000  -1.580000  406 0.450000 
0.825000  -1.580000  407 0.450000 
0.905000  -1.750000  408 0.450000 
0.670000  -1.460000  409 0.450000 
0.870000  -1.710000  410 0.450000 
0.820000  -1.660000  411 0.450000 
0.805000  -1.520000  412 0.450000 
0.865000  -1.680000  413 0.450000 
0.785000  -1.400000  414 0.450000 
0.915000  -1.750000  415 0.450000 
0.765000  -1.450000  416 0.450000 
0.850000  -1.590000  417 0.450000 
0.690000  -1.440000  418 0.450000 
0.920000  -1.780000  419 0.450000 
0.925000  -1.730000  420 0.450000 
0.815000  -1.660000  421 0.450000 
0.865000  -1.690000  422 0.450000 
0.840000  -1.530000  423 0.450000 
0.655000  -1.450000  424 0.450000 
0.785000  -1.490000  425 0.450000 
0.905000  -1.700000  426 0.450000 
0.840000  -1.600000  427 0.450000 
0.860000  -1.630000  428 0.450000 
0.775000  -1.510000  429 0.450000 
0.755000  -1.540000  430 0.450000 
0.825000  -1.560000  431 0.450000 
0.835000  -1.740000  432 0.450000 
0.705000  -1.530000  433 0.450000 
0.710000  -1.390000  434 0.450000 
0.880000  -1.670000  435 0.450000 
0.935000  -1.780000  436 0.450000 
0.695000  -1.400000  437 0.450000 
0.860000  -1.670000  438 0.450000 
0.890000  -1.690000  439 0.450000 
0.905000  -1.660000  440 0.450000 
0.895000  -1.710000  441 0.450000 
0.820000  -1.550000  442 0.450000 
0.840000  -1.540000  443 0.450000 
0.775000  -1.460000  444 0.450000 
0.770000  -1.590000  445 0.450000 
0.730000  -1.340000  446 0.450000 
0.850000  -1.560000  447 0.450000 
0.785000  -1.510000  448 0.450000 
0.370000  -1.240000  449 0.450000 
0.835000  -1.540000  450 0.450000 
0.885000  -1.600000  451 0.450000 
0.645000  -1.360000  452 0.450000 
0.850000  -1.570000  453 0.450000 
0.720000  -1.570000  454 0.450000 
0.765000  -1.410000  455 0.450000 
0.815000  -1.540000  456 0.450000 
0.895000  -1.720000  457 0.450000 
0.870000  -1.720000  458 0.450000 
0.740000  -1.410000  459 0.450000 
0.740000  -1.500000  460 0.450000 
0.770000  -1.540000  461 0.450000 
0.910000  -1.680000  462 0.450000 
0.855000  -1.560000  463 0.450000 
0.830000  -1.580000  464 0.450000 
0.385000  -1.270000  465 0.450000 
0.870000  -1.560000  466 0.450000 
0.605000  -1.320000  467 0.450000 
0.875000  -1.610000  468 0.450000 
0.895000  -1.680000  469 0.450000 
0.680000  -1.450000  470 0.450000 
0.720000  -1.480000  471 0.450000 
0.580000  -1.290000  472 0.450000 
0.870000  -1.600000  473 0.450000 
0.815000  -1.590000  474 0.450000 
0.875000  -1.570000  475 0.450000 
0.815000  -1.550000  476 0.450000 
0.840000  -1.580000  477 0.450000 
0.800000  -1.530000  478 0.450000 
0.800000  -1.460000  479 0.450000 
0.630000  -1.360000  480 0.450000 
0.810000  -1.570000  481 0.450000 
0.790000  -1.520000  482 0.450000 
0.795000  -1.450000  483 0.450000 
0.950000  -1.820000  484 0.450000 
0.815000  -1.490000  485 0.450000 
0.820000  -1.560000  486 0.450000 
0.900000  -1.660000  487 0.450000 
0.810000  -1.440000  488 0.450000 
0.770000  -1.570000  489 0.450000 
0.880000  -1.680000  490 0.450000 
0.680000  -1.510000  491 0.450000 
0.895000  -1.650000  492 0.450000 
0.780000  -1.490000  493 0.450000 
0.740000  -1.420000  494 0.450000 
0.755000  -1.460000  495 0.450000 
0.900000  -1.680000  496 0.450000 
0.820000  -1.510000  497 0.450000 
0.795000  -1.490000  498 0.450000 
0.755000  -1.380000  499 0.450000 
0.635000  -1.340000  500 0.450000 
0.875000  -1.630000  501 0.450000 
0.795000  -1.460000  502 0.450000 
0.590000  -1.480000  503 0.450000 
0.805000  -1.530000  504 0.450000 
0.570000  -1.400000  505 0.450000 
0.130000  -1.320000  506 0.450000 
0.835000  -1.560000  507 0.450000 
0.860000  -1.630000  508 0.450000 
0.720000  -1.360000  509 0.450000 
0.825000  -1.580000  510 0.450000 
0.925000  -1.730000  511 0.450000 
0.750000  -1.490000  512 0.450000 
0.710000  -1.530000  513 0.450000 
0.835000  -1.560000  514 0.450000 
0.820000  -1.430000  515 0.450000 
0.770000  -1.610000  516 0.450000 
0.700000  -1.370000  517 0.450000 
0.745000  -1.570000  518 0.450000 
0.715000  -1.290000  519 0.450000 
0.565000  -1.480000  520 0.450000 
0.870000  -1.680000  521 0.450000 
0.845000  -1.570000  522 0.450000 
0.760000  -1.450000  523 0.450000 
0.915000  -1.690000  524 0.450000 
0.905000  -1.710000  525 0.450000 
0.545000  -1.270000  526 0.450000 
0.880000  -1.650000  527 0.450000 
0.795000  -1.590000  528 0.450000 
0.295000  -1.090000  529 0.450000 
-0.115000  -1.430000  530 0.450000 
0.385000  -1.260000  531 0.450000 
0.475000  -1.210000  532 0.450000 
0.895000  -1.700000  533 0.450000 
0.660000  -1.410000  534 0.450000 
0.930000  -1.760000  535 0.450000 
0.790000  -1.420000  536 0.450000 
0.715000  -1.420000  537 0.450000 
0.815000  -1.540000  538 0.450000 
0.745000  -1.470000  539 0.450000 
0.850000  -1.630000  540 0.450000 
0.810000  -1.500000  541 0.450000 
0.850000  -1.620000  542 0.450000 
0.840000  -1.540000  543 0.450000 
0.760000  -1.470000  544 0.450000 
0.840000  -1.620000  545 0.450000 
0.860000  -1.610000  546 0.450000 
0.790000  -1.520000  547 0.450000 
0.885000  -1.650000  548 0.450000 
0.570000  -1.350000  549 0.450000 
0.820000  -1.510000  550 0.450000 
0.755000  -1.460000  551 0.450000 
0.780000  -1.480000  552 0.450000 
0.830000  -1.490000  553 0.450000 
0.760000  -1.500000  554 0.450000 
0.735000  -1.530000  555 0.450000 
0.665000  -1.420000  556 0.450000 
-0.565000  -1.470000  557 0.450000 
-0.610000  -1.330000  558 0.450000 
-0.830000  -1.560000  559 0.450000 
-0.895000  -1.670000  560 0.450000 
-0.710000  -1.310000  561 0.450000 
-0.905000  -1.710000  562 0.450000 
-0.925000  -1.770000  563 0.450000 
-0.840000  -1.510000  564 0.450000 
-0.515000  -1.340000  565 0.450000 
-0.835000  -1.480000  566 0.450000 
-0.815000  -1.580000  567 0.450000 
-0.475000  -1.380000  568 0.450000 
-0.875000  -1.580000  569 0.450000 
-0.845000  -1.560000  570 0.450000 
-0.880000  -1.690000  571 0.450000 
-0.820000  -1.480000  572 0.450000 
-0.560000  -1.340000  573 0.450000 
-0.770000  -1.490000  574 0.450000 
-0.820000  -1.490000  575 0.450000 
0.000000  -1.140000  576 0.450000 
-0.005000  -1.320000  577 0.450000 
0.625000  -1.390000  578 0.450000 
0.795000  -1.500000  579 0.450000 
0.770000  -1.500000  580 0.450000 
0.490000  -1.470000  581 0.450000 
0.760000  -1.410000  582 0.450000 
0.785000  -1.480000  583 0.450000 
0.830000  -1.660000  584 0.450000 
0.875000  -1.680000  585 0.450000 
0.710000  -1.430000  586 0.450000 
0.790000  -1.520000  587 0.450000 
0.800000  -1.540000  588 0.450000 
0.645000  -1.490000  589 0.450000 
0.760000  -1.460000  590 0.450000 
0.825000  -1.560000  591 0.450000 
0.830000  -1.530000  592 0.450000 
0.800000  -1.430000  593 0.450000 
0.835000  -1.520000  594 0.450000 
0.810000  -1.500000  595 0.450000 
0.675000  -1.350000  596 0.450000 
0.320000  -1.290000  597 0.450000 
0.815000  -1.500000  598 0.450000 
0.890000  -1.680000  599 0.450000 
0.785000  -1.510000  600 0.450000 
0.705000  -1.330000  601 0.450000 
0.870000  -1.660000  602 0.450000 
0.895000  -1.660000  603 0.450000 
0.725000  -1.450000  604 0.450000 
0.840000  -1.550000  605 0.450000 
0.705000  -1.390000  606 0.450000 
0.885000  -1.690000  607 0.450000 
0.765000  -1.510000  608 0.450000 
0.945000  -1.800000  609 0.450000 
0.690000  -1.520000  610 0.450000 
0.860000  -1.580000  611 0.450000 
0.715000  -1.310000  612 0.450000 
0.855000  -1.650000  613 0.450000 
0.745000  -1.360000  614 0.450000 
0.890000  -1.650000  615 0.450000 
0.855000  -1.610000  616 0.450000 
0.950000  -1.840000  617 0.450000 
0.830000  -1.530000  618 0.450000 
0.940000  -1.790000  619 0.450000 
0.570000  -1.310000  620 0.450000 
0.770000  -1.450000  621 0.450000 
0.835000  -1.650000  622 0.450000 
0.925000  -1.740000  623 0.450000 
0.965000  -1.890000  624 0.450000 
0.860000  -1.620000  625 0.450000 
0.700000  -1.340000  626 0.450000 
0.790000  -1.510000  627 0.450000 
0.595000  -1.350000  628 0.450000 
0.765000  -1.430000  629 0.450000 
0.750000  -1.510000  630 0.450000 
0.730000  -1.480000  631 0.450000 
0.885000  -1.650000  632 0.450000 
0.675000  -1.520000  633 0.450000 
0.860000  -1.610000  634 0.450000 
0.915000  -1.730000  635 0.450000 
0.840000  -1.490000  636 0.450000 
0.705000  -1.540000  637 0.450000 
0.440000  -1.340000  638 0.450000 
0.700000  -1.400000  639 0.450000 
0.845000  -1.530000  640 0.450000 
0.830000  -1.540000  641 0.450000 
0.845000  -1.620000  642 0.450000 
0.805000  -1.510000  643 0.450000 
0.850000  -1.650000  644 0.450000 
0.860000  -1.620000  645 0.450000 
0.695000  -1.280000  646 0.450000 
0.765000  -1.500000  647 0.450000 
0.660000  -1.340000  648 0.450000 
0.895000  -1.650000  649 0.450000 
0.835000  -1.550000  650 0.450000 
0.820000  -1.520000  651 0.450000 
0.790000  -1.480000  652 0.450000 
0.870000  -1.620000  653 0.450000 
0.685000  -1.530000  654 0.450000 
0.870000  -1.650000  655 0.450000 
0.740000  -1.410000  656 0.450000 
0.755000  -1.550000  657 0.450000 
0.740000  -1.460000  658 0.450000 
0.685000  -1.390000  659 0.450000 
0.860000  -1.600000  660 0.450000 
0.790000  -1.440000  661 0.450000 
0.695000  -1.450000  662 0.450000 
0.700000  -1.500000  663 0.450000 
0.800000  -1.480000  664 0.450000 
0.780000  -1.450000  665 0.450000 
0.685000  -1.410000  666 0.450000 
0.850000  -1.570000  667 0.450000 
0.695000  -1.480000  668 0.450000 
0.845000  -1.560000  669 0.450000 
0.670000  -1.360000  670 0.450000 
0.910000  -1.670000  671 0.450000 
0.730000  -1.480000  672 0.450000 
0.845000  -1.560000  673 0.450000 
0.780000  -1.450000  674 0.450000 
0.685000  -1.430000  675 0.450000 
0.860000  -1.600000  676 0.450000 
0.655000  -1.550000  677 0.450000 
0.680000  -1.370000  678 0.450000 
0.900000  -1.710000  679 0.450000 
0.690000  -1.440000  680 0.450000 
0.820000  -1.550000  681 0.450000 
0.720000  -1.430000  682 0.450000 
0.900000  -1.660000  683 0.450000 
0.685000  -1.450000  684 0.450000 
0.765000  -1.420000  685 0.450000 
0.880000  -1.610000  686 0.450000 
0.850000  -1.650000  687 0.450000 
0.660000  -1.470000  688 0.450000 
0.715000  -1.430000  689 0.450000 
0.905000  -1.680000  690 0.450000 
0.850000  -1.560000  691 0.450000 
0.860000  -1.580000  692 0.450000 
0.840000  -1.470000  693 0.450000 
0.930000  -1.750000  694 0.450000 
0.760000  -1.410000  695 0.450000 
0.830000  -1.500000  696 0.450000 
0.540000  -1.510000  697 0.450000 
0.775000  -1.520000  698 0.450000 
0.735000  -1.540000  699 0.450000 
0.815000  -1.570000  700 0.450000 
0.860000  -1.620000  701 0.450000 
0.790000  -1.470000  702 0.450000 
0.710000  -1.530000  703 0.450000 
0.555000  -1.440000  704 0.450000 
0.770000  -1.470000  705 0.450000 
0.885000  -1.630000  706 0.450000 
0.760000  -1.550000  707 0.450000 
0.885000  -1.620000  708 0.450000 
0.780000  -1.590000  709 0.450000 
0.835000  -1.570000  710 0.450000 
0.805000  -1.500000  711 0.450000 
0.490000  -1.240000  712 0.450000 
0.830000  -1.630000  713 0.450000 
0.640000  -1.440000  714 0.450000 
0.865000  -1.600000  715 0.450000 
0.915000  -1.770000  716 0.450000 
0.930000  -1.780000  717 0.450000 
0.875000  -1.680000  718 0.450000 
0.820000  -1.520000  719 0.450000 
0.880000  -1.720000  720 0.450000 
0.630000  -1.480000  721 0.450000 
0.725000  -1.530000  722 0.450000 
0.565000  -1.300000  723 0.450000 
0.860000  -1.570000  724 0.450000 
0.850000  -1.610000  725 0.450000 
0.775000  -1.580000  726 0.450000 
0.865000  -1.570000  727 0.450000 
0.715000  -1.430000  728 0.450000 
0.815000  -1.530000  729 0.450000 
0.935000  -1.760000  730 0.450000 
0.895000  -1.700000  731 0.450000 
0.915000  -1.700000  732 0.450000 
0.890000  -1.640000  733 0.450000 
0.730000  -1.490000  734 0.450000 
0.775000  -1.480000  735 0.450000 
0.760000  -1.580000  736 0.450000 
0.795000  -1.460000  737 0.450000 
0.870000  -1.650000  738 0.450000 
0.820000  -1.580000  739 0.450000 
0.800000  -1.550000  740 0.450000 
0.885000  -1.670000  741 0.450000 
0.840000  -1.660000  742 0.450000 
0.900000  -1.680000  743 0.450000 
0.885000  -1.610000  744 0.450000 
0.860000  -1.630000  745 0.450000 
0.890000  -1.650000  746 0.450000 
0.880000  -1.680000  747 0.450000 
0.895000  -1.690000  748 0.450000 
0.860000  -1.540000  749 0.450000 
0.725000  -1.400000  750 0.450000 
0.890000  -1.680000  751 0.450000 
0.875000  -1.660000  752 0.450000 
0.825000  -1.560000  753 0.450000 
0.845000  -1.660000  754 0.450000 
0.725000  -1.570000  755 0.450000 
0.915000  -1.710000  756 0.450000 
0.855000  -1.560000  757 0.450000 
0.840000  -1.610000  758 0.450000 
0.730000  -1.420000  759 0.450000 
0.815000  -1.510000  760 0.450000 
0.710000  -1.390000  761 0.450000 
0.795000  -1.450000  762 0.450000 
0.840000  -1.570000  763 0.450000 
0.900000  -1.660000  764 0.450000 
0.805000  -1.500000  765 0.450000 
0.855000  -1.560000  766 0.450000 
0.670000  -1.490000  767 0.450000 
0.750000  -1.510000  768 0.450000 
0.640000  -1.490000  769 0.450000 
0.435000  -1.320000  770 0.450000 
0.695000  -1.350000  771 0.450000 
0.850000  -1.580000  772 0.450000 
0.710000  -1.330000  773 0.450000 
0.905000  -1.690000  774 0.450000 
0.875000  -1.630000  775 0.450000 
0.865000  -1.650000  776 0.450000 
0.855000  -1.570000  777 0.450000 
0.630000  -1.440000  778 0.450000 
0.580000  -1.300000  779 0.450000 
0.850000  -1.640000  780 0.450000 
0.845000  -1.640000  781 0.450000 
0.910000  -1.740000  782 0.450000 
0.835000  -1.480000  783 0.450000 
0.650000  -1.590000  784 0.450000 
0.605000  -1.370000  785 0.450000 
0.905000  -1.750000  786 0.450000 
0.940000  -1.780000  787 0.450000 
0.840000  -1.640000  788 0.450000 
0.780000  -1.450000  789 0.450000 
0.845000  -1.560000  790 0.450000 
0.760000  -1.440000  791 0.450000 
0.545000  -1.350000  792 0.450000 
0.450000  -1.160000  793 0.450000 
-0.715000  -1.540000  794 0.450000 
-0.860000  -1.680000  795 0.450000 
-0.780000  -1.510000  796 0.450000 
-0.930000  -1.790000  797 0.450000 
-0.815000  -1.500000  798 0.450000 
-0.655000  -1.520000  799 0.450000 
-0.870000  -1.660000  800 0.450000 
-0.830000  -1.540000  801 0.450000 
-0.745000  -1.450000  802 0.450000 
-0.890000  -1.620000  803 0.450000 
-0.770000  -1.380000  804 0.450000 
-0.920000  -1.740000  805 0.450000 
-0.730000  -1.360000  806 0.450000 
-0.875000  -1.590000  807 0.450000 
-0.885000  -1.620000  808 0.450000 
-0.815000  -1.560000  809 0.450000 
-0.885000  -1.620000  810 0.450000 
-0.790000  -1.530000  811 0.450000 
-0.745000  -1.470000  812 0.450000 
-0.790000  -1.560000  813 0.450000 
-0.855000  -1.630000  814 0.450000 
-0.915000  -1.700000  815 0.450000 
-0.905000  -1.710000  816 0.450000 
-0.880000  -1.670000  817 0.450000 
-0.790000  -1.550000  818 0.450000 
-0.880000  -1.670000  819 0.450000 
-0.865000  -1.640000  820 0.450000 
-0.935000  -1.830000  821 0.450000 
-0.775000  -1.560000  822 0.450000 
-0.790000  -1.490000  823 0.450000 
-0.790000  -1.520000  824 0.450000 
-0.725000  -1.460000  825 0.450000 
-0.865000  -1.590000  826 0.450000 
-0.770000  -1.470000  827 0.450000 
-0.890000  -1.600000  828 0.450000 
-0.660000  -1.330000  829 0.450000 
-0.635000  -1.340000  830 0.450000 
-0.865000  -1.600000  831 0.450000 
-0.670000  -1.470000  832 0.450000 
-0.835000  -1.550000  833 0.450000 
-0.795000  -1.570000  834 0.450000 
-0.860000  -1.650000  835 0.450000 
-0.850000  -1.560000  836 0.450000 
-0.910000  -1.680000  837 0.450000 
-0.145000  -1.280000  838 0.450000 
0.030000  -1.120000  839 0.450000 
0.815000  -1.480000  840 0.450000 
0.785000  -1.410000  841 0.450000 
0.845000  -1.500000  842 0.450000 
0.765000  -1.500000  843 0.450000 
0.925000  -1.770000  844 0.450000 
0.815000  -1.530000  845 0.450000 
0.700000  -1.580000  846 0.450000 
0.720000  -1.410000  847 0.450000 
0.895000  -1.680000  848 0.450000 
0.865000  -1.590000  849 0.450000 
0.820000  -1.550000  850 0.450000 
0.680000  -1.390000  851 0.450000 
0.855000  -1.600000  852 0.450000 
0.865000  -1.650000  853 0.450000 
0.745000  -1.380000  854 0.450000 
0.430000  -1.270000  855 0.450000 
0.930000  -1.750000  856 0.450000 
0.630000  -1.280000  857 0.450000 
0.850000  -1.580000  858 0.450000 
0.780000  -1.480000  859 0.450000 
0.875000  -1.610000  860 0.450000 
0.655000  -1.420000  861 0.450000 
0.870000  -1.630000  862 0.450000 
0.690000  -1.450000  863 0.450000 
0.610000  -1.310000  864 0.450000 
0.825000  -1.640000  865 0.450000 
0.760000  -1.410000  866 0.450000 
0.780000  -1.500000  867 0.450000 
0.680000  -1.390000  868 0.450000 
0.865000  -1.670000  869 0.450000 
0.795000  -1.500000  870 0.450000 
0.710000  -1.290000  871 0.450000 
0.785000  -1.430000  872 0.450000 
0.890000  -1.680000  873 0.450000 
0.600000  -1.380000  874 0.450000 
0.720000  -1.440000  875 0.450000 
0.825000  -1.530000  876 0.450000 
0.780000  -1.550000  877 0.450000 
0.880000  -1.670000  878 0.450000 
0.805000  -1.450000  879 0.450000 
0.905000  -1.670000  880 0.450000 
0.865000  -1.670000  881 0.450000 
0.750000  -1.350000  882 0.450000 
0.765000  -1.500000  883 0.450000 
0.890000  -1.740000  884 0.450000 
0.895000  -1.670000  885 0.450000 
0.860000  -1.600000  886 0.450000 
0.895000  -1.690000  887 0.450000 
0.910000  -1.690000  888 0.450000 
0.875000  -1.620000  889 0.450000 
0.885000  -1.670000  890 0.450000 
0.830000  -1.570000  891 0.450000 
0.830000  -1.580000  892 0.450000 
0.480000  -1.200000  893 0.450000 
0.775000  -1.470000  894 0.450000 
0.740000  -1.450000  895 0.450000 
0.740000  -1.440000  896 0.450000 
0.905000  -1.730000  897 0.450000 
0.660000  -1.190000  898 0.450000 
0.335000  -1.010000  899 0.450000 
0.220000  -1.230000  900 0.450000 
0.705000  -1.430000  901 0.450000 
0.860000  -1.620000  902 0.450000 
0.855000  -1.610000  903 0.450000 
0.840000  -1.550000  904 0.450000 
0.900000  -1.680000  905 0.450000 
0.925000  -1.750000  906 0.450000 
0.900000  -1.720000  907 0.450000 
0.615000  -1.430000  908 0.450000 
0.885000  -1.630000  909 0.450000 
0.840000  -1.590000  910 0.450000 
0.865000  -1.600000  911 0.450000 
0.795000  -1.470000  912 0.450000 
0.885000  -1.650000  913 0.450000 
0.875000  -1.640000  914 0.450000 
0.620000  -1.340000  915 0.450000 
0.910000  -1.690000  916 0.450000 
0.920000  -1.740000  917 0.450000 
0.870000  -1.580000  918 0.450000 
0.745000  -1.420000  919 0.450000 
0.250000  -1.170000  920 0.450000 
0.890000  -1.630000  921 0.450000 
0.830000  -1.710000  922 0.450000 
0.820000  -1.500000  923 0.450000 
0.905000  -1.690000  924 0.450000 
0.845000  -1.590000  925 0.450000 
0.880000  -1.630000  926 0.450000 
0.825000  -1.520000  927 0.450000 
0.795000  -1.560000  928 0.450000 
0.740000  -1.560000  929 0.450000 
0.810000  -1.510000  930 0.450000 
0.745000  -1.420000  931 0.450000 
0.935000  -1.770000  932 0.450000 
0.815000  -1.520000  933 0.450000 
0.820000  -1.520000  934 0.450000 
0.890000  -1.690000  935 0.450000 
0.380000  -1.200000  936 0.450000 
0.705000  -1.580000  937 0.450000 
0.890000  -1.630000  938 0.450000 
0.910000  -1.710000  939 0.450000 
0.825000  -1.610000  940 0.450000 
0.875000  -1.610000  941 0.450000 
0.790000  -1.470000  942 0.450000 
0.920000  -1.710000  943 0.450000 
0.865000  -1.620000  944 0.450000 
0.825000  -1.500000  945 0.450000 
0.680000  -1.410000  946 0.450000 
0.755000  -1.490000  947 0.450000 
0.830000  -1.500000  948 0.450000 
0.875000  -1.670000  949 0.450000 
0.565000  -1.410000  950 0.450000 
0.845000  -1.640000  951 0.450000 
0.930000  -1.820000  952 0.450000 
0.850000  -1.560000  953 0.450000 
0.785000  -1.430000  954 0.450000 
0.720000  -1.530000  955 0.450000 
0.840000  -1.620000  956 0.450000 
0.765000  -1.500000  957 0.450000 
0.650000  -1.450000  958 0.450000 
0.680000  -1.430000  959 0.450000 
-0.400000  -1.210000  960 0.450000 
-0.765000  -1.380000  961 0.450000 
-0.885000  -1.630000  962 0.450000 
-0.710000  -1.500000  963 0.450000 
-0.750000  -1.440000  964 0.450000 
-0.940000  -1.780000  965 0.450000 
-0.910000  -1.730000  966 0.450000 
-0.840000  -1.600000  967 0.450000 
-0.600000  -1.370000  968 0.450000 
-0.865000  -1.680000  969 0.450000 
-0.805000  -1.530000  970 0.450000 
-0.680000  -1.420000  971 0.450000 
-0.710000  -1.370000  972 0.450000 
-0.755000  -1.490000  973 0.450000 
-0.855000  -1.600000  974 0.450000 
-0.920000  -1.720000  975 0.450000 
-0.850000  -1.670000  976 0.450000 
-0.410000  -1.120000  977 0.450000 
-0.610000  -1.280000  978 0.450000 
-0.775000  -1.540000  979 0.450000 
-0.870000  -1.600000  980 0.450000 
-0.090000  -1.230000  981 0.450000 
-0.565000  -1.240000  982 0.450000 
-0.675000  -1.480000  983 0.450000 
-0.720000  -1.360000  984 0.450000 
-0.895000  -1.680000  985 0.450000 
-0.910000  -1.740000  986 0.450000 
-0.765000  -1.460000  987 0.450000 
-0.790000  -1.550000  988 0.450000 
-0.410000  -1.280000  989 0.450000 
-0.830000  -1.560000  990 0.450000 
-0.890000  -1.670000  991 0.450000 
-0.630000  -1.210000  992 0.450000 
-0.380000  -1.340000  993 0.450000 
-0.750000  -1.540000  994 0.450000 
-0.880000  -1.640000  995 0.450000 
-0.915000  -1.770000  996 0.450000 
-0.795000  -1.550000  997 0.450000 
-0.790000  -1.590000  998 0.450000 
-0.810000  -1.540000  999 0.450000 
