0.980000  -1.920000  0 0.520000 
0.950000  -1.820000  1 0.520000 
0.870000  -1.680000  2 0.520000 
0.930000  -1.790000  3 0.520000 
0.940000  -1.780000  4 0.520000 
0.930000  -1.780000  5 0.520000 
0.910000  -1.750000  6 0.520000 
0.910000  -1.750000  7 0.520000 
0.920000  -1.740000  8 0.520000 
0.875000  -1.650000  9 0.520000 
0.945000  -1.820000  10 0.520000 
0.895000  -1.710000  11 0.520000 
0.925000  -1.790000  12 0.520000 
0.940000  -1.780000  13 0.520000 
0.925000  -1.790000  14 0.520000 
0.945000  -1.840000  15 0.520000 
0.975000  -1.920000  16 0.520000 
0.960000  -1.880000  17 0.520000 
0.980000  -1.930000  18 0.520000 
0.945000  -1.820000  19 0.520000 
0.950000  -1.830000  20 0.520000 
0.965000  -1.870000  21 0.520000 
0.905000  -1.730000  22 0.520000 
0.925000  -1.750000  23 0.520000 
0.955000  -1.850000  24 0.520000 
0.920000  -1.720000  25 0.520000 
0.960000  -1.850000  26 0.520000 
0.950000  -1.840000  27 0.520000 
0.865000  -1.660000  28 0.520000 
0.935000  -1.770000  29 0.520000 
0.935000  -1.770000  30 0.520000 
0.970000  -1.890000  31 0.520000 
0.945000  -1.800000  32 0.520000 
0.955000  -1.910000  33 0.520000 
0.905000  -1.680000  34 0.520000 
0.855000  -1.660000  35 0.520000 
0.915000  -1.710000  36 0.520000 
0.920000  -1.760000  37 0.520000 
0.925000  -1.760000  38 0.520000 
0.940000  -1.810000  39 0.520000 
0.895000  -1.720000  40 0.520000 
0.940000  -1.780000  41 0.520000 
0.940000  -1.790000  42 0.520000 
0.930000  -1.760000  43 0.520000 
0.950000  -1.820000  44 0.520000 
0.875000  -1.690000  45 0.520000 
0.885000  -1.830000  46 0.520000 
0.965000  -1.880000  47 0.520000 
0.930000  -1.740000  48 0.520000 
0.935000  -1.770000  49 0.520000 
0.935000  -1.820000  50 0.520000 
0.930000  -1.790000  51 0.520000 
0.980000  -1.920000  52 0.520000 
0.870000  -1.700000  53 0.520000 
0.930000  -1.760000  54 0.520000 
0.955000  -1.850000  55 0.520000 
0.935000  -1.800000  56 0.520000 
0.965000  -1.870000  57 0.520000 
0.920000  -1.760000  58 0.520000 
0.975000  -1.910000  59 0.520000 
0.955000  -1.850000  60 0.520000 
0.900000  -1.660000  61 0.520000 
0.900000  -1.680000  62 0.520000 
0.925000  -1.810000  63 0.520000 
0.945000  -1.780000  64 0.520000 
0.955000  -1.820000  65 0.520000 
0.910000  -1.700000  66 0.520000 
0.950000  -1.840000  67 0.520000 
0.975000  -1.900000  68 0.520000 
0.910000  -1.720000  69 0.520000 
0.940000  -1.820000  70 0.520000 
0.930000  -1.770000  71 0.520000 
0.940000  -1.800000  72 0.520000 
0.890000  -1.740000  73 0.520000 
0.920000  -1.730000  74 0.520000 
0.925000  -1.740000  75 0.520000 
0.915000  -1.720000  76 0.520000 
0.965000  -1.870000  77 0.520000 
0.950000  -1.830000  78 0.520000 
0.750000  -1.670000  79 0.520000 
0.895000  -1.730000  80 0.520000 
0.925000  -1.740000  81 0.520000 
0.955000  -1.850000  82 0.520000 
0.915000  -1.750000  83 0.520000 
0.900000  -1.700000  84 0.520000 
0.975000  -1.910000  85 0.520000 
0.955000  -1.830000  86 0.520000 
0.945000  -1.800000  87 0.520000 
0.935000  -1.810000  88 0.520000 
0.950000  -1.820000  89 0.520000 
0.915000  -1.720000  90 0.520000 
0.980000  -1.920000  91 0.520000 
0.865000  -1.640000  92 0.520000 
0.935000  -1.760000  93 0.520000 
0.950000  -1.840000  94 0.520000 
0.925000  -1.770000  95 0.520000 
0.900000  -1.770000  96 0.520000 
0.955000  -1.860000  97 0.520000 
0.955000  -1.830000  98 0.520000 
0.950000  -1.820000  99 0.520000 
0.945000  -1.790000  100 0.520000 
0.995000  -1.980000  101 0.520000 
0.950000  -1.840000  102 0.520000 
0.925000  -1.760000  103 0.520000 
0.935000  -1.820000  104 0.520000 
0.885000  -1.640000  105 0.520000 
0.915000  -1.780000  106 0.520000 
0.965000  -1.860000  107 0.520000 
0.955000  -1.850000  108 0.520000 
0.865000  -1.760000  109 0.520000 
0.915000  -1.710000  110 0.520000 
0.915000  -1.720000  111 0.520000 
0.920000  -1.720000  112 0.520000 
0.955000  -1.830000  113 0.520000 
0.955000  -1.840000  114 0.520000 
0.950000  -1.830000  115 0.520000 
0.950000  -1.870000  116 0.520000 
0.960000  -1.870000  117 0.520000 
0.895000  -1.700000  118 0.520000 
0.930000  -1.850000  119 0.520000 
0.980000  -1.930000  120 0.520000 
0.935000  -1.800000  121 0.520000 
0.905000  -1.670000  122 0.520000 
0.900000  -1.690000  123 0.520000 
0.925000  -1.790000  124 0.520000 
0.880000  -1.670000  125 0.520000 
0.970000  -1.890000  126 0.520000 
0.955000  -1.830000  127 0.520000 
0.900000  -1.720000  128 0.520000 
0.925000  -1.740000  129 0.520000 
0.965000  -1.870000  130 0.520000 
0.970000  -1.890000  131 0.520000 
0.960000  -1.860000  132 0.520000 
0.935000  -1.750000  133 0.520000 
0.900000  -1.760000  134 0.520000 
0.930000  -1.760000  135 0.520000 
0.900000  -1.740000  136 0.520000 
0.965000  -1.880000  137 0.520000 
0.915000  -1.740000  138 0.520000 
0.975000  -1.920000  139 0.520000 
0.925000  -1.790000  140 0.520000 
0.975000  -1.900000  141 0.520000 
0.940000  -1.820000  142 0.520000 
0.930000  -1.760000  143 0.520000 
0.840000  -1.540000  144 0.520000 
0.960000  -1.850000  145 0.520000 
0.950000  -1.850000  146 0.520000 
0.930000  -1.790000  147 0.520000 
0.920000  -1.800000  148 0.520000 
0.970000  -1.880000  149 0.520000 
0.980000  -1.930000  150 0.520000 
0.975000  -1.900000  151 0.520000 
0.935000  -1.780000  152 0.520000 
0.960000  -1.860000  153 0.520000 
0.945000  -1.790000  154 0.520000 
0.960000  -1.870000  155 0.520000 
0.930000  -1.830000  156 0.520000 
0.965000  -1.870000  157 0.520000 
0.905000  -1.720000  158 0.520000 
0.940000  -1.800000  159 0.520000 
0.940000  -1.810000  160 0.520000 
0.930000  -1.820000  161 0.520000 
0.915000  -1.750000  162 0.520000 
0.960000  -1.870000  163 0.520000 
0.970000  -1.880000  164 0.520000 
0.950000  -1.830000  165 0.520000 
0.950000  -1.810000  166 0.520000 
0.945000  -1.820000  167 0.520000 
0.970000  -1.890000  168 0.520000 
0.940000  -1.840000  169 0.520000 
0.935000  -1.770000  170 0.520000 
0.935000  -1.760000  171 0.520000 
0.870000  -1.670000  172 0.520000 
0.855000  -1.720000  173 0.520000 
0.970000  -1.900000  174 0.520000 
0.940000  -1.820000  175 0.520000 
0.955000  -1.830000  176 0.520000 
0.965000  -1.880000  177 0.520000 
0.930000  -1.770000  178 0.520000 
0.975000  -1.900000  179 0.520000 
0.955000  -1.850000  180 0.520000 
0.935000  -1.780000  181 0.520000 
0.940000  -1.870000  182 0.520000 
0.925000  -1.810000  183 0.520000 
0.930000  -1.750000  184 0.520000 
0.965000  -1.880000  185 0.520000 
0.945000  -1.830000  186 0.520000 
0.935000  -1.780000  187 0.520000 
0.885000  -1.670000  188 0.520000 
0.960000  -1.870000  189 0.520000 
0.960000  -1.850000  190 0.520000 
0.925000  -1.760000  191 0.520000 
0.925000  -1.830000  192 0.520000 
0.915000  -1.700000  193 0.520000 
0.960000  -1.850000  194 0.520000 
0.970000  -1.890000  195 0.520000 
0.900000  -1.680000  196 0.520000 
0.945000  -1.790000  197 0.520000 
0.940000  -1.840000  198 0.520000 
0.940000  -1.790000  199 0.520000 
0.950000  -1.850000  200 0.520000 
0.945000  -1.790000  201 0.520000 
0.855000  -1.750000  202 0.520000 
0.915000  -1.770000  203 0.520000 
0.930000  -1.780000  204 0.520000 
0.895000  -1.750000  205 0.520000 
0.965000  -1.890000  206 0.520000 
0.940000  -1.810000  207 0.520000 
0.880000  -1.720000  208 0.520000 
0.970000  -1.880000  209 0.520000 
0.980000  -1.930000  210 0.520000 
0.905000  -1.740000  211 0.520000 
0.975000  -1.900000  212 0.520000 
0.915000  -1.730000  213 0.520000 
0.970000  -1.880000  214 0.520000 
0.955000  -1.830000  215 0.520000 
0.945000  -1.810000  216 0.520000 
0.935000  -1.820000  217 0.520000 
0.910000  -1.770000  218 0.520000 
0.955000  -1.850000  219 0.520000 
0.985000  -1.940000  220 0.520000 
0.940000  -1.800000  221 0.520000 
0.985000  -1.950000  222 0.520000 
0.920000  -1.740000  223 0.520000 
0.935000  -1.780000  224 0.520000 
0.935000  -1.780000  225 0.520000 
0.945000  -1.870000  226 0.520000 
0.925000  -1.750000  227 0.520000 
0.850000  -1.680000  228 0.520000 
0.925000  -1.770000  229 0.520000 
0.930000  -1.740000  230 0.520000 
0.945000  -1.820000  231 0.520000 
0.950000  -1.830000  232 0.520000 
0.970000  -1.880000  233 0.520000 
0.915000  -1.730000  234 0.520000 
0.910000  -1.690000  235 0.520000 
0.970000  -1.880000  236 0.520000 
0.950000  -1.840000  237 0.520000 
0.960000  -1.870000  238 0.520000 
0.940000  -1.800000  239 0.520000 
0.925000  -1.780000  240 0.520000 
0.895000  -1.680000  241 0.520000 
0.975000  -1.910000  242 0.520000 
0.910000  -1.720000  243 0.520000 
0.885000  -1.720000  244 0.520000 
0.950000  -1.830000  245 0.520000 
0.970000  -1.890000  246 0.520000 
0.945000  -1.820000  247 0.520000 
0.940000  -1.770000  248 0.520000 
0.905000  -1.710000  249 0.520000 
0.895000  -1.710000  250 0.520000 
0.865000  -1.630000  251 0.520000 
0.935000  -1.830000  252 0.520000 
0.885000  -1.760000  253 0.520000 
0.950000  -1.860000  254 0.520000 
0.970000  -1.890000  255 0.520000 
0.965000  -1.880000  256 0.520000 
0.965000  -1.880000  257 0.520000 
0.970000  -1.890000  258 0.520000 
0.900000  -1.810000  259 0.520000 
0.965000  -1.880000  260 0.520000 
0.975000  -1.910000  261 0.520000 
0.910000  -1.700000  262 0.520000 
0.955000  -1.820000  263 0.520000 
0.930000  -1.740000  264 0.520000 
0.925000  -1.770000  265 0.520000 
0.900000  -1.740000  266 0.520000 
0.970000  -1.900000  267 0.520000 
0.975000  -1.930000  268 0.520000 
0.970000  -1.900000  269 0.520000 
0.960000  -1.870000  270 0.520000 
0.925000  -1.810000  271 0.520000 
0.940000  -1.800000  272 0.520000 
0.945000  -1.830000  273 0.520000 
0.895000  -1.700000  274 0.520000 
0.915000  -1.800000  275 0.520000 
0.890000  -1.760000  276 0.520000 
0.980000  -1.920000  277 0.520000 
0.940000  -1.810000  278 0.520000 
0.930000  -1.790000  279 0.520000 
0.925000  -1.770000  280 0.520000 
0.915000  -1.760000  281 0.520000 
0.975000  -1.920000  282 0.520000 
0.960000  -1.860000  283 0.520000 
0.875000  -1.640000  284 0.520000 
0.960000  -1.850000  285 0.520000 
0.925000  -1.760000  286 0.520000 
0.930000  -1.750000  287 0.520000 
0.950000  -1.810000  288 0.520000 
0.960000  -1.850000  289 0.520000 
0.935000  -1.790000  290 0.520000 
0.920000  -1.720000  291 0.520000 
0.945000  -1.820000  292 0.520000 
0.875000  -1.640000  293 0.520000 
0.930000  -1.800000  294 0.520000 
0.965000  -1.870000  295 0.520000 
0.970000  -1.890000  296 0.520000 
0.970000  -1.900000  297 0.520000 
0.905000  -1.710000  298 0.520000 
0.950000  -1.830000  299 0.520000 
0.945000  -1.830000  300 0.520000 
0.935000  -1.790000  301 0.520000 
0.940000  -1.830000  302 0.520000 
0.930000  -1.820000  303 0.520000 
0.970000  -1.880000  304 0.520000 
0.985000  -1.940000  305 0.520000 
0.925000  -1.750000  306 0.520000 
0.955000  -1.850000  307 0.520000 
0.900000  -1.710000  308 0.520000 
0.960000  -1.850000  309 0.520000 
0.950000  -1.810000  310 0.520000 
0.955000  -1.830000  311 0.520000 
0.905000  -1.790000  312 0.520000 
0.980000  -1.920000  313 0.520000 
0.945000  -1.840000  314 0.520000 
0.965000  -1.880000  315 0.520000 
0.880000  -1.690000  316 0.520000 
0.965000  -1.860000  317 0.520000 
0.915000  -1.750000  318 0.520000 
0.955000  -1.830000  319 0.520000 
0.930000  -1.750000  320 0.520000 
0.945000  -1.810000  321 0.520000 
0.955000  -1.830000  322 0.520000 
0.875000  -1.700000  323 0.520000 
0.960000  -1.860000  324 0.520000 
0.925000  -1.850000  325 0.520000 
0.920000  -1.840000  326 0.520000 
0.940000  -1.810000  327 0.520000 
0.935000  -1.810000  328 0.520000 
0.925000  -1.770000  329 0.520000 
0.950000  -1.830000  330 0.520000 
0.870000  -1.660000  331 0.520000 
0.970000  -1.890000  332 0.520000 
0.945000  -1.810000  333 0.520000 
0.945000  -1.820000  334 0.520000 
0.955000  -1.830000  335 0.520000 
0.945000  -1.800000  336 0.520000 
0.935000  -1.770000  337 0.520000 
0.960000  -1.850000  338 0.520000 
0.970000  -1.900000  339 0.520000 
0.900000  -1.760000  340 0.520000 
0.960000  -1.850000  341 0.520000 
0.970000  -1.900000  342 0.520000 
0.955000  -1.870000  343 0.520000 
0.930000  -1.790000  344 0.520000 
0.950000  -1.840000  345 0.520000 
0.895000  -1.660000  346 0.520000 
0.950000  -1.840000  347 0.520000 
0.905000  -1.720000  348 0.520000 
0.970000  -1.890000  349 0.520000 
0.835000  -1.670000  350 0.520000 
0.945000  -1.860000  351 0.520000 
0.910000  -1.720000  352 0.520000 
0.940000  -1.780000  353 0.520000 
0.965000  -1.860000  354 0.520000 
0.935000  -1.790000  355 0.520000 
0.940000  -1.790000  356 0.520000 
0.900000  -1.700000  357 0.520000 
0.945000  -1.820000  358 0.520000 
0.905000  -1.690000  359 0.520000 
0.930000  -1.790000  360 0.520000 
0.955000  -1.870000  361 0.520000 
0.870000  -1.590000  362 0.520000 
0.965000  -1.870000  363 0.520000 
0.960000  -1.860000  364 0.520000 
0.975000  -1.900000  365 0.520000 
0.920000  -1.710000  366 0.520000 
0.950000  -1.820000  367 0.520000 
0.845000  -1.650000  368 0.520000 
0.925000  -1.870000  369 0.520000 
0.965000  -1.890000  370 0.520000 
0.895000  -1.680000  371 0.520000 
0.960000  -1.870000  372 0.520000 
0.915000  -1.750000  373 0.520000 
0.895000  -1.740000  374 0.520000 
0.830000  -1.670000  375 0.520000 
0.915000  -1.730000  376 0.520000 
0.910000  -1.690000  377 0.520000 
0.940000  -1.800000  378 0.520000 
0.905000  -1.710000  379 0.520000 
0.925000  -1.780000  380 0.520000 
0.880000  -1.700000  381 0.520000 
0.925000  -1.760000  382 0.520000 
0.940000  -1.820000  383 0.520000 
0.945000  -1.800000  384 0.520000 
0.965000  -1.900000  385 0.520000 
0.910000  -1.770000  386 0.520000 
0.915000  -1.740000  387 0.520000 
0.875000  -1.730000  388 0.520000 
0.960000  -1.840000  389 0.520000 
0.950000  -1.830000  390 0.520000 
0.855000  -1.660000  391 0.520000 
0.915000  -1.750000  392 0.520000 
0.940000  -1.780000  393 0.520000 
0.935000  -1.780000  394 0.520000 
0.940000  -1.790000  395 0.520000 
0.915000  -1.710000  396 0.520000 
0.885000  -1.640000  397 0.520000 
0.970000  -1.900000  398 0.520000 
0.905000  -1.740000  399 0.520000 
0.945000  -1.800000  400 0.520000 
0.960000  -1.860000  401 0.520000 
0.940000  -1.810000  402 0.520000 
0.975000  -1.910000  403 0.520000 
0.870000  -1.630000  404 0.520000 
0.955000  -1.840000  405 0.520000 
0.930000  -1.820000  406 0.520000 
0.885000  -1.710000  407 0.520000 
0.960000  -1.860000  408 0.520000 
0.820000  -1.600000  409 0.520000 
0.935000  -1.760000  410 0.520000 
0.965000  -1.880000  411 0.520000 
0.910000  -1.700000  412 0.520000 
0.965000  -1.880000  413 0.520000 
0.890000  -1.670000  414 0.520000 
0.880000  -1.660000  415 0.520000 
0.890000  -1.710000  416 0.520000 
0.940000  -1.830000  417 0.520000 
0.955000  -1.830000  418 0.520000 
0.940000  -1.800000  419 0.520000 
0.975000  -1.900000  420 0.520000 
0.930000  -1.760000  421 0.520000 
0.910000  -1.750000  422 0.520000 
0.940000  -1.840000  423 0.520000 
0.940000  -1.800000  424 0.520000 
0.920000  -1.760000  425 0.520000 
0.935000  -1.800000  426 0.520000 
0.970000  -1.880000  427 0.520000 
0.940000  -1.800000  428 0.520000 
0.880000  -1.730000  429 0.520000 
0.950000  -1.830000  430 0.520000 
0.925000  -1.800000  431 0.520000 
0.950000  -1.830000  432 0.520000 
0.930000  -1.810000  433 0.520000 
0.975000  -1.910000  434 0.520000 
0.975000  -1.910000  435 0.520000 
0.980000  -1.920000  436 0.520000 
0.945000  -1.800000  437 0.520000 
0.965000  -1.880000  438 0.520000 
0.965000  -1.860000  439 0.520000 
0.950000  -1.820000  440 0.520000 
0.970000  -1.880000  441 0.520000 
0.945000  -1.820000  442 0.520000 
0.920000  -1.770000  443 0.520000 
0.940000  -1.800000  444 0.520000 
0.960000  -1.860000  445 0.520000 
0.960000  -1.890000  446 0.520000 
0.970000  -1.880000  447 0.520000 
0.930000  -1.760000  448 0.520000 
0.965000  -1.870000  449 0.520000 
0.930000  -1.770000  450 0.520000 
0.940000  -1.810000  451 0.520000 
0.900000  -1.690000  452 0.520000 
0.950000  -1.840000  453 0.520000 
0.915000  -1.780000  454 0.520000 
0.960000  -1.850000  455 0.520000 
0.935000  -1.770000  456 0.520000 
0.935000  -1.800000  457 0.520000 
0.970000  -1.890000  458 0.520000 
0.890000  -1.720000  459 0.520000 
0.935000  -1.790000  460 0.520000 
0.955000  -1.830000  461 0.520000 
0.940000  -1.810000  462 0.520000 
0.900000  -1.720000  463 0.520000 
0.905000  -1.700000  464 0.520000 
0.995000  -1.980000  465 0.520000 
0.940000  -1.780000  466 0.520000 
0.965000  -1.870000  467 0.520000 
0.935000  -1.820000  468 0.520000 
0.860000  -1.620000  469 0.520000 
0.945000  -1.800000  470 0.520000 
0.925000  -1.810000  471 0.520000 
0.930000  -1.780000  472 0.520000 
0.915000  -1.730000  473 0.520000 
0.940000  -1.810000  474 0.520000 
0.935000  -1.770000  475 0.520000 
0.910000  -1.700000  476 0.520000 
0.910000  -1.760000  477 0.520000 
0.920000  -1.740000  478 0.520000 
0.985000  -1.940000  479 0.520000 
0.935000  -1.770000  480 0.520000 
0.920000  -1.780000  481 0.520000 
0.915000  -1.750000  482 0.520000 
0.985000  -1.940000  483 0.520000 
0.880000  -1.640000  484 0.520000 
0.955000  -1.850000  485 0.520000 
0.920000  -1.770000  486 0.520000 
0.935000  -1.820000  487 0.520000 
0.965000  -1.890000  488 0.520000 
0.930000  -1.760000  489 0.520000 
0.935000  -1.780000  490 0.520000 
0.965000  -1.860000  491 0.520000 
0.860000  -1.730000  492 0.520000 
0.940000  -1.840000  493 0.520000 
0.915000  -1.770000  494 0.520000 
0.960000  -1.870000  495 0.520000 
0.910000  -1.720000  496 0.520000 
0.975000  -1.900000  497 0.520000 
0.905000  -1.710000  498 0.520000 
0.940000  -1.840000  499 0.520000 
0.970000  -1.900000  500 0.520000 
0.960000  -1.860000  501 0.520000 
0.935000  -1.790000  502 0.520000 
0.975000  -1.900000  503 0.520000 
0.960000  -1.850000  504 0.520000 
0.935000  -1.770000  505 0.520000 
0.850000  -1.670000  506 0.520000 
0.930000  -1.760000  507 0.520000 
0.965000  -1.880000  508 0.520000 
0.940000  -1.780000  509 0.520000 
0.875000  -1.700000  510 0.520000 
0.960000  -1.850000  511 0.520000 
0.925000  -1.770000  512 0.520000 
0.950000  -1.830000  513 0.520000 
0.910000  -1.710000  514 0.520000 
0.955000  -1.850000  515 0.520000 
0.955000  -1.870000  516 0.520000 
0.915000  -1.750000  517 0.520000 
0.925000  -1.770000  518 0.520000 
0.890000  -1.710000  519 0.520000 
0.920000  -1.780000  520 0.520000 
0.935000  -1.840000  521 0.520000 
0.950000  -1.830000  522 0.520000 
0.930000  -1.780000  523 0.520000 
0.925000  -1.750000  524 0.520000 
0.930000  -1.780000  525 0.520000 
0.950000  -1.820000  526 0.520000 
0.965000  -1.880000  527 0.520000 
0.935000  -1.780000  528 0.520000 
0.965000  -1.860000  529 0.520000 
0.950000  -1.820000  530 0.520000 
0.955000  -1.840000  531 0.520000 
0.875000  -1.690000  532 0.520000 
0.955000  -1.830000  533 0.520000 
0.905000  -1.730000  534 0.520000 
0.945000  -1.830000  535 0.520000 
0.935000  -1.780000  536 0.520000 
0.960000  -1.880000  537 0.520000 
0.975000  -1.920000  538 0.520000 
0.975000  -1.910000  539 0.520000 
0.940000  -1.770000  540 0.520000 
0.965000  -1.880000  541 0.520000 
0.940000  -1.830000  542 0.520000 
0.905000  -1.740000  543 0.520000 
0.940000  -1.810000  544 0.520000 
0.940000  -1.790000  545 0.520000 
0.935000  -1.780000  546 0.520000 
0.955000  -1.840000  547 0.520000 
0.975000  -1.910000  548 0.520000 
0.935000  -1.800000  549 0.520000 
0.965000  -1.860000  550 0.520000 
0.865000  -1.620000  551 0.520000 
0.860000  -1.740000  552 0.520000 
0.945000  -1.830000  553 0.520000 
0.960000  -1.850000  554 0.520000 
0.975000  -1.910000  555 0.520000 
0.940000  -1.800000  556 0.520000 
0.945000  -1.800000  557 0.520000 
0.890000  -1.710000  558 0.520000 
0.955000  -1.820000  559 0.520000 
0.950000  -1.830000  560 0.520000 
0.965000  -1.870000  561 0.520000 
0.910000  -1.710000  562 0.520000 
0.965000  -1.860000  563 0.520000 
0.930000  -1.770000  564 0.520000 
0.925000  -1.770000  565 0.520000 
0.950000  -1.820000  566 0.520000 
0.945000  -1.830000  567 0.520000 
0.950000  -1.820000  568 0.520000 
0.930000  -1.730000  569 0.520000 
0.945000  -1.820000  570 0.520000 
0.915000  -1.740000  571 0.520000 
0.910000  -1.780000  572 0.520000 
0.915000  -1.800000  573 0.520000 
0.945000  -1.790000  574 0.520000 
0.955000  -1.870000  575 0.520000 
0.970000  -1.890000  576 0.520000 
0.935000  -1.780000  577 0.520000 
0.955000  -1.870000  578 0.520000 
0.925000  -1.830000  579 0.520000 
0.820000  -1.530000  580 0.520000 
0.900000  -1.760000  581 0.520000 
0.905000  -1.720000  582 0.520000 
0.940000  -1.890000  583 0.520000 
0.855000  -1.590000  584 0.520000 
0.925000  -1.760000  585 0.520000 
0.945000  -1.820000  586 0.520000 
0.940000  -1.790000  587 0.520000 
0.970000  -1.880000  588 0.520000 
0.965000  -1.900000  589 0.520000 
0.945000  -1.830000  590 0.520000 
0.875000  -1.700000  591 0.520000 
0.955000  -1.850000  592 0.520000 
0.925000  -1.770000  593 0.520000 
0.905000  -1.690000  594 0.520000 
0.945000  -1.810000  595 0.520000 
0.970000  -1.890000  596 0.520000 
0.935000  -1.820000  597 0.520000 
0.965000  -1.860000  598 0.520000 
0.840000  -1.620000  599 0.520000 
0.930000  -1.780000  600 0.520000 
0.960000  -1.860000  601 0.520000 
0.965000  -1.860000  602 0.520000 
0.965000  -1.860000  603 0.520000 
0.975000  -1.910000  604 0.520000 
0.945000  -1.800000  605 0.520000 
0.965000  -1.870000  606 0.520000 
0.985000  -1.940000  607 0.520000 
0.935000  -1.770000  608 0.520000 
0.920000  -1.750000  609 0.520000 
0.930000  -1.770000  610 0.520000 
0.965000  -1.880000  611 0.520000 
0.885000  -1.700000  612 0.520000 
0.955000  -1.840000  613 0.520000 
0.900000  -1.820000  614 0.520000 
0.870000  -1.760000  615 0.520000 
0.950000  -1.850000  616 0.520000 
0.935000  -1.790000  617 0.520000 
0.920000  -1.760000  618 0.520000 
0.940000  -1.770000  619 0.520000 
0.975000  -1.910000  620 0.520000 
0.970000  -1.890000  621 0.520000 
0.935000  -1.810000  622 0.520000 
0.955000  -1.840000  623 0.520000 
0.950000  -1.840000  624 0.520000 
0.940000  -1.810000  625 0.520000 
0.925000  -1.740000  626 0.520000 
0.955000  -1.830000  627 0.520000 
0.900000  -1.690000  628 0.520000 
0.955000  -1.840000  629 0.520000 
0.955000  -1.850000  630 0.520000 
0.930000  -1.790000  631 0.520000 
0.850000  -1.660000  632 0.520000 
0.925000  -1.750000  633 0.520000 
0.750000  -1.600000  634 0.520000 
0.975000  -1.900000  635 0.520000 
0.950000  -1.840000  636 0.520000 
0.855000  -1.630000  637 0.520000 
0.970000  -1.880000  638 0.520000 
0.965000  -1.870000  639 0.520000 
0.945000  -1.810000  640 0.520000 
0.930000  -1.740000  641 0.520000 
0.980000  -1.920000  642 0.520000 
0.950000  -1.850000  643 0.520000 
0.895000  -1.720000  644 0.520000 
0.965000  -1.880000  645 0.520000 
0.880000  -1.670000  646 0.520000 
0.950000  -1.880000  647 0.520000 
0.935000  -1.830000  648 0.520000 
0.930000  -1.760000  649 0.520000 
0.925000  -1.760000  650 0.520000 
0.970000  -1.900000  651 0.520000 
0.920000  -1.800000  652 0.520000 
0.945000  -1.800000  653 0.520000 
0.970000  -1.890000  654 0.520000 
0.925000  -1.810000  655 0.520000 
0.970000  -1.890000  656 0.520000 
0.935000  -1.810000  657 0.520000 
0.915000  -1.770000  658 0.520000 
0.960000  -1.850000  659 0.520000 
0.935000  -1.810000  660 0.520000 
0.955000  -1.840000  661 0.520000 
0.920000  -1.740000  662 0.520000 
0.960000  -1.850000  663 0.520000 
0.945000  -1.810000  664 0.520000 
0.830000  -1.720000  665 0.520000 
0.975000  -1.900000  666 0.520000 
0.935000  -1.790000  667 0.520000 
0.980000  -1.920000  668 0.520000 
0.915000  -1.760000  669 0.520000 
0.940000  -1.790000  670 0.520000 
0.950000  -1.850000  671 0.520000 
0.940000  -1.780000  672 0.520000 
0.895000  -1.660000  673 0.520000 
0.965000  -1.870000  674 0.520000 
0.950000  -1.830000  675 0.520000 
0.935000  -1.770000  676 0.520000 
0.895000  -1.760000  677 0.520000 
0.935000  -1.820000  678 0.520000 
0.915000  -1.720000  679 0.520000 
0.975000  -1.910000  680 0.520000 
0.945000  -1.810000  681 0.520000 
0.975000  -1.900000  682 0.520000 
0.880000  -1.630000  683 0.520000 
0.975000  -1.900000  684 0.520000 
0.945000  -1.840000  685 0.520000 
0.910000  -1.750000  686 0.520000 
0.935000  -1.810000  687 0.520000 
0.935000  -1.780000  688 0.520000 
0.960000  -1.870000  689 0.520000 
0.830000  -1.660000  690 0.520000 
0.905000  -1.710000  691 0.520000 
0.920000  -1.710000  692 0.520000 
0.955000  -1.830000  693 0.520000 
0.915000  -1.730000  694 0.520000 
0.820000  -1.530000  695 0.520000 
0.890000  -1.690000  696 0.520000 
0.925000  -1.780000  697 0.520000 
0.915000  -1.760000  698 0.520000 
0.940000  -1.820000  699 0.520000 
0.925000  -1.750000  700 0.520000 
0.985000  -1.940000  701 0.520000 
0.875000  -1.690000  702 0.520000 
0.920000  -1.750000  703 0.520000 
0.960000  -1.870000  704 0.520000 
0.980000  -1.930000  705 0.520000 
0.935000  -1.750000  706 0.520000 
0.905000  -1.720000  707 0.520000 
0.920000  -1.760000  708 0.520000 
0.950000  -1.830000  709 0.520000 
0.945000  -1.810000  710 0.520000 
0.940000  -1.800000  711 0.520000 
0.915000  -1.760000  712 0.520000 
0.895000  -1.710000  713 0.520000 
0.965000  -1.890000  714 0.520000 
0.950000  -1.830000  715 0.520000 
0.930000  -1.730000  716 0.520000 
0.910000  -1.700000  717 0.520000 
0.945000  -1.790000  718 0.520000 
0.925000  -1.770000  719 0.520000 
0.975000  -1.910000  720 0.520000 
0.950000  -1.820000  721 0.520000 
0.940000  -1.820000  722 0.520000 
0.975000  -1.900000  723 0.520000 
0.910000  -1.680000  724 0.520000 
0.960000  -1.860000  725 0.520000 
0.955000  -1.850000  726 0.520000 
0.935000  -1.780000  727 0.520000 
0.910000  -1.720000  728 0.520000 
0.915000  -1.810000  729 0.520000 
0.935000  -1.780000  730 0.520000 
0.970000  -1.890000  731 0.520000 
0.950000  -1.860000  732 0.520000 
0.950000  -1.820000  733 0.520000 
0.865000  -1.650000  734 0.520000 
0.965000  -1.860000  735 0.520000 
0.940000  -1.790000  736 0.520000 
0.935000  -1.770000  737 0.520000 
0.945000  -1.840000  738 0.520000 
0.955000  -1.860000  739 0.520000 
0.950000  -1.810000  740 0.520000 
0.970000  -1.910000  741 0.520000 
0.905000  -1.710000  742 0.520000 
0.935000  -1.760000  743 0.520000 
0.945000  -1.830000  744 0.520000 
0.950000  -1.810000  745 0.520000 
0.900000  -1.660000  746 0.520000 
0.935000  -1.780000  747 0.520000 
0.965000  -1.870000  748 0.520000 
0.850000  -1.660000  749 0.520000 
0.915000  -1.730000  750 0.520000 
0.960000  -1.870000  751 0.520000 
0.925000  -1.780000  752 0.520000 
0.950000  -1.850000  753 0.520000 
0.955000  -1.850000  754 0.520000 
0.965000  -1.860000  755 0.520000 
0.975000  -1.920000  756 0.520000 
0.935000  -1.760000  757 0.520000 
0.965000  -1.880000  758 0.520000 
0.965000  -1.880000  759 0.520000 
0.950000  -1.860000  760 0.520000 
0.940000  -1.800000  761 0.520000 
0.970000  -1.890000  762 0.520000 
0.980000  -1.920000  763 0.520000 
0.945000  -1.790000  764 0.520000 
0.890000  -1.700000  765 0.520000 
0.895000  -1.680000  766 0.520000 
0.955000  -1.860000  767 0.520000 
0.930000  -1.770000  768 0.520000 
0.970000  -1.900000  769 0.520000 
0.900000  -1.700000  770 0.520000 
0.970000  -1.890000  771 0.520000 
0.920000  -1.740000  772 0.520000 
0.935000  -1.770000  773 0.520000 
0.895000  -1.680000  774 0.520000 
0.965000  -1.890000  775 0.520000 
0.940000  -1.780000  776 0.520000 
0.925000  -1.740000  777 0.520000 
0.960000  -1.870000  778 0.520000 
0.980000  -1.920000  779 0.520000 
0.895000  -1.700000  780 0.520000 
0.910000  -1.710000  781 0.520000 
0.975000  -1.900000  782 0.520000 
0.935000  -1.770000  783 0.520000 
0.895000  -1.750000  784 0.520000 
0.925000  -1.750000  785 0.520000 
0.910000  -1.690000  786 0.520000 
0.980000  -1.920000  787 0.520000 
0.945000  -1.820000  788 0.520000 
0.890000  -1.700000  789 0.520000 
0.945000  -1.820000  790 0.520000 
0.925000  -1.780000  791 0.520000 
0.950000  -1.820000  792 0.520000 
0.940000  -1.770000  793 0.520000 
0.930000  -1.770000  794 0.520000 
0.845000  -1.580000  795 0.520000 
0.930000  -1.790000  796 0.520000 
0.960000  -1.860000  797 0.520000 
0.860000  -1.660000  798 0.520000 
0.935000  -1.770000  799 0.520000 
0.940000  -1.790000  800 0.520000 
0.965000  -1.870000  801 0.520000 
0.955000  -1.830000  802 0.520000 
0.870000  -1.650000  803 0.520000 
0.960000  -1.850000  804 0.520000 
0.955000  -1.850000  805 0.520000 
0.935000  -1.800000  806 0.520000 
0.880000  -1.720000  807 0.520000 
0.985000  -1.940000  808 0.520000 
0.935000  -1.820000  809 0.520000 
0.920000  -1.750000  810 0.520000 
0.975000  -1.910000  811 0.520000 
0.910000  -1.700000  812 0.520000 
0.905000  -1.720000  813 0.520000 
0.920000  -1.740000  814 0.520000 
0.960000  -1.860000  815 0.520000 
0.885000  -1.700000  816 0.520000 
0.920000  -1.800000  817 0.520000 
0.950000  -1.850000  818 0.520000 
0.875000  -1.700000  819 0.520000 
0.935000  -1.800000  820 0.520000 
0.915000  -1.790000  821 0.520000 
0.950000  -1.830000  822 0.520000 
0.915000  -1.740000  823 0.520000 
0.935000  -1.760000  824 0.520000 
0.960000  -1.840000  825 0.520000 
0.915000  -1.720000  826 0.520000 
0.835000  -1.610000  827 0.520000 
0.900000  -1.700000  828 0.520000 
0.930000  -1.760000  829 0.520000 
0.935000  -1.750000  830 0.520000 
0.850000  -1.730000  831 0.520000 
0.965000  -1.870000  832 0.520000 
0.910000  -1.710000  833 0.520000 
0.990000  -1.960000  834 0.520000 
0.895000  -1.670000  835 0.520000 
0.930000  -1.780000  836 0.520000 
0.890000  -1.760000  837 0.520000 
0.940000  -1.800000  838 0.520000 
0.940000  -1.800000  839 0.520000 
0.940000  -1.810000  840 0.520000 
0.890000  -1.720000  841 0.520000 
0.800000  -1.630000  842 0.520000 
0.965000  -1.900000  843 0.520000 
0.975000  -1.900000  844 0.520000 
0.950000  -1.870000  845 0.520000 
0.935000  -1.770000  846 0.520000 
0.945000  -1.800000  847 0.520000 
0.935000  -1.760000  848 0.520000 
0.935000  -1.780000  849 0.520000 
0.950000  -1.840000  850 0.520000 
0.895000  -1.740000  851 0.520000 
0.960000  -1.870000  852 0.520000 
0.885000  -1.630000  853 0.520000 
0.965000  -1.860000  854 0.520000 
0.940000  -1.790000  855 0.520000 
0.905000  -1.730000  856 0.520000 
0.930000  -1.790000  857 0.520000 
0.935000  -1.770000  858 0.520000 
0.940000  -1.780000  859 0.520000 
0.940000  -1.840000  860 0.520000 
0.900000  -1.710000  861 0.520000 
0.900000  -1.750000  862 0.520000 
0.920000  -1.830000  863 0.520000 
0.795000  -1.600000  864 0.520000 
0.880000  -1.720000  865 0.520000 
0.920000  -1.760000  866 0.520000 
0.970000  -1.880000  867 0.520000 
0.950000  -1.810000  868 0.520000 
0.910000  -1.720000  869 0.520000 
0.935000  -1.820000  870 0.520000 
0.915000  -1.740000  871 0.520000 
0.960000  -1.860000  872 0.520000 
0.960000  -1.880000  873 0.520000 
0.980000  -1.920000  874 0.520000 
0.970000  -1.890000  875 0.520000 
0.935000  -1.750000  876 0.520000 
0.940000  -1.780000  877 0.520000 
0.955000  -1.840000  878 0.520000 
0.945000  -1.830000  879 0.520000 
0.910000  -1.720000  880 0.520000 
0.910000  -1.750000  881 0.520000 
0.975000  -1.920000  882 0.520000 
0.855000  -1.670000  883 0.520000 
0.945000  -1.810000  884 0.520000 
0.900000  -1.660000  885 0.520000 
0.970000  -1.900000  886 0.520000 
0.950000  -1.820000  887 0.520000 
0.970000  -1.880000  888 0.520000 
0.980000  -1.920000  889 0.520000 
0.930000  -1.790000  890 0.520000 
0.920000  -1.750000  891 0.520000 
0.905000  -1.790000  892 0.520000 
0.925000  -1.760000  893 0.520000 
0.955000  -1.830000  894 0.520000 
0.955000  -1.820000  895 0.520000 
0.915000  -1.740000  896 0.520000 
0.910000  -1.750000  897 0.520000 
0.950000  -1.830000  898 0.520000 
0.890000  -1.730000  899 0.520000 
0.955000  -1.870000  900 0.520000 
0.890000  -1.640000  901 0.520000 
0.965000  -1.880000  902 0.520000 
0.930000  -1.780000  903 0.520000 
0.855000  -1.610000  904 0.520000 
0.900000  -1.730000  905 0.520000 
0.895000  -1.670000  906 0.520000 
0.950000  -1.850000  907 0.520000 
0.925000  -1.750000  908 0.520000 
0.955000  -1.860000  909 0.520000 
0.960000  -1.840000  910 0.520000 
0.955000  -1.830000  911 0.520000 
0.960000  -1.860000  912 0.520000 
0.930000  -1.780000  913 0.520000 
0.970000  -1.900000  914 0.520000 
0.955000  -1.840000  915 0.520000 
0.925000  -1.750000  916 0.520000 
0.910000  -1.730000  917 0.520000 
0.950000  -1.850000  918 0.520000 
0.895000  -1.710000  919 0.520000 
0.980000  -1.930000  920 0.520000 
0.945000  -1.830000  921 0.520000 
0.965000  -1.870000  922 0.520000 
0.930000  -1.740000  923 0.520000 
0.900000  -1.720000  924 0.520000 
0.925000  -1.780000  925 0.520000 
0.970000  -1.900000  926 0.520000 
0.960000  -1.840000  927 0.520000 
0.975000  -1.900000  928 0.520000 
0.940000  -1.780000  929 0.520000 
0.955000  -1.860000  930 0.520000 
0.930000  -1.760000  931 0.520000 
0.980000  -1.920000  932 0.520000 
0.940000  -1.780000  933 0.520000 
0.955000  -1.840000  934 0.520000 
0.970000  -1.890000  935 0.520000 
0.965000  -1.870000  936 0.520000 
0.925000  -1.730000  937 0.520000 
0.880000  -1.640000  938 0.520000 
0.970000  -1.890000  939 0.520000 
0.960000  -1.860000  940 0.520000 
0.905000  -1.730000  941 0.520000 
0.935000  -1.770000  942 0.520000 
0.895000  -1.710000  943 0.520000 
0.950000  -1.800000  944 0.520000 
0.940000  -1.800000  945 0.520000 
0.950000  -1.820000  946 0.520000 
0.915000  -1.750000  947 0.520000 
0.910000  -1.770000  948 0.520000 
0.920000  -1.790000  949 0.520000 
0.960000  -1.860000  950 0.520000 
0.940000  -1.790000  951 0.520000 
0.905000  -1.750000  952 0.520000 
0.905000  -1.750000  953 0.520000 
0.915000  -1.790000  954 0.520000 
0.960000  -1.860000  955 0.520000 
0.965000  -1.880000  956 0.520000 
0.970000  -1.890000  957 0.520000 
0.950000  -1.830000  958 0.520000 
0.930000  -1.810000  959 0.520000 
0.935000  -1.770000  960 0.520000 
0.970000  -1.880000  961 0.520000 
0.940000  -1.820000  962 0.520000 
0.935000  -1.760000  963 0.520000 
0.950000  -1.820000  964 0.520000 
0.945000  -1.820000  965 0.520000 
0.920000  -1.720000  966 0.520000 
0.960000  -1.840000  967 0.520000 
0.895000  -1.710000  968 0.520000 
0.870000  -1.620000  969 0.520000 
0.930000  -1.790000  970 0.520000 
0.920000  -1.770000  971 0.520000 
0.915000  -1.740000  972 0.520000 
0.975000  -1.900000  973 0.520000 
0.885000  -1.660000  974 0.520000 
0.930000  -1.780000  975 0.520000 
0.910000  -1.770000  976 0.520000 
0.950000  -1.830000  977 0.520000 
0.855000  -1.610000  978 0.520000 
0.940000  -1.830000  979 0.520000 
0.970000  -1.880000  980 0.520000 
0.970000  -1.880000  981 0.520000 
0.970000  -1.880000  982 0.520000 
0.955000  -1.860000  983 0.520000 
0.920000  -1.750000  984 0.520000 
0.970000  -1.890000  985 0.520000 
0.920000  -1.750000  986 0.520000 
0.900000  -1.700000  987 0.520000 
0.920000  -1.820000  988 0.520000 
0.895000  -1.670000  989 0.520000 
0.950000  -1.810000  990 0.520000 
0.950000  -1.830000  991 0.520000 
0.910000  -1.740000  992 0.520000 
0.860000  -1.610000  993 0.520000 
0.945000  -1.840000  994 0.520000 
0.905000  -1.710000  995 0.520000 
0.935000  -1.810000  996 0.520000 
0.950000  -1.840000  997 0.520000 
0.945000  -1.850000  998 0.520000 
0.900000  -1.710000  999 0.520000 
