0.015000  -1.120000  0 0.410000 
-0.260000  -1.130000  1 0.410000 
-0.275000  -1.150000  2 0.410000 
-0.340000  -1.010000  3 0.410000 
-0.650000  -1.260000  4 0.410000 
-0.705000  -1.280000  5 0.410000 
-0.100000  -1.100000  6 0.410000 
0.425000  -1.160000  7 0.410000 
0.625000  -1.140000  8 0.410000 
0.650000  -1.250000  9 0.410000 
0.685000  -1.210000  10 0.410000 
0.410000  -1.150000  11 0.410000 
0.755000  -1.400000  12 0.410000 
0.575000  -1.420000  13 0.410000 
0.425000  -1.050000  14 0.410000 
0.180000  -1.230000  15 0.410000 
0.460000  -1.110000  16 0.410000 
0.185000  -1.170000  17 0.410000 
0.770000  -1.380000  18 0.410000 
0.555000  -1.340000  19 0.410000 
-0.300000  -1.080000  20 0.410000 
-0.470000  -1.140000  21 0.410000 
0.130000  -1.070000  22 0.410000 
-0.560000  -1.150000  23 0.410000 
-0.370000  -1.000000  24 0.410000 
0.465000  -1.230000  25 0.410000 
-0.325000  -1.110000  26 0.410000 
0.105000  -1.070000  27 0.410000 
0.495000  -1.160000  28 0.410000 
-0.250000  -1.040000  29 0.410000 
0.485000  -1.180000  30 0.410000 
0.430000  -1.100000  31 0.410000 
0.795000  -1.440000  32 0.410000 
0.650000  -1.310000  33 0.410000 
0.420000  -1.260000  34 0.410000 
0.145000  -1.050000  35 0.410000 
0.325000  -1.080000  36 0.410000 
-0.185000  -1.260000  37 0.410000 
-0.170000  -1.120000  38 0.410000 
-0.010000  -1.220000  39 0.410000 
0.220000  -1.080000  40 0.410000 
0.640000  -1.190000  41 0.410000 
0.445000  -1.060000  42 0.410000 
0.690000  -1.340000  43 0.410000 
0.730000  -1.360000  44 0.410000 
0.595000  -1.270000  45 0.410000 
-0.015000  -1.180000  46 0.410000 
0.575000  -1.360000  47 0.410000 
0.020000  -1.200000  48 0.410000 
0.650000  -1.220000  49 0.410000 
0.585000  -1.190000  50 0.410000 
0.810000  -1.540000  51 0.410000 
-0.155000  -1.130000  52 0.410000 
-0.440000  -1.230000  53 0.410000 
-0.360000  -1.220000  54 0.410000 
-0.665000  -1.450000  55 0.410000 
-0.330000  -1.150000  56 0.410000 
0.110000  -1.100000  57 0.410000 
0.230000  -1.110000  58 0.410000 
-0.265000  -0.940000  59 0.410000 
-0.365000  -1.240000  60 0.410000 
0.595000  -1.180000  61 0.410000 
-0.230000  -1.000000  62 0.410000 
-0.605000  -1.290000  63 0.410000 
-0.440000  -1.130000  64 0.410000 
-0.505000  -1.100000  65 0.410000 
-0.560000  -1.200000  66 0.410000 
-0.415000  -1.270000  67 0.410000 
-0.605000  -1.260000  68 0.410000 
-0.330000  -1.220000  69 0.410000 
0.055000  -1.210000  70 0.410000 
0.545000  -1.280000  71 0.410000 
0.580000  -1.390000  72 0.410000 
-0.335000  -1.030000  73 0.410000 
-0.680000  -1.220000  74 0.410000 
-0.250000  -1.200000  75 0.410000 
-0.535000  -1.130000  76 0.410000 
-0.115000  -0.950000  77 0.410000 
0.125000  -1.040000  78 0.410000 
0.645000  -1.270000  79 0.410000 
0.575000  -1.270000  80 0.410000 
0.155000  -1.070000  81 0.410000 
-0.055000  -1.130000  82 0.410000 
0.360000  -0.850000  83 0.410000 
-0.235000  -1.190000  84 0.410000 
-0.185000  -0.980000  85 0.410000 
-0.400000  -1.190000  86 0.410000 
-0.205000  -1.010000  87 0.410000 
-0.260000  -0.990000  88 0.410000 
-0.735000  -1.420000  89 0.410000 
-0.370000  -1.160000  90 0.410000 
-0.475000  -1.090000  91 0.410000 
-0.570000  -1.270000  92 0.410000 
-0.010000  -1.040000  93 0.410000 
0.125000  -0.960000  94 0.410000 
-0.740000  -1.300000  95 0.410000 
-0.145000  -1.110000  96 0.410000 
-0.405000  -1.300000  97 0.410000 
0.515000  -1.200000  98 0.410000 
0.350000  -1.040000  99 0.410000 
-0.390000  -1.050000  100 0.410000 
-0.350000  -1.160000  101 0.410000 
-0.465000  -1.270000  102 0.410000 
-0.285000  -1.030000  103 0.410000 
-0.220000  -1.050000  104 0.410000 
-0.440000  -1.340000  105 0.410000 
-0.070000  -0.960000  106 0.410000 
-0.655000  -1.360000  107 0.410000 
-0.295000  -1.090000  108 0.410000 
0.610000  -1.210000  109 0.410000 
0.240000  -1.100000  110 0.410000 
-0.080000  -0.950000  111 0.410000 
0.355000  -1.030000  112 0.410000 
0.160000  -1.240000  113 0.410000 
0.010000  -1.010000  114 0.410000 
-0.010000  -0.960000  115 0.410000 
-0.370000  -1.240000  116 0.410000 
-0.175000  -1.140000  117 0.410000 
-0.080000  -1.370000  118 0.410000 
0.330000  -1.060000  119 0.410000 
0.665000  -1.260000  120 0.410000 
-0.360000  -1.120000  121 0.410000 
-0.595000  -1.260000  122 0.410000 
-0.370000  -1.230000  123 0.410000 
-0.200000  -1.140000  124 0.410000 
-0.585000  -1.160000  125 0.410000 
-0.550000  -1.120000  126 0.410000 
-0.745000  -1.380000  127 0.410000 
-0.680000  -1.310000  128 0.410000 
-0.645000  -1.240000  129 0.410000 
-0.595000  -1.280000  130 0.410000 
-0.080000  -1.050000  131 0.410000 
0.415000  -1.100000  132 0.410000 
0.615000  -1.250000  133 0.410000 
0.445000  -1.200000  134 0.410000 
0.565000  -1.180000  135 0.410000 
-0.575000  -1.200000  136 0.410000 
0.760000  -1.410000  137 0.410000 
0.810000  -1.520000  138 0.410000 
-0.010000  -0.940000  139 0.410000 
-0.310000  -1.240000  140 0.410000 
0.370000  -1.110000  141 0.410000 
0.250000  -1.150000  142 0.410000 
0.080000  -0.940000  143 0.410000 
-0.555000  -1.180000  144 0.410000 
-0.015000  -1.160000  145 0.410000 
0.385000  -1.190000  146 0.410000 
0.185000  -1.090000  147 0.410000 
0.025000  -1.050000  148 0.410000 
0.510000  -0.990000  149 0.410000 
0.505000  -1.050000  150 0.410000 
0.635000  -1.200000  151 0.410000 
0.185000  -1.060000  152 0.410000 
-0.515000  -1.150000  153 0.410000 
-0.340000  -1.110000  154 0.410000 
-0.395000  -1.110000  155 0.410000 
-0.850000  -1.630000  156 0.410000 
-0.030000  -1.040000  157 0.410000 
0.495000  -1.180000  158 0.410000 
0.100000  -1.160000  159 0.410000 
0.670000  -1.310000  160 0.410000 
0.425000  -1.180000  161 0.410000 
0.285000  -0.950000  162 0.410000 
0.165000  -1.170000  163 0.410000 
-0.080000  -0.970000  164 0.410000 
-0.035000  -1.030000  165 0.410000 
-0.540000  -1.110000  166 0.410000 
0.705000  -1.380000  167 0.410000 
-0.205000  -1.090000  168 0.410000 
-0.315000  -1.020000  169 0.410000 
0.035000  -1.040000  170 0.410000 
0.095000  -0.910000  171 0.410000 
-0.020000  -1.130000  172 0.410000 
0.190000  -0.980000  173 0.410000 
0.725000  -1.390000  174 0.410000 
-0.145000  -1.080000  175 0.410000 
-0.535000  -1.080000  176 0.410000 
0.340000  -1.070000  177 0.410000 
0.405000  -1.040000  178 0.410000 
-0.565000  -1.470000  179 0.410000 
-0.065000  -1.220000  180 0.410000 
0.700000  -1.330000  181 0.410000 
0.235000  -1.040000  182 0.410000 
0.465000  -1.170000  183 0.410000 
-0.660000  -1.330000  184 0.410000 
-0.080000  -1.400000  185 0.410000 
0.535000  -1.470000  186 0.410000 
-0.215000  -1.190000  187 0.410000 
0.420000  -1.260000  188 0.410000 
0.515000  -1.320000  189 0.410000 
0.570000  -1.340000  190 0.410000 
0.665000  -1.230000  191 0.410000 
0.040000  -1.200000  192 0.410000 
-0.655000  -1.290000  193 0.410000 
-0.765000  -1.450000  194 0.410000 
-0.320000  -1.030000  195 0.410000 
-0.555000  -1.270000  196 0.410000 
-0.755000  -1.330000  197 0.410000 
-0.700000  -1.280000  198 0.410000 
-0.180000  -0.910000  199 0.410000 
-0.015000  -1.210000  200 0.410000 
0.110000  -1.060000  201 0.410000 
0.765000  -1.330000  202 0.410000 
0.595000  -1.240000  203 0.410000 
-0.165000  -1.060000  204 0.410000 
-0.605000  -1.310000  205 0.410000 
-0.645000  -1.250000  206 0.410000 
-0.460000  -1.310000  207 0.410000 
-0.365000  -0.980000  208 0.410000 
0.105000  -1.090000  209 0.410000 
0.210000  -1.070000  210 0.410000 
0.535000  -1.190000  211 0.410000 
0.055000  -1.150000  212 0.410000 
-0.120000  -1.180000  213 0.410000 
-0.225000  -1.150000  214 0.410000 
-0.080000  -1.180000  215 0.410000 
-0.680000  -1.200000  216 0.410000 
-0.625000  -1.260000  217 0.410000 
-0.545000  -1.180000  218 0.410000 
-0.345000  -1.250000  219 0.410000 
0.685000  -1.240000  220 0.410000 
0.735000  -1.540000  221 0.410000 
0.370000  -1.080000  222 0.410000 
0.375000  -1.150000  223 0.410000 
-0.465000  -1.120000  224 0.410000 
-0.515000  -1.120000  225 0.410000 
0.250000  -1.070000  226 0.410000 
-0.735000  -1.280000  227 0.410000 
-0.480000  -1.180000  228 0.410000 
-0.730000  -1.390000  229 0.410000 
0.560000  -1.080000  230 0.410000 
0.635000  -1.360000  231 0.410000 
0.690000  -1.380000  232 0.410000 
0.435000  -1.260000  233 0.410000 
0.245000  -1.140000  234 0.410000 
-0.135000  -1.150000  235 0.410000 
-0.285000  -0.980000  236 0.410000 
-0.325000  -1.340000  237 0.410000 
-0.490000  -1.260000  238 0.410000 
-0.170000  -1.180000  239 0.410000 
-0.155000  -1.220000  240 0.410000 
-0.055000  -1.090000  241 0.410000 
0.315000  -1.190000  242 0.410000 
0.020000  -1.100000  243 0.410000 
-0.710000  -1.380000  244 0.410000 
-0.050000  -1.100000  245 0.410000 
0.430000  -1.320000  246 0.410000 
0.305000  -1.050000  247 0.410000 
-0.170000  -0.980000  248 0.410000 
0.420000  -1.140000  249 0.410000 
0.630000  -1.290000  250 0.410000 
-0.205000  -1.280000  251 0.410000 
0.230000  -1.200000  252 0.410000 
0.315000  -1.010000  253 0.410000 
-0.150000  -1.190000  254 0.410000 
0.280000  -1.130000  255 0.410000 
0.590000  -1.280000  256 0.410000 
0.285000  -1.000000  257 0.410000 
0.395000  -1.120000  258 0.410000 
0.335000  -1.180000  259 0.410000 
-0.340000  -1.100000  260 0.410000 
-0.115000  -1.200000  261 0.410000 
-0.520000  -1.270000  262 0.410000 
-0.445000  -1.160000  263 0.410000 
0.530000  -1.160000  264 0.410000 
-0.175000  -0.960000  265 0.410000 
0.075000  -1.040000  266 0.410000 
-0.235000  -1.050000  267 0.410000 
-0.620000  -1.350000  268 0.410000 
-0.475000  -1.200000  269 0.410000 
0.225000  -1.240000  270 0.410000 
-0.280000  -1.080000  271 0.410000 
0.470000  -1.310000  272 0.410000 
0.405000  -1.230000  273 0.410000 
0.725000  -1.390000  274 0.410000 
0.400000  -1.180000  275 0.410000 
0.565000  -1.220000  276 0.410000 
0.710000  -1.390000  277 0.410000 
0.225000  -1.130000  278 0.410000 
0.490000  -0.990000  279 0.410000 
0.485000  -1.130000  280 0.410000 
0.380000  -1.260000  281 0.410000 
0.270000  -1.080000  282 0.410000 
-0.550000  -1.280000  283 0.410000 
-0.545000  -1.330000  284 0.410000 
-0.500000  -1.280000  285 0.410000 
-0.180000  -1.030000  286 0.410000 
0.275000  -1.100000  287 0.410000 
0.085000  -1.030000  288 0.410000 
-0.805000  -1.510000  289 0.410000 
-0.230000  -1.040000  290 0.410000 
-0.795000  -1.510000  291 0.410000 
-0.800000  -1.470000  292 0.410000 
-0.865000  -1.610000  293 0.410000 
0.470000  -1.230000  294 0.410000 
-0.400000  -1.210000  295 0.410000 
-0.315000  -1.090000  296 0.410000 
-0.525000  -1.270000  297 0.410000 
-0.555000  -1.230000  298 0.410000 
-0.265000  -0.930000  299 0.410000 
0.340000  -1.060000  300 0.410000 
0.180000  -1.060000  301 0.410000 
0.715000  -1.340000  302 0.410000 
0.315000  -1.040000  303 0.410000 
0.210000  -1.050000  304 0.410000 
-0.400000  -1.110000  305 0.410000 
0.625000  -1.290000  306 0.410000 
0.825000  -1.560000  307 0.410000 
0.055000  -1.110000  308 0.410000 
0.400000  -1.230000  309 0.410000 
0.475000  -1.370000  310 0.410000 
0.675000  -1.370000  311 0.410000 
-0.200000  -0.900000  312 0.410000 
-0.195000  -1.010000  313 0.410000 
-0.610000  -1.230000  314 0.410000 
0.305000  -1.140000  315 0.410000 
0.485000  -1.310000  316 0.410000 
0.775000  -1.410000  317 0.410000 
0.620000  -1.160000  318 0.410000 
0.265000  -0.980000  319 0.410000 
0.375000  -1.140000  320 0.410000 
0.775000  -1.410000  321 0.410000 
0.685000  -1.340000  322 0.410000 
0.165000  -1.040000  323 0.410000 
-0.770000  -1.370000  324 0.410000 
-0.735000  -1.480000  325 0.410000 
0.010000  -1.100000  326 0.410000 
0.140000  -1.000000  327 0.410000 
0.700000  -1.380000  328 0.410000 
0.625000  -1.230000  329 0.410000 
0.105000  -1.150000  330 0.410000 
0.665000  -1.360000  331 0.410000 
-0.270000  -1.170000  332 0.410000 
0.250000  -1.290000  333 0.410000 
-0.055000  -1.170000  334 0.410000 
0.200000  -1.080000  335 0.410000 
-0.095000  -1.030000  336 0.410000 
0.110000  -1.130000  337 0.410000 
0.825000  -1.520000  338 0.410000 
0.265000  -0.970000  339 0.410000 
0.360000  -1.040000  340 0.410000 
0.395000  -1.180000  341 0.410000 
0.385000  -1.200000  342 0.410000 
0.280000  -1.030000  343 0.410000 
0.730000  -1.360000  344 0.410000 
-0.035000  -1.130000  345 0.410000 
-0.035000  -1.090000  346 0.410000 
0.040000  -1.130000  347 0.410000 
-0.715000  -1.370000  348 0.410000 
-0.350000  -1.100000  349 0.410000 
-0.735000  -1.250000  350 0.410000 
-0.255000  -1.060000  351 0.410000 
0.335000  -1.040000  352 0.410000 
0.765000  -1.370000  353 0.410000 
0.590000  -1.200000  354 0.410000 
0.650000  -1.330000  355 0.410000 
0.065000  -1.170000  356 0.410000 
0.415000  -1.130000  357 0.410000 
-0.355000  -1.280000  358 0.410000 
-0.260000  -1.050000  359 0.410000 
-0.085000  -1.190000  360 0.410000 
0.185000  -1.130000  361 0.410000 
0.460000  -1.300000  362 0.410000 
0.440000  -1.000000  363 0.410000 
0.330000  -1.310000  364 0.410000 
0.430000  -1.010000  365 0.410000 
-0.060000  -1.130000  366 0.410000 
0.645000  -1.360000  367 0.410000 
0.280000  -1.180000  368 0.410000 
0.730000  -1.400000  369 0.410000 
0.675000  -1.430000  370 0.410000 
0.430000  -1.210000  371 0.410000 
-0.050000  -1.030000  372 0.410000 
0.790000  -1.480000  373 0.410000 
0.475000  -1.220000  374 0.410000 
0.310000  -1.010000  375 0.410000 
0.460000  -1.180000  376 0.410000 
0.165000  -1.110000  377 0.410000 
-0.160000  -1.040000  378 0.410000 
-0.410000  -1.210000  379 0.410000 
-0.520000  -1.200000  380 0.410000 
0.100000  -1.000000  381 0.410000 
-0.485000  -0.980000  382 0.410000 
-0.105000  -1.180000  383 0.410000 
-0.820000  -1.470000  384 0.410000 
-0.635000  -1.260000  385 0.410000 
-0.400000  -1.260000  386 0.410000 
-0.650000  -1.200000  387 0.410000 
-0.095000  -1.090000  388 0.410000 
-0.250000  -1.150000  389 0.410000 
-0.475000  -1.100000  390 0.410000 
-0.485000  -1.290000  391 0.410000 
-0.240000  -1.160000  392 0.410000 
-0.405000  -1.220000  393 0.410000 
0.715000  -1.410000  394 0.410000 
0.060000  -1.060000  395 0.410000 
-0.175000  -1.200000  396 0.410000 
-0.190000  -1.120000  397 0.410000 
-0.385000  -1.210000  398 0.410000 
-0.345000  -1.030000  399 0.410000 
-0.480000  -1.250000  400 0.410000 
-0.530000  -1.310000  401 0.410000 
-0.385000  -1.130000  402 0.410000 
-0.280000  -1.040000  403 0.410000 
-0.705000  -1.300000  404 0.410000 
-0.255000  -1.180000  405 0.410000 
0.045000  -0.910000  406 0.410000 
-0.100000  -0.900000  407 0.410000 
0.295000  -1.150000  408 0.410000 
0.715000  -1.340000  409 0.410000 
0.060000  -1.200000  410 0.410000 
-0.485000  -1.210000  411 0.410000 
0.000000  -0.980000  412 0.410000 
0.145000  -0.980000  413 0.410000 
0.280000  -1.050000  414 0.410000 
0.390000  -1.180000  415 0.410000 
-0.160000  -0.980000  416 0.410000 
-0.180000  -1.060000  417 0.410000 
-0.740000  -1.380000  418 0.410000 
0.050000  -1.220000  419 0.410000 
-0.040000  -1.010000  420 0.410000 
-0.465000  -1.220000  421 0.410000 
-0.500000  -1.110000  422 0.410000 
0.260000  -1.110000  423 0.410000 
-0.690000  -1.330000  424 0.410000 
-0.605000  -1.230000  425 0.410000 
-0.610000  -1.230000  426 0.410000 
-0.365000  -1.050000  427 0.410000 
-0.555000  -1.340000  428 0.410000 
-0.900000  -1.680000  429 0.410000 
-0.545000  -1.240000  430 0.410000 
-0.235000  -1.140000  431 0.410000 
-0.570000  -1.280000  432 0.410000 
-0.275000  -1.070000  433 0.410000 
-0.725000  -1.400000  434 0.410000 
-0.635000  -1.200000  435 0.410000 
-0.735000  -1.410000  436 0.410000 
-0.365000  -1.110000  437 0.410000 
-0.555000  -1.270000  438 0.410000 
0.650000  -1.440000  439 0.410000 
0.340000  -1.210000  440 0.410000 
0.005000  -1.030000  441 0.410000 
0.385000  -1.190000  442 0.410000 
0.720000  -1.340000  443 0.410000 
0.000000  -1.060000  444 0.410000 
0.195000  -1.290000  445 0.410000 
0.605000  -1.320000  446 0.410000 
0.415000  -1.190000  447 0.410000 
0.560000  -1.100000  448 0.410000 
0.195000  -1.200000  449 0.410000 
-0.025000  -1.250000  450 0.410000 
-0.625000  -1.360000  451 0.410000 
-0.465000  -0.990000  452 0.410000 
-0.515000  -1.250000  453 0.410000 
-0.565000  -1.320000  454 0.410000 
-0.520000  -1.170000  455 0.410000 
0.020000  -1.200000  456 0.410000 
0.450000  -1.010000  457 0.410000 
0.515000  -1.230000  458 0.410000 
-0.170000  -1.220000  459 0.410000 
-0.535000  -1.270000  460 0.410000 
-0.555000  -1.360000  461 0.410000 
-0.765000  -1.370000  462 0.410000 
-0.650000  -1.270000  463 0.410000 
-0.170000  -1.170000  464 0.410000 
-0.565000  -1.400000  465 0.410000 
-0.535000  -1.450000  466 0.410000 
-0.370000  -1.130000  467 0.410000 
-0.450000  -1.230000  468 0.410000 
-0.250000  -1.130000  469 0.410000 
-0.265000  -1.190000  470 0.410000 
-0.270000  -1.360000  471 0.410000 
-0.445000  -1.170000  472 0.410000 
-0.215000  -1.090000  473 0.410000 
-0.700000  -1.360000  474 0.410000 
0.165000  -1.130000  475 0.410000 
0.215000  -1.210000  476 0.410000 
0.095000  -1.060000  477 0.410000 
-0.205000  -0.910000  478 0.410000 
-0.770000  -1.420000  479 0.410000 
0.045000  -1.070000  480 0.410000 
0.235000  -1.020000  481 0.410000 
0.020000  -1.230000  482 0.410000 
0.485000  -1.170000  483 0.410000 
0.505000  -1.250000  484 0.410000 
-0.125000  -0.990000  485 0.410000 
-0.440000  -1.260000  486 0.410000 
-0.200000  -1.070000  487 0.410000 
0.665000  -1.270000  488 0.410000 
0.420000  -1.020000  489 0.410000 
-0.085000  -0.900000  490 0.410000 
0.355000  -1.070000  491 0.410000 
0.285000  -1.050000  492 0.410000 
0.285000  -1.000000  493 0.410000 
0.545000  -1.340000  494 0.410000 
0.335000  -1.040000  495 0.410000 
0.425000  -1.120000  496 0.410000 
-0.505000  -1.240000  497 0.410000 
-0.340000  -1.080000  498 0.410000 
-0.755000  -1.480000  499 0.410000 
-0.605000  -1.390000  500 0.410000 
-0.255000  -1.160000  501 0.410000 
0.095000  -1.060000  502 0.410000 
0.190000  -1.000000  503 0.410000 
-0.570000  -1.310000  504 0.410000 
-0.385000  -1.020000  505 0.410000 
-0.605000  -1.250000  506 0.410000 
-0.690000  -1.250000  507 0.410000 
-0.775000  -1.420000  508 0.410000 
-0.500000  -1.280000  509 0.410000 
-0.265000  -1.100000  510 0.410000 
-0.115000  -0.990000  511 0.410000 
-0.240000  -1.210000  512 0.410000 
0.330000  -1.340000  513 0.410000 
0.465000  -1.250000  514 0.410000 
-0.090000  -1.260000  515 0.410000 
-0.230000  -1.030000  516 0.410000 
0.700000  -1.350000  517 0.410000 
0.715000  -1.370000  518 0.410000 
0.710000  -1.390000  519 0.410000 
0.715000  -1.430000  520 0.410000 
0.050000  -1.180000  521 0.410000 
0.485000  -1.310000  522 0.410000 
-0.190000  -1.160000  523 0.410000 
0.360000  -1.050000  524 0.410000 
0.385000  -1.010000  525 0.410000 
0.160000  -0.960000  526 0.410000 
-0.150000  -1.000000  527 0.410000 
0.080000  -1.110000  528 0.410000 
-0.605000  -1.280000  529 0.410000 
-0.005000  -1.090000  530 0.410000 
0.460000  -1.260000  531 0.410000 
0.690000  -1.260000  532 0.410000 
-0.325000  -1.060000  533 0.410000 
-0.570000  -1.170000  534 0.410000 
0.200000  -1.140000  535 0.410000 
0.180000  -1.170000  536 0.410000 
0.440000  -1.390000  537 0.410000 
0.670000  -1.320000  538 0.410000 
0.590000  -1.270000  539 0.410000 
0.010000  -1.170000  540 0.410000 
0.110000  -1.020000  541 0.410000 
-0.575000  -1.350000  542 0.410000 
-0.625000  -1.180000  543 0.410000 
-0.080000  -1.020000  544 0.410000 
-0.635000  -1.220000  545 0.410000 
-0.250000  -1.010000  546 0.410000 
0.080000  -1.300000  547 0.410000 
0.520000  -1.300000  548 0.410000 
0.700000  -1.320000  549 0.410000 
0.140000  -0.980000  550 0.410000 
-0.080000  -1.160000  551 0.410000 
-0.620000  -1.330000  552 0.410000 
-0.340000  -1.140000  553 0.410000 
0.090000  -0.960000  554 0.410000 
0.390000  -1.170000  555 0.410000 
0.400000  -1.080000  556 0.410000 
0.380000  -1.130000  557 0.410000 
0.045000  -1.200000  558 0.410000 
0.190000  -1.180000  559 0.410000 
-0.110000  -1.010000  560 0.410000 
0.305000  -1.200000  561 0.410000 
0.210000  -1.160000  562 0.410000 
-0.750000  -1.450000  563 0.410000 
-0.435000  -1.070000  564 0.410000 
-0.455000  -1.130000  565 0.410000 
-0.630000  -1.110000  566 0.410000 
-0.435000  -1.100000  567 0.410000 
-0.565000  -1.210000  568 0.410000 
-0.420000  -1.020000  569 0.410000 
-0.480000  -1.170000  570 0.410000 
-0.250000  -1.160000  571 0.410000 
-0.425000  -1.060000  572 0.410000 
-0.515000  -1.140000  573 0.410000 
-0.020000  -1.120000  574 0.410000 
-0.060000  -0.930000  575 0.410000 
-0.595000  -1.170000  576 0.410000 
-0.470000  -1.270000  577 0.410000 
-0.680000  -1.290000  578 0.410000 
0.210000  -1.200000  579 0.410000 
0.125000  -1.140000  580 0.410000 
0.455000  -1.240000  581 0.410000 
0.015000  -1.050000  582 0.410000 
-0.185000  -1.060000  583 0.410000 
-0.050000  -1.100000  584 0.410000 
-0.280000  -1.010000  585 0.410000 
0.370000  -1.210000  586 0.410000 
0.400000  -1.100000  587 0.410000 
0.765000  -1.430000  588 0.410000 
0.735000  -1.390000  589 0.410000 
0.095000  -1.270000  590 0.410000 
0.550000  -1.300000  591 0.410000 
-0.020000  -1.010000  592 0.410000 
-0.015000  -1.180000  593 0.410000 
0.540000  -1.240000  594 0.410000 
0.700000  -1.400000  595 0.410000 
0.215000  -1.200000  596 0.410000 
-0.280000  -1.160000  597 0.410000 
-0.250000  -0.960000  598 0.410000 
-0.145000  -0.950000  599 0.410000 
-0.155000  -1.180000  600 0.410000 
0.110000  -1.040000  601 0.410000 
0.250000  -1.140000  602 0.410000 
-0.295000  -1.080000  603 0.410000 
0.455000  -1.120000  604 0.410000 
0.400000  -1.060000  605 0.410000 
-0.080000  -1.070000  606 0.410000 
-0.050000  -1.100000  607 0.410000 
0.775000  -1.420000  608 0.410000 
0.695000  -1.390000  609 0.410000 
0.625000  -1.370000  610 0.410000 
0.260000  -1.070000  611 0.410000 
-0.420000  -1.060000  612 0.410000 
-0.590000  -1.230000  613 0.410000 
-0.540000  -1.210000  614 0.410000 
-0.100000  -0.980000  615 0.410000 
-0.315000  -0.910000  616 0.410000 
0.305000  -1.190000  617 0.410000 
0.010000  -1.000000  618 0.410000 
-0.410000  -1.120000  619 0.410000 
0.020000  -1.070000  620 0.410000 
0.655000  -1.330000  621 0.410000 
0.490000  -1.240000  622 0.410000 
0.515000  -1.290000  623 0.410000 
0.765000  -1.320000  624 0.410000 
0.600000  -1.210000  625 0.410000 
0.475000  -1.170000  626 0.410000 
-0.350000  -1.090000  627 0.410000 
-0.255000  -1.150000  628 0.410000 
-0.840000  -1.570000  629 0.410000 
-0.365000  -1.200000  630 0.410000 
-0.525000  -1.340000  631 0.410000 
0.300000  -1.130000  632 0.410000 
0.345000  -1.230000  633 0.410000 
0.465000  -1.130000  634 0.410000 
0.090000  -1.040000  635 0.410000 
0.460000  -1.260000  636 0.410000 
0.665000  -1.320000  637 0.410000 
0.450000  -1.130000  638 0.410000 
0.705000  -1.420000  639 0.410000 
-0.405000  -1.120000  640 0.410000 
-0.370000  -1.120000  641 0.410000 
-0.295000  -1.040000  642 0.410000 
-0.470000  -1.370000  643 0.410000 
0.340000  -1.060000  644 0.410000 
0.430000  -1.210000  645 0.410000 
-0.325000  -1.240000  646 0.410000 
-0.390000  -1.280000  647 0.410000 
0.180000  -1.110000  648 0.410000 
0.365000  -1.070000  649 0.410000 
0.665000  -1.290000  650 0.410000 
0.025000  -1.050000  651 0.410000 
0.695000  -1.400000  652 0.410000 
0.595000  -1.300000  653 0.410000 
0.345000  -1.080000  654 0.410000 
0.800000  -1.450000  655 0.410000 
0.365000  -1.280000  656 0.410000 
0.320000  -1.250000  657 0.410000 
0.400000  -1.200000  658 0.410000 
-0.405000  -1.090000  659 0.410000 
-0.155000  -1.090000  660 0.410000 
0.405000  -1.150000  661 0.410000 
0.490000  -1.160000  662 0.410000 
0.695000  -1.330000  663 0.410000 
0.565000  -1.150000  664 0.410000 
0.290000  -1.120000  665 0.410000 
0.345000  -1.100000  666 0.410000 
-0.375000  -0.980000  667 0.410000 
-0.315000  -1.260000  668 0.410000 
0.715000  -1.280000  669 0.410000 
0.495000  -1.180000  670 0.410000 
-0.240000  -0.970000  671 0.410000 
-0.395000  -0.980000  672 0.410000 
-0.495000  -1.050000  673 0.410000 
-0.565000  -1.130000  674 0.410000 
-0.640000  -1.190000  675 0.410000 
-0.700000  -1.350000  676 0.410000 
-0.630000  -1.260000  677 0.410000 
-0.455000  -1.240000  678 0.410000 
0.230000  -0.940000  679 0.410000 
-0.260000  -1.150000  680 0.410000 
0.040000  -1.040000  681 0.410000 
0.555000  -1.180000  682 0.410000 
0.045000  -1.090000  683 0.410000 
0.685000  -1.410000  684 0.410000 
0.695000  -1.300000  685 0.410000 
-0.385000  -1.320000  686 0.410000 
-0.450000  -0.960000  687 0.410000 
-0.400000  -0.930000  688 0.410000 
-0.130000  -1.140000  689 0.410000 
0.205000  -1.140000  690 0.410000 
0.660000  -1.270000  691 0.410000 
0.145000  -1.110000  692 0.410000 
0.450000  -1.260000  693 0.410000 
0.750000  -1.520000  694 0.410000 
-0.285000  -1.000000  695 0.410000 
-0.530000  -1.160000  696 0.410000 
0.690000  -1.310000  697 0.410000 
0.450000  -1.180000  698 0.410000 
0.655000  -1.240000  699 0.410000 
0.590000  -1.310000  700 0.410000 
0.815000  -1.540000  701 0.410000 
0.310000  -1.200000  702 0.410000 
0.375000  -1.130000  703 0.410000 
0.515000  -1.160000  704 0.410000 
0.395000  -1.150000  705 0.410000 
0.380000  -1.100000  706 0.410000 
0.475000  -1.210000  707 0.410000 
0.610000  -1.190000  708 0.410000 
0.310000  -1.130000  709 0.410000 
0.505000  -1.180000  710 0.410000 
-0.340000  -1.200000  711 0.410000 
0.000000  -1.300000  712 0.410000 
0.165000  -0.910000  713 0.410000 
0.720000  -1.390000  714 0.410000 
0.595000  -1.210000  715 0.410000 
0.405000  -1.240000  716 0.410000 
0.150000  -1.120000  717 0.410000 
-0.500000  -1.280000  718 0.410000 
0.020000  -1.010000  719 0.410000 
-0.215000  -1.080000  720 0.410000 
0.595000  -1.270000  721 0.410000 
0.605000  -1.410000  722 0.410000 
0.340000  -1.200000  723 0.410000 
-0.420000  -1.060000  724 0.410000 
-0.410000  -1.100000  725 0.410000 
-0.705000  -1.080000  726 0.410000 
-0.750000  -1.400000  727 0.410000 
-0.125000  -1.110000  728 0.410000 
-0.255000  -1.040000  729 0.410000 
-0.655000  -1.180000  730 0.410000 
-0.750000  -1.370000  731 0.410000 
-0.580000  -1.300000  732 0.410000 
-0.665000  -1.260000  733 0.410000 
-0.655000  -1.330000  734 0.410000 
0.375000  -1.050000  735 0.410000 
0.250000  -1.120000  736 0.410000 
0.715000  -1.320000  737 0.410000 
0.455000  -1.120000  738 0.410000 
-0.090000  -1.010000  739 0.410000 
-0.640000  -1.180000  740 0.410000 
0.230000  -1.090000  741 0.410000 
0.485000  -1.170000  742 0.410000 
0.630000  -1.310000  743 0.410000 
0.380000  -1.090000  744 0.410000 
0.730000  -1.440000  745 0.410000 
0.255000  -1.070000  746 0.410000 
0.365000  -0.960000  747 0.410000 
0.210000  -0.950000  748 0.410000 
0.795000  -1.380000  749 0.410000 
0.410000  -1.130000  750 0.410000 
0.440000  -1.250000  751 0.410000 
0.305000  -0.990000  752 0.410000 
-0.705000  -1.310000  753 0.410000 
0.100000  -1.090000  754 0.410000 
0.365000  -1.210000  755 0.410000 
0.720000  -1.340000  756 0.410000 
0.575000  -1.200000  757 0.410000 
0.225000  -0.990000  758 0.410000 
0.380000  -1.230000  759 0.410000 
0.515000  -1.350000  760 0.410000 
0.750000  -1.410000  761 0.410000 
-0.145000  -1.050000  762 0.410000 
-0.475000  -1.190000  763 0.410000 
0.180000  -1.190000  764 0.410000 
-0.435000  -1.300000  765 0.410000 
-0.355000  -1.090000  766 0.410000 
-0.630000  -1.380000  767 0.410000 
-0.205000  -1.150000  768 0.410000 
-0.405000  -1.330000  769 0.410000 
-0.335000  -1.050000  770 0.410000 
-0.345000  -1.110000  771 0.410000 
-0.045000  -1.000000  772 0.410000 
0.105000  -1.030000  773 0.410000 
0.400000  -1.070000  774 0.410000 
-0.040000  -1.180000  775 0.410000 
0.165000  -1.040000  776 0.410000 
0.470000  -1.230000  777 0.410000 
0.255000  -1.200000  778 0.410000 
0.440000  -1.340000  779 0.410000 
0.585000  -1.150000  780 0.410000 
0.010000  -1.140000  781 0.410000 
-0.060000  -0.860000  782 0.410000 
0.475000  -1.040000  783 0.410000 
0.720000  -1.270000  784 0.410000 
0.330000  -1.150000  785 0.410000 
-0.305000  -0.990000  786 0.410000 
-0.685000  -1.360000  787 0.410000 
-0.410000  -1.170000  788 0.410000 
-0.280000  -1.180000  789 0.410000 
-0.060000  -1.060000  790 0.410000 
-0.495000  -1.300000  791 0.410000 
-0.470000  -1.140000  792 0.410000 
-0.790000  -1.500000  793 0.410000 
-0.235000  -1.230000  794 0.410000 
-0.410000  -1.090000  795 0.410000 
-0.390000  -1.140000  796 0.410000 
0.285000  -1.020000  797 0.410000 
0.790000  -1.450000  798 0.410000 
0.690000  -1.370000  799 0.410000 
-0.360000  -1.200000  800 0.410000 
0.300000  -1.130000  801 0.410000 
-0.440000  -1.190000  802 0.410000 
-0.380000  -1.130000  803 0.410000 
-0.790000  -1.450000  804 0.410000 
0.425000  -1.290000  805 0.410000 
-0.230000  -1.290000  806 0.410000 
-0.025000  -1.090000  807 0.410000 
-0.260000  -1.070000  808 0.410000 
-0.405000  -1.240000  809 0.410000 
-0.105000  -1.260000  810 0.410000 
-0.430000  -1.280000  811 0.410000 
-0.315000  -1.070000  812 0.410000 
-0.400000  -1.190000  813 0.410000 
-0.300000  -1.020000  814 0.410000 
-0.690000  -1.240000  815 0.410000 
-0.465000  -1.200000  816 0.410000 
-0.530000  -1.150000  817 0.410000 
0.695000  -1.410000  818 0.410000 
0.340000  -0.980000  819 0.410000 
0.440000  -1.100000  820 0.410000 
0.250000  -1.260000  821 0.410000 
0.350000  -1.030000  822 0.410000 
0.455000  -1.290000  823 0.410000 
-0.135000  -1.080000  824 0.410000 
0.185000  -0.920000  825 0.410000 
0.680000  -1.200000  826 0.410000 
-0.170000  -1.170000  827 0.410000 
-0.030000  -1.010000  828 0.410000 
-0.070000  -0.900000  829 0.410000 
-0.440000  -1.120000  830 0.410000 
-0.730000  -1.280000  831 0.410000 
-0.490000  -1.040000  832 0.410000 
-0.065000  -1.160000  833 0.410000 
0.185000  -1.130000  834 0.410000 
0.020000  -1.150000  835 0.410000 
0.545000  -1.260000  836 0.410000 
0.385000  -1.150000  837 0.410000 
0.395000  -1.260000  838 0.410000 
0.430000  -1.170000  839 0.410000 
0.250000  -1.000000  840 0.410000 
0.055000  -1.100000  841 0.410000 
0.095000  -0.980000  842 0.410000 
-0.035000  -1.090000  843 0.410000 
0.390000  -1.230000  844 0.410000 
-0.310000  -1.250000  845 0.410000 
0.165000  -1.050000  846 0.410000 
-0.745000  -1.440000  847 0.410000 
-0.470000  -1.140000  848 0.410000 
-0.245000  -1.000000  849 0.410000 
0.320000  -1.240000  850 0.410000 
0.585000  -1.260000  851 0.410000 
0.165000  -1.220000  852 0.410000 
-0.195000  -1.200000  853 0.410000 
-0.420000  -1.030000  854 0.410000 
-0.380000  -1.050000  855 0.410000 
-0.205000  -1.180000  856 0.410000 
0.400000  -1.140000  857 0.410000 
0.515000  -1.220000  858 0.410000 
0.660000  -1.370000  859 0.410000 
-0.200000  -1.130000  860 0.410000 
0.040000  -0.960000  861 0.410000 
0.450000  -1.290000  862 0.410000 
-0.595000  -1.270000  863 0.410000 
-0.595000  -1.180000  864 0.410000 
-0.080000  -1.030000  865 0.410000 
-0.125000  -1.060000  866 0.410000 
0.065000  -0.950000  867 0.410000 
-0.045000  -1.130000  868 0.410000 
-0.285000  -1.220000  869 0.410000 
-0.615000  -1.300000  870 0.410000 
-0.565000  -1.430000  871 0.410000 
-0.465000  -1.300000  872 0.410000 
-0.300000  -1.110000  873 0.410000 
-0.325000  -1.110000  874 0.410000 
-0.525000  -1.280000  875 0.410000 
-0.555000  -1.240000  876 0.410000 
-0.115000  -1.120000  877 0.410000 
0.355000  -1.200000  878 0.410000 
0.525000  -1.280000  879 0.410000 
0.485000  -1.230000  880 0.410000 
0.260000  -1.170000  881 0.410000 
0.405000  -1.080000  882 0.410000 
0.480000  -1.000000  883 0.410000 
0.660000  -1.210000  884 0.410000 
0.620000  -1.250000  885 0.410000 
-0.090000  -1.040000  886 0.410000 
0.335000  -1.130000  887 0.410000 
0.675000  -1.340000  888 0.410000 
0.710000  -1.210000  889 0.410000 
0.795000  -1.500000  890 0.410000 
0.440000  -0.980000  891 0.410000 
0.075000  -1.160000  892 0.410000 
-0.590000  -1.230000  893 0.410000 
-0.275000  -1.190000  894 0.410000 
-0.295000  -1.180000  895 0.410000 
-0.470000  -1.190000  896 0.410000 
-0.780000  -1.440000  897 0.410000 
0.175000  -0.960000  898 0.410000 
0.440000  -1.040000  899 0.410000 
0.585000  -1.310000  900 0.410000 
0.765000  -1.440000  901 0.410000 
0.490000  -1.090000  902 0.410000 
0.735000  -1.310000  903 0.410000 
-0.210000  -1.150000  904 0.410000 
0.015000  -1.000000  905 0.410000 
0.620000  -1.200000  906 0.410000 
0.895000  -1.670000  907 0.410000 
0.310000  -1.170000  908 0.410000 
0.350000  -1.010000  909 0.410000 
0.345000  -1.320000  910 0.410000 
0.645000  -1.210000  911 0.410000 
0.135000  -1.020000  912 0.410000 
-0.030000  -1.050000  913 0.410000 
-0.095000  -1.020000  914 0.410000 
-0.635000  -1.220000  915 0.410000 
-0.845000  -1.560000  916 0.410000 
0.415000  -1.030000  917 0.410000 
-0.320000  -1.010000  918 0.410000 
-0.640000  -1.470000  919 0.410000 
-0.610000  -1.370000  920 0.410000 
-0.090000  -1.200000  921 0.410000 
-0.530000  -1.360000  922 0.410000 
0.255000  -1.040000  923 0.410000 
0.600000  -1.150000  924 0.410000 
0.545000  -1.200000  925 0.410000 
-0.030000  -1.330000  926 0.410000 
0.220000  -1.220000  927 0.410000 
0.685000  -1.370000  928 0.410000 
0.710000  -1.340000  929 0.410000 
-0.785000  -1.520000  930 0.410000 
-0.785000  -1.450000  931 0.410000 
-0.825000  -1.620000  932 0.410000 
-0.525000  -1.350000  933 0.410000 
-0.640000  -1.280000  934 0.410000 
-0.305000  -1.110000  935 0.410000 
0.480000  -1.260000  936 0.410000 
0.715000  -1.360000  937 0.410000 
-0.145000  -0.960000  938 0.410000 
-0.630000  -1.250000  939 0.410000 
-0.685000  -1.200000  940 0.410000 
0.005000  -1.100000  941 0.410000 
0.380000  -1.160000  942 0.410000 
-0.040000  -1.120000  943 0.410000 
-0.085000  -0.950000  944 0.410000 
-0.820000  -1.540000  945 0.410000 
-0.405000  -1.170000  946 0.410000 
-0.680000  -1.240000  947 0.410000 
-0.645000  -1.260000  948 0.410000 
-0.570000  -1.220000  949 0.410000 
-0.025000  -1.100000  950 0.410000 
-0.275000  -1.040000  951 0.410000 
-0.240000  -1.160000  952 0.410000 
-0.135000  -1.140000  953 0.410000 
0.235000  -1.240000  954 0.410000 
0.510000  -1.320000  955 0.410000 
-0.440000  -1.210000  956 0.410000 
0.660000  -1.440000  957 0.410000 
0.655000  -1.390000  958 0.410000 
0.530000  -1.260000  959 0.410000 
-0.250000  -1.160000  960 0.410000 
-0.460000  -1.220000  961 0.410000 
-0.485000  -1.210000  962 0.410000 
-0.505000  -1.190000  963 0.410000 
-0.570000  -1.330000  964 0.410000 
-0.340000  -1.080000  965 0.410000 
-0.470000  -1.340000  966 0.410000 
-0.815000  -1.480000  967 0.410000 
-0.630000  -1.380000  968 0.410000 
-0.690000  -1.330000  969 0.410000 
-0.305000  -1.130000  970 0.410000 
-0.700000  -1.330000  971 0.410000 
-0.050000  -1.090000  972 0.410000 
-0.655000  -1.380000  973 0.410000 
0.170000  -1.190000  974 0.410000 
-0.075000  -0.970000  975 0.410000 
0.360000  -1.110000  976 0.410000 
0.325000  -1.090000  977 0.410000 
-0.040000  -1.140000  978 0.410000 
-0.190000  -1.230000  979 0.410000 
0.015000  -1.000000  980 0.410000 
-0.210000  -1.210000  981 0.410000 
-0.200000  -1.150000  982 0.410000 
-0.195000  -1.020000  983 0.410000 
-0.430000  -1.150000  984 0.410000 
-0.015000  -1.020000  985 0.410000 
-0.155000  -1.130000  986 0.410000 
0.545000  -1.330000  987 0.410000 
0.410000  -1.240000  988 0.410000 
0.615000  -1.180000  989 0.410000 
0.445000  -1.080000  990 0.410000 
0.030000  -0.950000  991 0.410000 
0.015000  -1.100000  992 0.410000 
-0.065000  -1.090000  993 0.410000 
0.050000  -1.080000  994 0.410000 
-0.330000  -1.190000  995 0.410000 
-0.155000  -1.090000  996 0.410000 
-0.495000  -1.170000  997 0.410000 
0.430000  -1.200000  998 0.410000 
0.745000  -1.420000  999 0.410000 
