-0.475000  -1.230000  0 0.420000 
-0.725000  -1.410000  1 0.420000 
-0.525000  -1.260000  2 0.420000 
-0.560000  -1.210000  3 0.420000 
-0.470000  -1.220000  4 0.420000 
-0.715000  -1.370000  5 0.420000 
-0.620000  -1.250000  6 0.420000 
-0.205000  -1.130000  7 0.420000 
0.235000  -1.010000  8 0.420000 
0.420000  -1.300000  9 0.420000 
0.580000  -1.240000  10 0.420000 
0.320000  -1.150000  11 0.420000 
0.160000  -1.290000  12 0.420000 
-0.270000  -1.100000  13 0.420000 
-0.675000  -1.360000  14 0.420000 
-0.345000  -1.100000  15 0.420000 
-0.430000  -1.180000  16 0.420000 
0.580000  -1.230000  17 0.420000 
0.730000  -1.350000  18 0.420000 
-0.390000  -0.990000  19 0.420000 
-0.030000  -1.250000  20 0.420000 
0.770000  -1.370000  21 0.420000 
0.745000  -1.410000  22 0.420000 
0.680000  -1.450000  23 0.420000 
-0.140000  -1.110000  24 0.420000 
-0.140000  -1.270000  25 0.420000 
-0.150000  -1.230000  26 0.420000 
-0.210000  -1.230000  27 0.420000 
-0.430000  -1.160000  28 0.420000 
-0.625000  -1.280000  29 0.420000 
-0.750000  -1.390000  30 0.420000 
-0.585000  -1.350000  31 0.420000 
-0.230000  -1.290000  32 0.420000 
0.120000  -1.180000  33 0.420000 
0.770000  -1.470000  34 0.420000 
0.655000  -1.550000  35 0.420000 
0.745000  -1.280000  36 0.420000 
0.600000  -1.300000  37 0.420000 
-0.365000  -1.120000  38 0.420000 
0.065000  -1.170000  39 0.420000 
-0.265000  -1.200000  40 0.420000 
-0.535000  -1.220000  41 0.420000 
-0.265000  -1.110000  42 0.420000 
-0.035000  -0.980000  43 0.420000 
-0.060000  -1.030000  44 0.420000 
-0.355000  -1.280000  45 0.420000 
0.035000  -1.190000  46 0.420000 
-0.095000  -1.300000  47 0.420000 
-0.295000  -1.320000  48 0.420000 
-0.385000  -1.240000  49 0.420000 
-0.205000  -1.130000  50 0.420000 
0.525000  -1.360000  51 0.420000 
0.790000  -1.470000  52 0.420000 
0.765000  -1.390000  53 0.420000 
0.675000  -1.430000  54 0.420000 
0.595000  -1.140000  55 0.420000 
0.765000  -1.420000  56 0.420000 
0.740000  -1.430000  57 0.420000 
0.485000  -1.220000  58 0.420000 
-0.200000  -1.240000  59 0.420000 
-0.675000  -1.330000  60 0.420000 
-0.560000  -1.380000  61 0.420000 
-0.485000  -1.200000  62 0.420000 
-0.780000  -1.420000  63 0.420000 
0.090000  -1.220000  64 0.420000 
-0.415000  -1.320000  65 0.420000 
-0.705000  -1.400000  66 0.420000 
-0.300000  -1.140000  67 0.420000 
-0.465000  -1.090000  68 0.420000 
-0.500000  -1.190000  69 0.420000 
-0.690000  -1.360000  70 0.420000 
-0.430000  -1.270000  71 0.420000 
-0.460000  -1.200000  72 0.420000 
0.035000  -1.210000  73 0.420000 
0.180000  -1.030000  74 0.420000 
0.625000  -1.370000  75 0.420000 
0.070000  -1.110000  76 0.420000 
-0.670000  -1.390000  77 0.420000 
-0.590000  -1.200000  78 0.420000 
-0.690000  -1.340000  79 0.420000 
-0.435000  -1.270000  80 0.420000 
-0.450000  -1.270000  81 0.420000 
-0.700000  -1.450000  82 0.420000 
-0.135000  -1.110000  83 0.420000 
0.550000  -1.120000  84 0.420000 
0.215000  -1.170000  85 0.420000 
0.690000  -1.390000  86 0.420000 
0.625000  -1.270000  87 0.420000 
0.770000  -1.460000  88 0.420000 
-0.055000  -1.180000  89 0.420000 
-0.695000  -1.370000  90 0.420000 
-0.830000  -1.540000  91 0.420000 
0.360000  -1.190000  92 0.420000 
0.070000  -1.010000  93 0.420000 
0.020000  -1.070000  94 0.420000 
0.655000  -1.300000  95 0.420000 
0.775000  -1.410000  96 0.420000 
0.675000  -1.360000  97 0.420000 
0.390000  -1.260000  98 0.420000 
0.655000  -1.220000  99 0.420000 
0.780000  -1.450000  100 0.420000 
0.355000  -1.030000  101 0.420000 
0.275000  -1.200000  102 0.420000 
0.360000  -1.150000  103 0.420000 
-0.075000  -1.130000  104 0.420000 
0.775000  -1.410000  105 0.420000 
-0.055000  -1.090000  106 0.420000 
-0.115000  -1.010000  107 0.420000 
0.705000  -1.350000  108 0.420000 
-0.695000  -1.340000  109 0.420000 
-0.705000  -1.380000  110 0.420000 
-0.575000  -1.280000  111 0.420000 
-0.295000  -1.260000  112 0.420000 
-0.090000  -1.050000  113 0.420000 
0.155000  -1.000000  114 0.420000 
0.620000  -1.320000  115 0.420000 
0.375000  -1.220000  116 0.420000 
0.790000  -1.360000  117 0.420000 
0.590000  -1.160000  118 0.420000 
-0.025000  -1.090000  119 0.420000 
0.840000  -1.570000  120 0.420000 
0.630000  -1.240000  121 0.420000 
0.155000  -1.080000  122 0.420000 
-0.150000  -1.180000  123 0.420000 
-0.785000  -1.440000  124 0.420000 
-0.305000  -1.090000  125 0.420000 
-0.240000  -1.280000  126 0.420000 
0.405000  -1.230000  127 0.420000 
0.705000  -1.380000  128 0.420000 
0.740000  -1.450000  129 0.420000 
0.375000  -1.060000  130 0.420000 
0.720000  -1.300000  131 0.420000 
0.245000  -1.080000  132 0.420000 
0.620000  -1.460000  133 0.420000 
0.510000  -1.250000  134 0.420000 
0.840000  -1.610000  135 0.420000 
0.235000  -1.290000  136 0.420000 
0.030000  -1.220000  137 0.420000 
0.775000  -1.470000  138 0.420000 
0.770000  -1.390000  139 0.420000 
0.835000  -1.540000  140 0.420000 
0.600000  -1.280000  141 0.420000 
0.535000  -1.130000  142 0.420000 
0.885000  -1.630000  143 0.420000 
-0.060000  -1.090000  144 0.420000 
-0.040000  -1.070000  145 0.420000 
-0.760000  -1.540000  146 0.420000 
-0.400000  -1.100000  147 0.420000 
-0.750000  -1.460000  148 0.420000 
-0.490000  -1.330000  149 0.420000 
0.605000  -1.280000  150 0.420000 
0.290000  -1.280000  151 0.420000 
-0.005000  -1.170000  152 0.420000 
0.100000  -1.170000  153 0.420000 
-0.520000  -1.110000  154 0.420000 
-0.685000  -1.400000  155 0.420000 
-0.555000  -1.320000  156 0.420000 
-0.510000  -1.310000  157 0.420000 
-0.520000  -1.130000  158 0.420000 
-0.145000  -1.040000  159 0.420000 
-0.730000  -1.330000  160 0.420000 
-0.510000  -1.310000  161 0.420000 
-0.580000  -1.310000  162 0.420000 
-0.520000  -1.150000  163 0.420000 
-0.750000  -1.410000  164 0.420000 
0.540000  -1.330000  165 0.420000 
0.665000  -1.170000  166 0.420000 
0.835000  -1.580000  167 0.420000 
0.185000  -1.290000  168 0.420000 
-0.090000  -1.080000  169 0.420000 
-0.060000  -1.120000  170 0.420000 
0.740000  -1.460000  171 0.420000 
0.705000  -1.370000  172 0.420000 
0.655000  -1.420000  173 0.420000 
0.720000  -1.320000  174 0.420000 
-0.545000  -1.390000  175 0.420000 
-0.530000  -1.250000  176 0.420000 
-0.580000  -1.250000  177 0.420000 
0.030000  -1.110000  178 0.420000 
0.380000  -1.150000  179 0.420000 
-0.115000  -0.960000  180 0.420000 
-0.775000  -1.400000  181 0.420000 
-0.540000  -1.260000  182 0.420000 
-0.315000  -1.270000  183 0.420000 
-0.715000  -1.470000  184 0.420000 
-0.680000  -1.370000  185 0.420000 
-0.850000  -1.620000  186 0.420000 
-0.655000  -1.290000  187 0.420000 
0.030000  -1.190000  188 0.420000 
-0.440000  -1.100000  189 0.420000 
-0.640000  -1.160000  190 0.420000 
-0.110000  -1.070000  191 0.420000 
-0.705000  -1.320000  192 0.420000 
-0.095000  -1.150000  193 0.420000 
-0.595000  -1.320000  194 0.420000 
-0.585000  -1.190000  195 0.420000 
-0.540000  -1.270000  196 0.420000 
-0.685000  -1.350000  197 0.420000 
-0.700000  -1.390000  198 0.420000 
-0.775000  -1.500000  199 0.420000 
-0.350000  -1.130000  200 0.420000 
-0.450000  -1.360000  201 0.420000 
-0.170000  -1.010000  202 0.420000 
0.370000  -0.980000  203 0.420000 
0.545000  -1.290000  204 0.420000 
0.785000  -1.510000  205 0.420000 
0.505000  -1.170000  206 0.420000 
0.705000  -1.280000  207 0.420000 
0.595000  -1.360000  208 0.420000 
0.530000  -1.230000  209 0.420000 
-0.160000  -1.140000  210 0.420000 
-0.725000  -1.420000  211 0.420000 
-0.560000  -1.300000  212 0.420000 
-0.675000  -1.360000  213 0.420000 
-0.615000  -1.320000  214 0.420000 
-0.570000  -1.270000  215 0.420000 
-0.040000  -1.310000  216 0.420000 
0.420000  -1.280000  217 0.420000 
0.680000  -1.230000  218 0.420000 
0.100000  -1.060000  219 0.420000 
0.100000  -1.130000  220 0.420000 
0.650000  -1.250000  221 0.420000 
0.605000  -1.300000  222 0.420000 
0.475000  -1.290000  223 0.420000 
0.450000  -1.300000  224 0.420000 
0.520000  -1.350000  225 0.420000 
0.765000  -1.480000  226 0.420000 
0.465000  -1.240000  227 0.420000 
-0.175000  -1.230000  228 0.420000 
-0.420000  -1.280000  229 0.420000 
-0.185000  -1.320000  230 0.420000 
-0.435000  -1.300000  231 0.420000 
-0.560000  -1.220000  232 0.420000 
-0.620000  -1.420000  233 0.420000 
-0.790000  -1.520000  234 0.420000 
-0.590000  -1.300000  235 0.420000 
-0.185000  -1.250000  236 0.420000 
0.110000  -1.170000  237 0.420000 
-0.025000  -0.970000  238 0.420000 
-0.345000  -1.160000  239 0.420000 
0.330000  -1.160000  240 0.420000 
-0.360000  -1.140000  241 0.420000 
0.005000  -1.160000  242 0.420000 
-0.550000  -1.250000  243 0.420000 
-0.595000  -1.380000  244 0.420000 
-0.805000  -1.530000  245 0.420000 
-0.640000  -1.180000  246 0.420000 
-0.745000  -1.390000  247 0.420000 
-0.495000  -1.190000  248 0.420000 
-0.600000  -1.310000  249 0.420000 
0.005000  -1.200000  250 0.420000 
-0.370000  -1.040000  251 0.420000 
-0.725000  -1.450000  252 0.420000 
-0.110000  -1.140000  253 0.420000 
-0.740000  -1.380000  254 0.420000 
0.005000  -1.030000  255 0.420000 
-0.440000  -1.190000  256 0.420000 
0.530000  -1.290000  257 0.420000 
0.505000  -1.250000  258 0.420000 
0.580000  -1.340000  259 0.420000 
0.815000  -1.540000  260 0.420000 
0.775000  -1.570000  261 0.420000 
0.535000  -1.470000  262 0.420000 
0.630000  -1.280000  263 0.420000 
0.575000  -1.160000  264 0.420000 
0.095000  -1.040000  265 0.420000 
-0.390000  -1.070000  266 0.420000 
-0.350000  -1.210000  267 0.420000 
-0.540000  -1.230000  268 0.420000 
-0.605000  -1.280000  269 0.420000 
-0.050000  -1.310000  270 0.420000 
0.680000  -1.310000  271 0.420000 
0.525000  -1.240000  272 0.420000 
0.305000  -1.120000  273 0.420000 
0.600000  -1.390000  274 0.420000 
0.545000  -1.150000  275 0.420000 
0.495000  -1.160000  276 0.420000 
0.325000  -1.170000  277 0.420000 
0.155000  -1.010000  278 0.420000 
0.590000  -1.380000  279 0.420000 
0.425000  -1.200000  280 0.420000 
0.035000  -1.330000  281 0.420000 
0.295000  -1.100000  282 0.420000 
0.650000  -1.260000  283 0.420000 
0.565000  -1.250000  284 0.420000 
0.605000  -1.230000  285 0.420000 
0.040000  -1.440000  286 0.420000 
-0.480000  -1.040000  287 0.420000 
-0.125000  -1.070000  288 0.420000 
0.190000  -1.140000  289 0.420000 
0.780000  -1.520000  290 0.420000 
0.500000  -1.290000  291 0.420000 
0.465000  -1.280000  292 0.420000 
0.380000  -1.160000  293 0.420000 
0.035000  -1.200000  294 0.420000 
-0.485000  -1.140000  295 0.420000 
-0.360000  -1.220000  296 0.420000 
-0.710000  -1.360000  297 0.420000 
-0.730000  -1.280000  298 0.420000 
-0.505000  -1.310000  299 0.420000 
-0.345000  -1.200000  300 0.420000 
-0.510000  -1.270000  301 0.420000 
-0.700000  -1.420000  302 0.420000 
-0.845000  -1.650000  303 0.420000 
-0.750000  -1.410000  304 0.420000 
-0.585000  -1.450000  305 0.420000 
-0.400000  -1.150000  306 0.420000 
-0.260000  -1.040000  307 0.420000 
0.145000  -1.040000  308 0.420000 
0.445000  -1.080000  309 0.420000 
0.650000  -1.450000  310 0.420000 
0.455000  -1.200000  311 0.420000 
-0.180000  -1.350000  312 0.420000 
-0.215000  -1.080000  313 0.420000 
-0.760000  -1.400000  314 0.420000 
-0.420000  -1.120000  315 0.420000 
0.570000  -1.400000  316 0.420000 
-0.110000  -1.080000  317 0.420000 
-0.700000  -1.380000  318 0.420000 
-0.810000  -1.510000  319 0.420000 
-0.780000  -1.570000  320 0.420000 
-0.465000  -1.230000  321 0.420000 
-0.560000  -1.210000  322 0.420000 
-0.415000  -1.200000  323 0.420000 
-0.525000  -1.250000  324 0.420000 
-0.525000  -1.300000  325 0.420000 
-0.520000  -1.300000  326 0.420000 
-0.700000  -1.420000  327 0.420000 
-0.715000  -1.300000  328 0.420000 
-0.210000  -1.100000  329 0.420000 
-0.405000  -1.050000  330 0.420000 
-0.615000  -1.280000  331 0.420000 
-0.400000  -1.350000  332 0.420000 
-0.090000  -1.010000  333 0.420000 
-0.345000  -1.080000  334 0.420000 
0.030000  -1.050000  335 0.420000 
0.775000  -1.420000  336 0.420000 
0.370000  -1.280000  337 0.420000 
0.440000  -1.220000  338 0.420000 
0.360000  -1.220000  339 0.420000 
0.470000  -1.130000  340 0.420000 
0.625000  -1.200000  341 0.420000 
0.725000  -1.420000  342 0.420000 
0.785000  -1.400000  343 0.420000 
0.620000  -1.350000  344 0.420000 
0.360000  -1.060000  345 0.420000 
0.535000  -1.440000  346 0.420000 
-0.035000  -1.190000  347 0.420000 
-0.630000  -1.270000  348 0.420000 
-0.855000  -1.570000  349 0.420000 
-0.690000  -1.290000  350 0.420000 
-0.270000  -0.900000  351 0.420000 
0.645000  -1.310000  352 0.420000 
0.815000  -1.470000  353 0.420000 
0.435000  -1.230000  354 0.420000 
0.520000  -1.290000  355 0.420000 
0.430000  -1.140000  356 0.420000 
0.695000  -1.230000  357 0.420000 
0.740000  -1.440000  358 0.420000 
0.185000  -1.080000  359 0.420000 
0.415000  -1.200000  360 0.420000 
-0.145000  -1.130000  361 0.420000 
0.435000  -1.270000  362 0.420000 
-0.400000  -1.230000  363 0.420000 
-0.525000  -1.430000  364 0.420000 
-0.780000  -1.380000  365 0.420000 
-0.625000  -1.310000  366 0.420000 
-0.440000  -1.160000  367 0.420000 
-0.830000  -1.500000  368 0.420000 
-0.690000  -1.450000  369 0.420000 
-0.695000  -1.380000  370 0.420000 
-0.460000  -1.100000  371 0.420000 
0.700000  -1.390000  372 0.420000 
-0.020000  -1.310000  373 0.420000 
-0.135000  -1.130000  374 0.420000 
-0.070000  -1.260000  375 0.420000 
-0.530000  -1.170000  376 0.420000 
-0.620000  -1.170000  377 0.420000 
-0.580000  -1.360000  378 0.420000 
-0.525000  -1.230000  379 0.420000 
-0.775000  -1.400000  380 0.420000 
-0.595000  -1.250000  381 0.420000 
-0.330000  -1.350000  382 0.420000 
0.640000  -1.340000  383 0.420000 
0.435000  -1.290000  384 0.420000 
0.650000  -1.220000  385 0.420000 
0.400000  -1.240000  386 0.420000 
0.000000  -1.120000  387 0.420000 
0.830000  -1.490000  388 0.420000 
0.735000  -1.400000  389 0.420000 
0.870000  -1.630000  390 0.420000 
0.440000  -1.360000  391 0.420000 
0.735000  -1.490000  392 0.420000 
0.390000  -1.050000  393 0.420000 
-0.480000  -1.220000  394 0.420000 
-0.665000  -1.410000  395 0.420000 
-0.830000  -1.640000  396 0.420000 
-0.680000  -1.460000  397 0.420000 
-0.705000  -1.210000  398 0.420000 
-0.630000  -1.230000  399 0.420000 
-0.565000  -1.250000  400 0.420000 
0.570000  -1.230000  401 0.420000 
0.440000  -1.090000  402 0.420000 
0.520000  -1.220000  403 0.420000 
0.765000  -1.350000  404 0.420000 
0.245000  -1.210000  405 0.420000 
-0.440000  -1.250000  406 0.420000 
-0.570000  -1.240000  407 0.420000 
-0.790000  -1.490000  408 0.420000 
-0.325000  -0.980000  409 0.420000 
-0.480000  -1.300000  410 0.420000 
-0.635000  -1.310000  411 0.420000 
-0.560000  -1.360000  412 0.420000 
-0.475000  -1.100000  413 0.420000 
-0.030000  -0.930000  414 0.420000 
0.615000  -1.140000  415 0.420000 
0.235000  -1.050000  416 0.420000 
0.530000  -1.230000  417 0.420000 
0.490000  -1.290000  418 0.420000 
0.465000  -1.220000  419 0.420000 
0.805000  -1.540000  420 0.420000 
0.540000  -1.390000  421 0.420000 
0.195000  -1.310000  422 0.420000 
0.475000  -1.270000  423 0.420000 
0.240000  -1.080000  424 0.420000 
0.730000  -1.410000  425 0.420000 
0.755000  -1.440000  426 0.420000 
0.335000  -1.130000  427 0.420000 
0.805000  -1.450000  428 0.420000 
0.390000  -1.280000  429 0.420000 
0.750000  -1.540000  430 0.420000 
0.025000  -1.080000  431 0.420000 
0.535000  -1.150000  432 0.420000 
0.480000  -1.110000  433 0.420000 
0.130000  -1.100000  434 0.420000 
-0.015000  -1.240000  435 0.420000 
-0.330000  -1.150000  436 0.420000 
0.280000  -1.280000  437 0.420000 
0.785000  -1.560000  438 0.420000 
0.395000  -1.200000  439 0.420000 
0.410000  -1.100000  440 0.420000 
0.600000  -1.230000  441 0.420000 
0.705000  -1.430000  442 0.420000 
0.610000  -1.250000  443 0.420000 
0.745000  -1.390000  444 0.420000 
0.360000  -1.170000  445 0.420000 
0.760000  -1.370000  446 0.420000 
0.115000  -1.340000  447 0.420000 
-0.595000  -1.310000  448 0.420000 
-0.590000  -1.340000  449 0.420000 
-0.610000  -1.300000  450 0.420000 
-0.705000  -1.450000  451 0.420000 
-0.585000  -1.210000  452 0.420000 
-0.545000  -1.170000  453 0.420000 
-0.180000  -1.060000  454 0.420000 
-0.755000  -1.470000  455 0.420000 
-0.715000  -1.350000  456 0.420000 
0.120000  -1.000000  457 0.420000 
0.310000  -1.170000  458 0.420000 
0.230000  -1.150000  459 0.420000 
0.620000  -1.330000  460 0.420000 
0.495000  -1.230000  461 0.420000 
0.690000  -1.300000  462 0.420000 
0.745000  -1.420000  463 0.420000 
0.525000  -1.230000  464 0.420000 
0.505000  -1.140000  465 0.420000 
0.650000  -1.250000  466 0.420000 
0.620000  -1.400000  467 0.420000 
0.695000  -1.350000  468 0.420000 
0.245000  -1.250000  469 0.420000 
0.070000  -1.020000  470 0.420000 
0.295000  -1.060000  471 0.420000 
0.550000  -1.270000  472 0.420000 
0.735000  -1.440000  473 0.420000 
0.715000  -1.290000  474 0.420000 
0.710000  -1.250000  475 0.420000 
0.145000  -1.060000  476 0.420000 
0.540000  -1.370000  477 0.420000 
0.690000  -1.340000  478 0.420000 
0.400000  -1.370000  479 0.420000 
0.635000  -1.280000  480 0.420000 
0.410000  -1.290000  481 0.420000 
0.580000  -1.300000  482 0.420000 
0.650000  -1.320000  483 0.420000 
0.530000  -1.340000  484 0.420000 
0.165000  -1.070000  485 0.420000 
-0.300000  -1.210000  486 0.420000 
0.065000  -1.190000  487 0.420000 
0.295000  -1.200000  488 0.420000 
0.110000  -1.110000  489 0.420000 
-0.120000  -1.110000  490 0.420000 
-0.330000  -1.270000  491 0.420000 
0.035000  -1.100000  492 0.420000 
0.295000  -1.170000  493 0.420000 
0.070000  -1.020000  494 0.420000 
0.220000  -1.230000  495 0.420000 
0.675000  -1.390000  496 0.420000 
-0.155000  -1.200000  497 0.420000 
0.575000  -1.210000  498 0.420000 
0.550000  -1.190000  499 0.420000 
-0.540000  -1.270000  500 0.420000 
-0.100000  -1.180000  501 0.420000 
0.375000  -1.040000  502 0.420000 
0.410000  -1.080000  503 0.420000 
0.530000  -1.290000  504 0.420000 
-0.730000  -1.310000  505 0.420000 
-0.690000  -1.350000  506 0.420000 
-0.715000  -1.370000  507 0.420000 
0.045000  -1.160000  508 0.420000 
0.385000  -1.170000  509 0.420000 
0.575000  -1.310000  510 0.420000 
0.500000  -1.160000  511 0.420000 
0.500000  -1.380000  512 0.420000 
0.410000  -1.300000  513 0.420000 
-0.510000  -1.270000  514 0.420000 
-0.650000  -1.280000  515 0.420000 
-0.605000  -1.150000  516 0.420000 
-0.415000  -1.160000  517 0.420000 
-0.770000  -1.500000  518 0.420000 
-0.685000  -1.320000  519 0.420000 
-0.615000  -1.420000  520 0.420000 
-0.735000  -1.400000  521 0.420000 
-0.635000  -1.460000  522 0.420000 
-0.230000  -1.110000  523 0.420000 
0.640000  -1.420000  524 0.420000 
0.490000  -1.140000  525 0.420000 
0.775000  -1.430000  526 0.420000 
0.615000  -1.230000  527 0.420000 
0.405000  -1.250000  528 0.420000 
0.715000  -1.260000  529 0.420000 
0.650000  -1.290000  530 0.420000 
0.445000  -1.190000  531 0.420000 
-0.185000  -1.170000  532 0.420000 
-0.150000  -1.000000  533 0.420000 
-0.850000  -1.540000  534 0.420000 
-0.600000  -1.150000  535 0.420000 
0.065000  -1.120000  536 0.420000 
0.420000  -1.170000  537 0.420000 
0.640000  -1.300000  538 0.420000 
0.215000  -1.190000  539 0.420000 
0.620000  -1.160000  540 0.420000 
0.550000  -1.280000  541 0.420000 
0.675000  -1.340000  542 0.420000 
-0.150000  -1.090000  543 0.420000 
0.150000  -0.940000  544 0.420000 
0.790000  -1.430000  545 0.420000 
0.725000  -1.320000  546 0.420000 
0.525000  -1.290000  547 0.420000 
0.700000  -1.420000  548 0.420000 
0.605000  -1.280000  549 0.420000 
0.735000  -1.410000  550 0.420000 
0.635000  -1.200000  551 0.420000 
0.630000  -1.230000  552 0.420000 
0.645000  -1.320000  553 0.420000 
0.465000  -1.170000  554 0.420000 
0.115000  -1.290000  555 0.420000 
0.725000  -1.490000  556 0.420000 
0.385000  -1.230000  557 0.420000 
0.035000  -1.280000  558 0.420000 
0.320000  -1.080000  559 0.420000 
0.115000  -1.020000  560 0.420000 
-0.490000  -1.320000  561 0.420000 
-0.555000  -1.350000  562 0.420000 
-0.660000  -1.360000  563 0.420000 
-0.455000  -1.440000  564 0.420000 
-0.840000  -1.500000  565 0.420000 
-0.400000  -1.230000  566 0.420000 
0.425000  -1.140000  567 0.420000 
0.410000  -1.330000  568 0.420000 
-0.325000  -1.100000  569 0.420000 
0.200000  -1.290000  570 0.420000 
0.720000  -1.370000  571 0.420000 
0.880000  -1.670000  572 0.420000 
0.540000  -1.390000  573 0.420000 
0.275000  -1.000000  574 0.420000 
-0.625000  -1.350000  575 0.420000 
-0.795000  -1.510000  576 0.420000 
-0.545000  -1.200000  577 0.420000 
-0.760000  -1.440000  578 0.420000 
-0.665000  -1.340000  579 0.420000 
-0.450000  -1.130000  580 0.420000 
-0.765000  -1.390000  581 0.420000 
-0.760000  -1.450000  582 0.420000 
-0.645000  -1.200000  583 0.420000 
-0.275000  -1.170000  584 0.420000 
-0.855000  -1.610000  585 0.420000 
-0.780000  -1.530000  586 0.420000 
-0.420000  -1.130000  587 0.420000 
-0.540000  -1.140000  588 0.420000 
-0.735000  -1.410000  589 0.420000 
-0.565000  -1.320000  590 0.420000 
-0.470000  -1.130000  591 0.420000 
-0.740000  -1.350000  592 0.420000 
-0.465000  -1.180000  593 0.420000 
-0.570000  -1.350000  594 0.420000 
-0.490000  -1.350000  595 0.420000 
-0.450000  -1.140000  596 0.420000 
-0.415000  -1.200000  597 0.420000 
-0.580000  -1.010000  598 0.420000 
-0.275000  -1.070000  599 0.420000 
-0.125000  -1.200000  600 0.420000 
0.335000  -1.150000  601 0.420000 
0.395000  -1.060000  602 0.420000 
0.460000  -1.310000  603 0.420000 
0.100000  -1.080000  604 0.420000 
0.045000  -1.340000  605 0.420000 
-0.425000  -1.140000  606 0.420000 
-0.445000  -1.310000  607 0.420000 
-0.330000  -1.090000  608 0.420000 
-0.580000  -1.250000  609 0.420000 
-0.410000  -1.180000  610 0.420000 
-0.545000  -1.120000  611 0.420000 
-0.650000  -1.360000  612 0.420000 
-0.475000  -1.230000  613 0.420000 
-0.665000  -1.370000  614 0.420000 
-0.660000  -1.360000  615 0.420000 
-0.380000  -1.120000  616 0.420000 
-0.065000  -1.000000  617 0.420000 
-0.420000  -1.260000  618 0.420000 
-0.790000  -1.530000  619 0.420000 
-0.225000  -0.920000  620 0.420000 
-0.520000  -1.340000  621 0.420000 
-0.430000  -1.310000  622 0.420000 
0.360000  -1.090000  623 0.420000 
0.180000  -1.210000  624 0.420000 
0.265000  -1.120000  625 0.420000 
0.665000  -1.360000  626 0.420000 
0.430000  -1.130000  627 0.420000 
0.775000  -1.440000  628 0.420000 
0.130000  -1.190000  629 0.420000 
0.665000  -1.360000  630 0.420000 
0.110000  -1.060000  631 0.420000 
0.375000  -1.240000  632 0.420000 
0.180000  -1.220000  633 0.420000 
0.775000  -1.390000  634 0.420000 
0.395000  -1.220000  635 0.420000 
0.735000  -1.530000  636 0.420000 
0.710000  -1.420000  637 0.420000 
0.520000  -1.160000  638 0.420000 
0.260000  -1.080000  639 0.420000 
0.590000  -1.300000  640 0.420000 
0.455000  -1.210000  641 0.420000 
0.265000  -1.220000  642 0.420000 
0.730000  -1.420000  643 0.420000 
0.660000  -1.300000  644 0.420000 
0.265000  -1.270000  645 0.420000 
0.405000  -1.400000  646 0.420000 
0.515000  -1.280000  647 0.420000 
0.810000  -1.480000  648 0.420000 
0.790000  -1.440000  649 0.420000 
0.535000  -1.240000  650 0.420000 
0.645000  -1.330000  651 0.420000 
0.710000  -1.350000  652 0.420000 
0.455000  -1.040000  653 0.420000 
0.430000  -1.090000  654 0.420000 
0.650000  -1.310000  655 0.420000 
-0.070000  -1.140000  656 0.420000 
-0.255000  -1.340000  657 0.420000 
-0.495000  -1.140000  658 0.420000 
-0.410000  -1.280000  659 0.420000 
0.085000  -1.180000  660 0.420000 
-0.210000  -1.130000  661 0.420000 
-0.670000  -1.500000  662 0.420000 
-0.115000  -0.920000  663 0.420000 
-0.080000  -1.000000  664 0.420000 
-0.695000  -1.310000  665 0.420000 
-0.845000  -1.600000  666 0.420000 
0.535000  -1.270000  667 0.420000 
0.585000  -1.300000  668 0.420000 
0.560000  -1.380000  669 0.420000 
0.520000  -1.230000  670 0.420000 
0.090000  -1.160000  671 0.420000 
0.840000  -1.530000  672 0.420000 
0.235000  -1.050000  673 0.420000 
0.765000  -1.460000  674 0.420000 
0.480000  -1.280000  675 0.420000 
-0.160000  -1.210000  676 0.420000 
-0.550000  -1.300000  677 0.420000 
0.200000  -1.030000  678 0.420000 
-0.460000  -1.140000  679 0.420000 
-0.610000  -1.320000  680 0.420000 
-0.475000  -1.370000  681 0.420000 
0.240000  -1.230000  682 0.420000 
0.420000  -1.150000  683 0.420000 
0.460000  -1.060000  684 0.420000 
0.610000  -1.460000  685 0.420000 
0.250000  -1.110000  686 0.420000 
0.015000  -0.940000  687 0.420000 
-0.400000  -1.250000  688 0.420000 
-0.610000  -1.340000  689 0.420000 
-0.880000  -1.570000  690 0.420000 
-0.495000  -1.080000  691 0.420000 
-0.715000  -1.360000  692 0.420000 
-0.610000  -1.350000  693 0.420000 
-0.475000  -1.180000  694 0.420000 
-0.640000  -1.190000  695 0.420000 
-0.690000  -1.440000  696 0.420000 
-0.535000  -1.150000  697 0.420000 
-0.400000  -1.090000  698 0.420000 
-0.750000  -1.390000  699 0.420000 
-0.505000  -1.310000  700 0.420000 
-0.590000  -1.100000  701 0.420000 
-0.715000  -1.420000  702 0.420000 
-0.585000  -1.340000  703 0.420000 
-0.665000  -1.260000  704 0.420000 
-0.545000  -1.210000  705 0.420000 
-0.365000  -1.240000  706 0.420000 
-0.690000  -1.320000  707 0.420000 
-0.640000  -1.270000  708 0.420000 
-0.535000  -1.230000  709 0.420000 
-0.700000  -1.230000  710 0.420000 
-0.605000  -1.230000  711 0.420000 
-0.665000  -1.230000  712 0.420000 
-0.580000  -1.370000  713 0.420000 
-0.635000  -1.300000  714 0.420000 
-0.585000  -1.290000  715 0.420000 
-0.590000  -1.240000  716 0.420000 
-0.575000  -1.180000  717 0.420000 
-0.730000  -1.360000  718 0.420000 
0.575000  -1.450000  719 0.420000 
0.740000  -1.470000  720 0.420000 
0.485000  -1.320000  721 0.420000 
0.545000  -1.240000  722 0.420000 
0.790000  -1.450000  723 0.420000 
0.280000  -1.140000  724 0.420000 
0.020000  -1.210000  725 0.420000 
-0.405000  -1.160000  726 0.420000 
-0.635000  -1.270000  727 0.420000 
-0.380000  -1.130000  728 0.420000 
-0.705000  -1.340000  729 0.420000 
0.210000  -1.250000  730 0.420000 
0.585000  -1.380000  731 0.420000 
0.625000  -1.210000  732 0.420000 
-0.025000  -1.230000  733 0.420000 
-0.315000  -1.250000  734 0.420000 
-0.755000  -1.430000  735 0.420000 
-0.350000  -1.100000  736 0.420000 
0.210000  -1.210000  737 0.420000 
0.595000  -1.300000  738 0.420000 
0.395000  -1.170000  739 0.420000 
0.200000  -1.200000  740 0.420000 
0.700000  -1.390000  741 0.420000 
0.275000  -1.050000  742 0.420000 
-0.045000  -1.160000  743 0.420000 
-0.255000  -1.260000  744 0.420000 
-0.795000  -1.410000  745 0.420000 
-0.600000  -1.410000  746 0.420000 
-0.565000  -1.250000  747 0.420000 
-0.670000  -1.350000  748 0.420000 
-0.845000  -1.610000  749 0.420000 
-0.365000  -1.130000  750 0.420000 
0.090000  -1.280000  751 0.420000 
0.545000  -1.130000  752 0.420000 
-0.230000  -1.040000  753 0.420000 
-0.565000  -1.250000  754 0.420000 
-0.460000  -1.080000  755 0.420000 
-0.695000  -1.320000  756 0.420000 
-0.280000  -1.290000  757 0.420000 
-0.020000  -1.130000  758 0.420000 
-0.520000  -1.180000  759 0.420000 
-0.740000  -1.400000  760 0.420000 
-0.450000  -1.110000  761 0.420000 
-0.415000  -1.180000  762 0.420000 
-0.095000  -1.230000  763 0.420000 
-0.540000  -1.170000  764 0.420000 
-0.675000  -1.520000  765 0.420000 
-0.755000  -1.320000  766 0.420000 
-0.780000  -1.430000  767 0.420000 
0.250000  -1.080000  768 0.420000 
-0.510000  -1.200000  769 0.420000 
-0.615000  -1.200000  770 0.420000 
-0.820000  -1.550000  771 0.420000 
-0.515000  -1.150000  772 0.420000 
-0.700000  -1.320000  773 0.420000 
-0.705000  -1.340000  774 0.420000 
-0.490000  -1.230000  775 0.420000 
-0.680000  -1.230000  776 0.420000 
-0.710000  -1.430000  777 0.420000 
-0.320000  -1.110000  778 0.420000 
-0.260000  -0.910000  779 0.420000 
0.520000  -1.190000  780 0.420000 
0.415000  -1.160000  781 0.420000 
0.530000  -1.280000  782 0.420000 
0.475000  -1.230000  783 0.420000 
0.560000  -1.260000  784 0.420000 
0.505000  -1.260000  785 0.420000 
0.500000  -1.180000  786 0.420000 
0.690000  -1.320000  787 0.420000 
-0.365000  -1.100000  788 0.420000 
0.090000  -0.980000  789 0.420000 
0.660000  -1.380000  790 0.420000 
0.045000  -1.330000  791 0.420000 
-0.800000  -1.430000  792 0.420000 
-0.595000  -1.190000  793 0.420000 
-0.840000  -1.560000  794 0.420000 
-0.325000  -1.310000  795 0.420000 
-0.105000  -1.120000  796 0.420000 
-0.525000  -1.230000  797 0.420000 
-0.805000  -1.530000  798 0.420000 
-0.690000  -1.340000  799 0.420000 
-0.775000  -1.470000  800 0.420000 
-0.095000  -1.190000  801 0.420000 
-0.510000  -1.260000  802 0.420000 
-0.630000  -1.250000  803 0.420000 
0.030000  -1.090000  804 0.420000 
0.105000  -1.190000  805 0.420000 
0.245000  -1.040000  806 0.420000 
0.600000  -1.300000  807 0.420000 
0.780000  -1.450000  808 0.420000 
0.535000  -1.300000  809 0.420000 
0.235000  -1.180000  810 0.420000 
0.730000  -1.440000  811 0.420000 
0.270000  -1.180000  812 0.420000 
0.305000  -1.120000  813 0.420000 
-0.465000  -1.370000  814 0.420000 
-0.575000  -1.250000  815 0.420000 
-0.700000  -1.310000  816 0.420000 
-0.340000  -1.350000  817 0.420000 
-0.425000  -1.230000  818 0.420000 
0.325000  -1.260000  819 0.420000 
-0.370000  -1.260000  820 0.420000 
-0.215000  -1.210000  821 0.420000 
0.045000  -1.030000  822 0.420000 
-0.655000  -1.300000  823 0.420000 
-0.305000  -1.160000  824 0.420000 
-0.470000  -1.250000  825 0.420000 
-0.580000  -1.270000  826 0.420000 
-0.830000  -1.600000  827 0.420000 
-0.700000  -1.220000  828 0.420000 
0.275000  -1.140000  829 0.420000 
0.580000  -1.160000  830 0.420000 
0.170000  -1.200000  831 0.420000 
0.400000  -1.190000  832 0.420000 
0.445000  -1.190000  833 0.420000 
0.395000  -1.250000  834 0.420000 
0.765000  -1.450000  835 0.420000 
0.570000  -1.210000  836 0.420000 
0.515000  -1.230000  837 0.420000 
0.030000  -1.110000  838 0.420000 
-0.015000  -1.030000  839 0.420000 
-0.295000  -1.280000  840 0.420000 
0.760000  -1.430000  841 0.420000 
0.770000  -1.440000  842 0.420000 
0.360000  -1.170000  843 0.420000 
0.705000  -1.440000  844 0.420000 
0.285000  -1.370000  845 0.420000 
-0.530000  -1.110000  846 0.420000 
-0.600000  -1.370000  847 0.420000 
-0.375000  -1.180000  848 0.420000 
-0.465000  -1.160000  849 0.420000 
0.305000  -1.080000  850 0.420000 
-0.615000  -1.340000  851 0.420000 
-0.260000  -1.220000  852 0.420000 
-0.520000  -1.170000  853 0.420000 
-0.705000  -1.400000  854 0.420000 
-0.680000  -1.490000  855 0.420000 
-0.730000  -1.340000  856 0.420000 
-0.695000  -1.350000  857 0.420000 
-0.230000  -1.170000  858 0.420000 
-0.480000  -1.170000  859 0.420000 
-0.810000  -1.520000  860 0.420000 
-0.670000  -1.300000  861 0.420000 
-0.505000  -1.180000  862 0.420000 
-0.690000  -1.340000  863 0.420000 
-0.635000  -1.390000  864 0.420000 
-0.440000  -1.180000  865 0.420000 
-0.585000  -1.160000  866 0.420000 
-0.790000  -1.480000  867 0.420000 
-0.695000  -1.280000  868 0.420000 
-0.195000  -0.950000  869 0.420000 
-0.500000  -1.260000  870 0.420000 
-0.380000  -1.120000  871 0.420000 
-0.785000  -1.430000  872 0.420000 
-0.520000  -1.220000  873 0.420000 
-0.760000  -1.420000  874 0.420000 
-0.655000  -1.260000  875 0.420000 
-0.540000  -1.120000  876 0.420000 
-0.590000  -1.300000  877 0.420000 
-0.475000  -1.420000  878 0.420000 
-0.165000  -1.200000  879 0.420000 
0.105000  -1.240000  880 0.420000 
0.595000  -1.250000  881 0.420000 
0.335000  -1.250000  882 0.420000 
0.740000  -1.430000  883 0.420000 
0.535000  -1.120000  884 0.420000 
0.705000  -1.330000  885 0.420000 
0.195000  -1.100000  886 0.420000 
0.500000  -1.380000  887 0.420000 
0.170000  -1.130000  888 0.420000 
-0.160000  -1.140000  889 0.420000 
0.255000  -1.180000  890 0.420000 
0.370000  -1.110000  891 0.420000 
0.335000  -1.220000  892 0.420000 
0.770000  -1.450000  893 0.420000 
0.195000  -0.960000  894 0.420000 
0.260000  -1.170000  895 0.420000 
0.555000  -1.220000  896 0.420000 
0.640000  -1.260000  897 0.420000 
0.420000  -1.160000  898 0.420000 
0.205000  -1.070000  899 0.420000 
-0.075000  -1.210000  900 0.420000 
0.290000  -1.180000  901 0.420000 
0.120000  -1.100000  902 0.420000 
-0.255000  -1.130000  903 0.420000 
0.185000  -1.150000  904 0.420000 
0.585000  -1.240000  905 0.420000 
0.415000  -1.120000  906 0.420000 
0.705000  -1.420000  907 0.420000 
0.045000  -1.240000  908 0.420000 
-0.545000  -1.280000  909 0.420000 
-0.105000  -0.950000  910 0.420000 
-0.265000  -1.110000  911 0.420000 
-0.570000  -1.270000  912 0.420000 
-0.100000  -1.060000  913 0.420000 
0.740000  -1.420000  914 0.420000 
0.590000  -1.260000  915 0.420000 
-0.235000  -1.140000  916 0.420000 
0.080000  -1.090000  917 0.420000 
0.045000  -1.120000  918 0.420000 
-0.425000  -1.040000  919 0.420000 
-0.040000  -1.200000  920 0.420000 
0.320000  -1.180000  921 0.420000 
-0.690000  -1.390000  922 0.420000 
-0.255000  -1.180000  923 0.420000 
0.525000  -1.290000  924 0.420000 
-0.115000  -1.240000  925 0.420000 
-0.780000  -1.480000  926 0.420000 
-0.500000  -1.030000  927 0.420000 
-0.320000  -1.220000  928 0.420000 
-0.650000  -1.540000  929 0.420000 
0.505000  -1.260000  930 0.420000 
0.530000  -1.260000  931 0.420000 
0.670000  -1.220000  932 0.420000 
0.545000  -1.240000  933 0.420000 
0.665000  -1.310000  934 0.420000 
0.690000  -1.400000  935 0.420000 
0.720000  -1.410000  936 0.420000 
0.625000  -1.250000  937 0.420000 
-0.100000  -1.210000  938 0.420000 
-0.335000  -1.040000  939 0.420000 
-0.665000  -1.180000  940 0.420000 
-0.685000  -1.250000  941 0.420000 
-0.200000  -1.040000  942 0.420000 
-0.310000  -1.040000  943 0.420000 
-0.370000  -1.220000  944 0.420000 
-0.505000  -1.200000  945 0.420000 
-0.225000  -1.080000  946 0.420000 
-0.365000  -1.230000  947 0.420000 
-0.255000  -0.990000  948 0.420000 
-0.120000  -0.980000  949 0.420000 
0.185000  -0.960000  950 0.420000 
-0.440000  -1.260000  951 0.420000 
-0.615000  -1.310000  952 0.420000 
-0.545000  -1.210000  953 0.420000 
-0.495000  -1.330000  954 0.420000 
-0.810000  -1.480000  955 0.420000 
-0.220000  -1.160000  956 0.420000 
-0.585000  -1.440000  957 0.420000 
-0.130000  -1.200000  958 0.420000 
0.165000  -1.010000  959 0.420000 
0.465000  -1.320000  960 0.420000 
0.270000  -0.980000  961 0.420000 
0.215000  -1.160000  962 0.420000 
-0.630000  -1.310000  963 0.420000 
-0.745000  -1.410000  964 0.420000 
-0.760000  -1.290000  965 0.420000 
-0.400000  -1.240000  966 0.420000 
0.170000  -1.200000  967 0.420000 
-0.495000  -1.090000  968 0.420000 
-0.030000  -1.300000  969 0.420000 
-0.700000  -1.380000  970 0.420000 
-0.360000  -1.180000  971 0.420000 
-0.425000  -1.170000  972 0.420000 
-0.385000  -1.220000  973 0.420000 
-0.500000  -1.380000  974 0.420000 
0.065000  -1.080000  975 0.420000 
0.685000  -1.290000  976 0.420000 
0.640000  -1.340000  977 0.420000 
0.680000  -1.290000  978 0.420000 
0.735000  -1.380000  979 0.420000 
0.740000  -1.350000  980 0.420000 
0.655000  -1.240000  981 0.420000 
0.670000  -1.260000  982 0.420000 
0.645000  -1.230000  983 0.420000 
-0.180000  -1.100000  984 0.420000 
0.710000  -1.370000  985 0.420000 
0.830000  -1.610000  986 0.420000 
0.050000  -1.150000  987 0.420000 
-0.850000  -1.560000  988 0.420000 
-0.260000  -1.250000  989 0.420000 
-0.490000  -1.160000  990 0.420000 
-0.390000  -1.210000  991 0.420000 
-0.725000  -1.350000  992 0.420000 
-0.820000  -1.490000  993 0.420000 
0.735000  -1.460000  994 0.420000 
0.685000  -1.330000  995 0.420000 
0.215000  -1.350000  996 0.420000 
0.205000  -1.130000  997 0.420000 
0.525000  -1.230000  998 0.420000 
0.255000  -1.090000  999 0.420000 
