0.265000  -1.320000  0 0.446000 
0.490000  -1.330000  1 0.446000 
0.520000  -1.390000  2 0.446000 
0.795000  -1.530000  3 0.446000 
0.810000  -1.520000  4 0.446000 
0.670000  -1.390000  5 0.446000 
0.515000  -1.270000  6 0.446000 
0.715000  -1.420000  7 0.446000 
0.710000  -1.440000  8 0.446000 
0.825000  -1.540000  9 0.446000 
0.845000  -1.590000  10 0.446000 
0.765000  -1.420000  11 0.446000 
0.795000  -1.470000  12 0.446000 
0.825000  -1.580000  13 0.446000 
0.815000  -1.610000  14 0.446000 
0.505000  -1.240000  15 0.446000 
0.565000  -1.480000  16 0.446000 
0.920000  -1.710000  17 0.446000 
0.850000  -1.520000  18 0.446000 
0.800000  -1.430000  19 0.446000 
0.780000  -1.390000  20 0.446000 
0.815000  -1.480000  21 0.446000 
0.825000  -1.530000  22 0.446000 
0.770000  -1.460000  23 0.446000 
0.835000  -1.590000  24 0.446000 
0.880000  -1.630000  25 0.446000 
0.880000  -1.720000  26 0.446000 
0.425000  -1.180000  27 0.446000 
0.825000  -1.560000  28 0.446000 
0.755000  -1.350000  29 0.446000 
0.810000  -1.540000  30 0.446000 
0.825000  -1.530000  31 0.446000 
0.855000  -1.610000  32 0.446000 
0.725000  -1.450000  33 0.446000 
0.775000  -1.490000  34 0.446000 
0.820000  -1.550000  35 0.446000 
0.300000  -1.230000  36 0.446000 
0.775000  -1.500000  37 0.446000 
0.450000  -1.230000  38 0.446000 
0.860000  -1.670000  39 0.446000 
0.830000  -1.640000  40 0.446000 
0.870000  -1.650000  41 0.446000 
0.820000  -1.530000  42 0.446000 
0.775000  -1.470000  43 0.446000 
0.825000  -1.510000  44 0.446000 
0.550000  -1.320000  45 0.446000 
0.465000  -1.050000  46 0.446000 
0.375000  -1.340000  47 0.446000 
-0.240000  -1.310000  48 0.446000 
-0.640000  -1.400000  49 0.446000 
-0.840000  -1.600000  50 0.446000 
-0.840000  -1.580000  51 0.446000 
-0.770000  -1.480000  52 0.446000 
-0.945000  -1.820000  53 0.446000 
-0.800000  -1.580000  54 0.446000 
-0.865000  -1.690000  55 0.446000 
-0.785000  -1.550000  56 0.446000 
-0.535000  -1.360000  57 0.446000 
-0.720000  -1.490000  58 0.446000 
-0.835000  -1.620000  59 0.446000 
-0.770000  -1.540000  60 0.446000 
-0.835000  -1.570000  61 0.446000 
-0.790000  -1.500000  62 0.446000 
-0.775000  -1.520000  63 0.446000 
-0.855000  -1.610000  64 0.446000 
-0.880000  -1.620000  65 0.446000 
-0.810000  -1.580000  66 0.446000 
-0.800000  -1.470000  67 0.446000 
-0.880000  -1.590000  68 0.446000 
-0.850000  -1.560000  69 0.446000 
-0.855000  -1.560000  70 0.446000 
-0.835000  -1.560000  71 0.446000 
-0.835000  -1.560000  72 0.446000 
-0.895000  -1.680000  73 0.446000 
-0.560000  -1.390000  74 0.446000 
-0.725000  -1.470000  75 0.446000 
-0.650000  -1.420000  76 0.446000 
-0.820000  -1.560000  77 0.446000 
-0.855000  -1.610000  78 0.446000 
-0.865000  -1.610000  79 0.446000 
-0.875000  -1.630000  80 0.446000 
-0.750000  -1.390000  81 0.446000 
-0.850000  -1.640000  82 0.446000 
-0.825000  -1.620000  83 0.446000 
-0.480000  -1.300000  84 0.446000 
-0.830000  -1.570000  85 0.446000 
-0.715000  -1.400000  86 0.446000 
-0.775000  -1.530000  87 0.446000 
-0.835000  -1.570000  88 0.446000 
-0.755000  -1.630000  89 0.446000 
-0.710000  -1.390000  90 0.446000 
-0.680000  -1.350000  91 0.446000 
-0.820000  -1.540000  92 0.446000 
-0.860000  -1.620000  93 0.446000 
-0.425000  -1.170000  94 0.446000 
-0.840000  -1.620000  95 0.446000 
-0.795000  -1.570000  96 0.446000 
-0.855000  -1.550000  97 0.446000 
-0.730000  -1.340000  98 0.446000 
-0.900000  -1.680000  99 0.446000 
-0.805000  -1.460000  100 0.446000 
-0.825000  -1.570000  101 0.446000 
-0.615000  -1.260000  102 0.446000 
-0.775000  -1.500000  103 0.446000 
-0.545000  -1.340000  104 0.446000 
-0.810000  -1.580000  105 0.446000 
-0.730000  -1.460000  106 0.446000 
-0.790000  -1.430000  107 0.446000 
-0.630000  -1.420000  108 0.446000 
-0.860000  -1.530000  109 0.446000 
-0.420000  -1.370000  110 0.446000 
-0.740000  -1.380000  111 0.446000 
-0.835000  -1.550000  112 0.446000 
-0.795000  -1.540000  113 0.446000 
-0.790000  -1.520000  114 0.446000 
-0.845000  -1.720000  115 0.446000 
-0.745000  -1.510000  116 0.446000 
-0.335000  -1.350000  117 0.446000 
-0.615000  -1.360000  118 0.446000 
-0.635000  -1.390000  119 0.446000 
-0.825000  -1.670000  120 0.446000 
-0.705000  -1.280000  121 0.446000 
-0.910000  -1.700000  122 0.446000 
-0.785000  -1.420000  123 0.446000 
-0.850000  -1.610000  124 0.446000 
-0.880000  -1.620000  125 0.446000 
-0.580000  -1.390000  126 0.446000 
-0.815000  -1.510000  127 0.446000 
-0.860000  -1.620000  128 0.446000 
-0.560000  -1.360000  129 0.446000 
-0.870000  -1.630000  130 0.446000 
-0.595000  -1.290000  131 0.446000 
-0.775000  -1.520000  132 0.446000 
-0.580000  -1.490000  133 0.446000 
-0.810000  -1.570000  134 0.446000 
-0.380000  -1.240000  135 0.446000 
-0.135000  -1.210000  136 0.446000 
-0.085000  -1.190000  137 0.446000 
0.230000  -1.360000  138 0.446000 
0.330000  -1.280000  139 0.446000 
0.705000  -1.410000  140 0.446000 
0.765000  -1.520000  141 0.446000 
0.955000  -1.860000  142 0.446000 
0.810000  -1.530000  143 0.446000 
0.810000  -1.630000  144 0.446000 
0.855000  -1.570000  145 0.446000 
0.825000  -1.590000  146 0.446000 
0.800000  -1.490000  147 0.446000 
0.830000  -1.490000  148 0.446000 
0.875000  -1.570000  149 0.446000 
0.750000  -1.470000  150 0.446000 
0.875000  -1.590000  151 0.446000 
0.760000  -1.520000  152 0.446000 
0.345000  -1.280000  153 0.446000 
0.830000  -1.630000  154 0.446000 
0.770000  -1.570000  155 0.446000 
0.620000  -1.280000  156 0.446000 
0.875000  -1.620000  157 0.446000 
0.890000  -1.620000  158 0.446000 
0.730000  -1.530000  159 0.446000 
0.785000  -1.530000  160 0.446000 
0.585000  -1.440000  161 0.446000 
0.710000  -1.480000  162 0.446000 
0.735000  -1.520000  163 0.446000 
0.435000  -1.430000  164 0.446000 
0.800000  -1.490000  165 0.446000 
0.805000  -1.580000  166 0.446000 
0.810000  -1.510000  167 0.446000 
0.560000  -1.360000  168 0.446000 
0.845000  -1.590000  169 0.446000 
0.665000  -1.460000  170 0.446000 
0.805000  -1.450000  171 0.446000 
0.770000  -1.500000  172 0.446000 
0.430000  -1.260000  173 0.446000 
0.835000  -1.610000  174 0.446000 
0.885000  -1.610000  175 0.446000 
0.805000  -1.520000  176 0.446000 
0.510000  -1.380000  177 0.446000 
-0.255000  -1.280000  178 0.446000 
-0.320000  -1.260000  179 0.446000 
-0.890000  -1.710000  180 0.446000 
-0.850000  -1.540000  181 0.446000 
-0.685000  -1.400000  182 0.446000 
-0.845000  -1.580000  183 0.446000 
-0.885000  -1.650000  184 0.446000 
-0.860000  -1.600000  185 0.446000 
-0.765000  -1.570000  186 0.446000 
-0.475000  -1.320000  187 0.446000 
-0.370000  -1.340000  188 0.446000 
0.410000  -1.240000  189 0.446000 
0.630000  -1.290000  190 0.446000 
0.880000  -1.610000  191 0.446000 
0.675000  -1.420000  192 0.446000 
0.835000  -1.540000  193 0.446000 
0.765000  -1.410000  194 0.446000 
0.715000  -1.400000  195 0.446000 
0.585000  -1.150000  196 0.446000 
0.575000  -1.500000  197 0.446000 
0.890000  -1.630000  198 0.446000 
0.725000  -1.320000  199 0.446000 
0.885000  -1.610000  200 0.446000 
0.735000  -1.410000  201 0.446000 
0.775000  -1.460000  202 0.446000 
0.880000  -1.640000  203 0.446000 
0.615000  -1.280000  204 0.446000 
0.590000  -1.330000  205 0.446000 
0.860000  -1.580000  206 0.446000 
0.895000  -1.630000  207 0.446000 
0.940000  -1.790000  208 0.446000 
0.890000  -1.690000  209 0.446000 
0.875000  -1.620000  210 0.446000 
0.725000  -1.370000  211 0.446000 
0.825000  -1.530000  212 0.446000 
0.835000  -1.470000  213 0.446000 
0.865000  -1.670000  214 0.446000 
0.845000  -1.570000  215 0.446000 
0.835000  -1.580000  216 0.446000 
0.500000  -1.380000  217 0.446000 
0.625000  -1.310000  218 0.446000 
0.615000  -1.280000  219 0.446000 
0.885000  -1.650000  220 0.446000 
0.850000  -1.590000  221 0.446000 
0.720000  -1.460000  222 0.446000 
0.655000  -1.450000  223 0.446000 
0.800000  -1.460000  224 0.446000 
0.805000  -1.440000  225 0.446000 
0.570000  -1.200000  226 0.446000 
0.790000  -1.480000  227 0.446000 
0.830000  -1.550000  228 0.446000 
0.695000  -1.380000  229 0.446000 
0.720000  -1.380000  230 0.446000 
0.890000  -1.670000  231 0.446000 
0.830000  -1.480000  232 0.446000 
0.535000  -1.200000  233 0.446000 
0.765000  -1.380000  234 0.446000 
0.810000  -1.510000  235 0.446000 
0.810000  -1.600000  236 0.446000 
0.780000  -1.460000  237 0.446000 
0.730000  -1.460000  238 0.446000 
0.710000  -1.520000  239 0.446000 
0.750000  -1.520000  240 0.446000 
0.800000  -1.480000  241 0.446000 
0.725000  -1.460000  242 0.446000 
0.535000  -1.210000  243 0.446000 
0.700000  -1.270000  244 0.446000 
0.860000  -1.500000  245 0.446000 
0.675000  -1.260000  246 0.446000 
0.815000  -1.560000  247 0.446000 
0.735000  -1.400000  248 0.446000 
0.525000  -1.290000  249 0.446000 
0.840000  -1.650000  250 0.446000 
0.565000  -1.340000  251 0.446000 
0.760000  -1.470000  252 0.446000 
0.865000  -1.590000  253 0.446000 
0.540000  -1.350000  254 0.446000 
0.820000  -1.490000  255 0.446000 
0.715000  -1.350000  256 0.446000 
0.675000  -1.410000  257 0.446000 
0.800000  -1.470000  258 0.446000 
0.640000  -1.310000  259 0.446000 
0.730000  -1.360000  260 0.446000 
0.810000  -1.580000  261 0.446000 
0.880000  -1.620000  262 0.446000 
0.800000  -1.590000  263 0.446000 
0.845000  -1.640000  264 0.446000 
0.785000  -1.520000  265 0.446000 
0.490000  -1.170000  266 0.446000 
0.800000  -1.550000  267 0.446000 
0.950000  -1.800000  268 0.446000 
0.815000  -1.580000  269 0.446000 
0.045000  -1.230000  270 0.446000 
0.125000  -1.470000  271 0.446000 
0.465000  -1.350000  272 0.446000 
0.465000  -1.180000  273 0.446000 
0.830000  -1.540000  274 0.446000 
0.710000  -1.410000  275 0.446000 
0.745000  -1.330000  276 0.446000 
0.820000  -1.490000  277 0.446000 
0.755000  -1.370000  278 0.446000 
0.920000  -1.790000  279 0.446000 
0.885000  -1.650000  280 0.446000 
0.880000  -1.680000  281 0.446000 
0.755000  -1.500000  282 0.446000 
0.885000  -1.750000  283 0.446000 
0.830000  -1.480000  284 0.446000 
0.825000  -1.570000  285 0.446000 
0.785000  -1.520000  286 0.446000 
0.765000  -1.460000  287 0.446000 
0.660000  -1.350000  288 0.446000 
0.865000  -1.590000  289 0.446000 
0.895000  -1.680000  290 0.446000 
0.900000  -1.700000  291 0.446000 
0.545000  -1.470000  292 0.446000 
0.810000  -1.500000  293 0.446000 
0.850000  -1.540000  294 0.446000 
0.740000  -1.350000  295 0.446000 
0.670000  -1.260000  296 0.446000 
0.435000  -1.330000  297 0.446000 
0.250000  -1.280000  298 0.446000 
0.630000  -1.220000  299 0.446000 
0.880000  -1.630000  300 0.446000 
0.740000  -1.460000  301 0.446000 
0.780000  -1.560000  302 0.446000 
0.835000  -1.470000  303 0.446000 
0.800000  -1.430000  304 0.446000 
0.780000  -1.460000  305 0.446000 
0.740000  -1.310000  306 0.446000 
0.660000  -1.410000  307 0.446000 
0.615000  -1.290000  308 0.446000 
0.880000  -1.660000  309 0.446000 
0.725000  -1.230000  310 0.446000 
0.785000  -1.480000  311 0.446000 
0.765000  -1.450000  312 0.446000 
0.880000  -1.640000  313 0.446000 
0.805000  -1.460000  314 0.446000 
0.895000  -1.620000  315 0.446000 
0.820000  -1.530000  316 0.446000 
0.740000  -1.430000  317 0.446000 
0.780000  -1.450000  318 0.446000 
0.785000  -1.480000  319 0.446000 
0.675000  -1.480000  320 0.446000 
0.835000  -1.560000  321 0.446000 
0.230000  -1.260000  322 0.446000 
0.595000  -1.360000  323 0.446000 
0.680000  -1.480000  324 0.446000 
0.810000  -1.530000  325 0.446000 
0.720000  -1.430000  326 0.446000 
0.850000  -1.660000  327 0.446000 
0.890000  -1.640000  328 0.446000 
0.840000  -1.530000  329 0.446000 
0.395000  -1.250000  330 0.446000 
0.930000  -1.760000  331 0.446000 
0.790000  -1.560000  332 0.446000 
-0.130000  -1.310000  333 0.446000 
0.065000  -1.170000  334 0.446000 
-0.440000  -1.200000  335 0.446000 
-0.815000  -1.500000  336 0.446000 
-0.775000  -1.540000  337 0.446000 
-0.715000  -1.360000  338 0.446000 
-0.840000  -1.590000  339 0.446000 
-0.695000  -1.410000  340 0.446000 
-0.775000  -1.530000  341 0.446000 
-0.790000  -1.450000  342 0.446000 
-0.835000  -1.520000  343 0.446000 
-0.890000  -1.710000  344 0.446000 
-0.720000  -1.420000  345 0.446000 
-0.800000  -1.490000  346 0.446000 
-0.880000  -1.690000  347 0.446000 
-0.850000  -1.610000  348 0.446000 
-0.920000  -1.720000  349 0.446000 
-0.595000  -1.310000  350 0.446000 
-0.700000  -1.420000  351 0.446000 
-0.665000  -1.400000  352 0.446000 
-0.445000  -1.340000  353 0.446000 
0.135000  -1.180000  354 0.446000 
0.815000  -1.500000  355 0.446000 
0.500000  -1.380000  356 0.446000 
0.850000  -1.600000  357 0.446000 
0.940000  -1.800000  358 0.446000 
0.705000  -1.280000  359 0.446000 
0.715000  -1.410000  360 0.446000 
0.820000  -1.500000  361 0.446000 
0.915000  -1.730000  362 0.446000 
0.825000  -1.630000  363 0.446000 
0.795000  -1.490000  364 0.446000 
0.905000  -1.700000  365 0.446000 
0.825000  -1.520000  366 0.446000 
0.820000  -1.630000  367 0.446000 
0.680000  -1.410000  368 0.446000 
0.515000  -1.350000  369 0.446000 
0.825000  -1.600000  370 0.446000 
0.185000  -0.970000  371 0.446000 
0.825000  -1.680000  372 0.446000 
0.750000  -1.450000  373 0.446000 
0.810000  -1.420000  374 0.446000 
0.655000  -1.460000  375 0.446000 
0.890000  -1.680000  376 0.446000 
0.760000  -1.410000  377 0.446000 
0.820000  -1.580000  378 0.446000 
0.680000  -1.440000  379 0.446000 
0.875000  -1.700000  380 0.446000 
0.285000  -1.200000  381 0.446000 
0.905000  -1.670000  382 0.446000 
0.795000  -1.560000  383 0.446000 
0.710000  -1.420000  384 0.446000 
0.635000  -1.130000  385 0.446000 
0.470000  -1.260000  386 0.446000 
0.785000  -1.500000  387 0.446000 
0.740000  -1.370000  388 0.446000 
0.900000  -1.720000  389 0.446000 
0.855000  -1.540000  390 0.446000 
0.810000  -1.470000  391 0.446000 
0.815000  -1.550000  392 0.446000 
0.775000  -1.480000  393 0.446000 
0.825000  -1.560000  394 0.446000 
0.715000  -1.440000  395 0.446000 
0.830000  -1.470000  396 0.446000 
0.795000  -1.470000  397 0.446000 
0.650000  -1.600000  398 0.446000 
0.815000  -1.530000  399 0.446000 
0.835000  -1.530000  400 0.446000 
0.740000  -1.510000  401 0.446000 
0.715000  -1.340000  402 0.446000 
0.295000  -1.200000  403 0.446000 
0.720000  -1.500000  404 0.446000 
0.890000  -1.630000  405 0.446000 
0.510000  -1.500000  406 0.446000 
0.700000  -1.480000  407 0.446000 
0.365000  -1.330000  408 0.446000 
0.900000  -1.690000  409 0.446000 
0.865000  -1.680000  410 0.446000 
0.430000  -1.000000  411 0.446000 
0.850000  -1.510000  412 0.446000 
0.195000  -1.240000  413 0.446000 
-0.030000  -1.110000  414 0.446000 
-0.770000  -1.420000  415 0.446000 
-0.760000  -1.630000  416 0.446000 
-0.795000  -1.440000  417 0.446000 
-0.825000  -1.570000  418 0.446000 
-0.690000  -1.460000  419 0.446000 
-0.805000  -1.450000  420 0.446000 
-0.875000  -1.620000  421 0.446000 
-0.680000  -1.330000  422 0.446000 
-0.835000  -1.630000  423 0.446000 
-0.855000  -1.560000  424 0.446000 
-0.850000  -1.590000  425 0.446000 
-0.750000  -1.430000  426 0.446000 
-0.820000  -1.510000  427 0.446000 
-0.720000  -1.420000  428 0.446000 
-0.395000  -1.280000  429 0.446000 
-0.030000  -1.280000  430 0.446000 
0.615000  -1.310000  431 0.446000 
0.855000  -1.570000  432 0.446000 
0.870000  -1.610000  433 0.446000 
0.520000  -1.280000  434 0.446000 
0.735000  -1.500000  435 0.446000 
0.900000  -1.670000  436 0.446000 
0.670000  -1.460000  437 0.446000 
0.855000  -1.590000  438 0.446000 
0.865000  -1.600000  439 0.446000 
0.800000  -1.450000  440 0.446000 
0.845000  -1.550000  441 0.446000 
0.725000  -1.410000  442 0.446000 
0.645000  -1.310000  443 0.446000 
0.215000  -1.180000  444 0.446000 
0.205000  -1.250000  445 0.446000 
-0.315000  -1.230000  446 0.446000 
-0.840000  -1.590000  447 0.446000 
-0.590000  -1.290000  448 0.446000 
-0.900000  -1.680000  449 0.446000 
-0.660000  -1.390000  450 0.446000 
-0.810000  -1.550000  451 0.446000 
-0.650000  -1.340000  452 0.446000 
-0.425000  -1.430000  453 0.446000 
-0.815000  -1.510000  454 0.446000 
-0.835000  -1.600000  455 0.446000 
-0.865000  -1.630000  456 0.446000 
0.115000  -1.170000  457 0.446000 
0.870000  -1.620000  458 0.446000 
0.830000  -1.550000  459 0.446000 
0.840000  -1.540000  460 0.446000 
0.735000  -1.530000  461 0.446000 
0.895000  -1.700000  462 0.446000 
0.820000  -1.490000  463 0.446000 
0.855000  -1.590000  464 0.446000 
0.880000  -1.610000  465 0.446000 
0.670000  -1.380000  466 0.446000 
0.850000  -1.620000  467 0.446000 
0.765000  -1.490000  468 0.446000 
0.690000  -1.370000  469 0.446000 
0.855000  -1.590000  470 0.446000 
0.870000  -1.640000  471 0.446000 
0.855000  -1.580000  472 0.446000 
0.855000  -1.630000  473 0.446000 
0.565000  -1.300000  474 0.446000 
0.430000  -1.260000  475 0.446000 
0.460000  -1.240000  476 0.446000 
0.835000  -1.560000  477 0.446000 
0.835000  -1.470000  478 0.446000 
0.775000  -1.450000  479 0.446000 
0.865000  -1.580000  480 0.446000 
0.815000  -1.600000  481 0.446000 
0.735000  -1.400000  482 0.446000 
0.805000  -1.470000  483 0.446000 
0.705000  -1.320000  484 0.446000 
0.870000  -1.610000  485 0.446000 
0.730000  -1.510000  486 0.446000 
0.490000  -1.100000  487 0.446000 
0.555000  -1.310000  488 0.446000 
0.590000  -1.380000  489 0.446000 
0.895000  -1.680000  490 0.446000 
0.860000  -1.650000  491 0.446000 
0.810000  -1.490000  492 0.446000 
0.635000  -1.390000  493 0.446000 
0.775000  -1.440000  494 0.446000 
0.745000  -1.430000  495 0.446000 
0.765000  -1.440000  496 0.446000 
0.735000  -1.460000  497 0.446000 
0.790000  -1.530000  498 0.446000 
0.760000  -1.460000  499 0.446000 
0.905000  -1.730000  500 0.446000 
0.790000  -1.420000  501 0.446000 
0.900000  -1.710000  502 0.446000 
0.835000  -1.560000  503 0.446000 
0.690000  -1.400000  504 0.446000 
0.890000  -1.670000  505 0.446000 
0.785000  -1.620000  506 0.446000 
0.665000  -1.290000  507 0.446000 
0.880000  -1.640000  508 0.446000 
0.605000  -1.240000  509 0.446000 
0.900000  -1.700000  510 0.446000 
0.810000  -1.470000  511 0.446000 
0.925000  -1.740000  512 0.446000 
0.785000  -1.470000  513 0.446000 
0.810000  -1.570000  514 0.446000 
0.865000  -1.660000  515 0.446000 
0.795000  -1.530000  516 0.446000 
0.865000  -1.680000  517 0.446000 
0.475000  -1.250000  518 0.446000 
0.705000  -1.420000  519 0.446000 
0.730000  -1.500000  520 0.446000 
0.830000  -1.530000  521 0.446000 
0.775000  -1.590000  522 0.446000 
0.805000  -1.650000  523 0.446000 
0.700000  -1.470000  524 0.446000 
0.760000  -1.550000  525 0.446000 
0.745000  -1.440000  526 0.446000 
0.500000  -1.320000  527 0.446000 
0.090000  -1.190000  528 0.446000 
0.620000  -1.270000  529 0.446000 
0.785000  -1.490000  530 0.446000 
0.825000  -1.530000  531 0.446000 
0.725000  -1.350000  532 0.446000 
0.900000  -1.670000  533 0.446000 
0.705000  -1.340000  534 0.446000 
0.685000  -1.530000  535 0.446000 
0.840000  -1.600000  536 0.446000 
0.595000  -1.360000  537 0.446000 
0.735000  -1.460000  538 0.446000 
0.865000  -1.640000  539 0.446000 
0.780000  -1.520000  540 0.446000 
0.830000  -1.560000  541 0.446000 
0.805000  -1.550000  542 0.446000 
0.570000  -1.330000  543 0.446000 
0.815000  -1.520000  544 0.446000 
0.680000  -1.440000  545 0.446000 
0.790000  -1.430000  546 0.446000 
0.835000  -1.550000  547 0.446000 
0.865000  -1.610000  548 0.446000 
0.840000  -1.630000  549 0.446000 
0.770000  -1.470000  550 0.446000 
0.495000  -1.260000  551 0.446000 
0.690000  -1.430000  552 0.446000 
0.815000  -1.530000  553 0.446000 
0.890000  -1.680000  554 0.446000 
0.670000  -1.430000  555 0.446000 
0.440000  -1.230000  556 0.446000 
0.820000  -1.540000  557 0.446000 
0.460000  -1.280000  558 0.446000 
0.385000  -1.180000  559 0.446000 
0.925000  -1.760000  560 0.446000 
0.770000  -1.510000  561 0.446000 
0.540000  -1.370000  562 0.446000 
0.845000  -1.650000  563 0.446000 
0.840000  -1.540000  564 0.446000 
0.650000  -1.320000  565 0.446000 
0.845000  -1.610000  566 0.446000 
0.250000  -1.090000  567 0.446000 
0.375000  -1.410000  568 0.446000 
0.810000  -1.570000  569 0.446000 
0.835000  -1.630000  570 0.446000 
0.875000  -1.670000  571 0.446000 
0.870000  -1.650000  572 0.446000 
0.745000  -1.390000  573 0.446000 
0.690000  -1.460000  574 0.446000 
0.825000  -1.590000  575 0.446000 
0.740000  -1.400000  576 0.446000 
0.250000  -1.070000  577 0.446000 
0.770000  -1.400000  578 0.446000 
0.780000  -1.540000  579 0.446000 
0.770000  -1.510000  580 0.446000 
0.445000  -1.290000  581 0.446000 
0.775000  -1.590000  582 0.446000 
0.665000  -1.410000  583 0.446000 
0.825000  -1.530000  584 0.446000 
0.875000  -1.590000  585 0.446000 
-0.190000  -1.150000  586 0.446000 
-0.730000  -1.370000  587 0.446000 
-0.805000  -1.530000  588 0.446000 
-0.830000  -1.630000  589 0.446000 
-0.660000  -1.500000  590 0.446000 
-0.840000  -1.610000  591 0.446000 
-0.830000  -1.640000  592 0.446000 
-0.665000  -1.430000  593 0.446000 
-0.620000  -1.190000  594 0.446000 
-0.845000  -1.540000  595 0.446000 
-0.870000  -1.610000  596 0.446000 
-0.805000  -1.570000  597 0.446000 
-0.695000  -1.260000  598 0.446000 
-0.870000  -1.580000  599 0.446000 
-0.665000  -1.500000  600 0.446000 
-0.685000  -1.420000  601 0.446000 
-0.680000  -1.470000  602 0.446000 
-0.580000  -1.330000  603 0.446000 
-0.775000  -1.560000  604 0.446000 
-0.565000  -1.380000  605 0.446000 
-0.750000  -1.530000  606 0.446000 
-0.845000  -1.540000  607 0.446000 
-0.825000  -1.560000  608 0.446000 
-0.585000  -1.350000  609 0.446000 
-0.780000  -1.470000  610 0.446000 
-0.780000  -1.500000  611 0.446000 
-0.725000  -1.460000  612 0.446000 
-0.875000  -1.620000  613 0.446000 
-0.635000  -1.340000  614 0.446000 
-0.790000  -1.510000  615 0.446000 
-0.735000  -1.580000  616 0.446000 
-0.885000  -1.660000  617 0.446000 
-0.365000  -1.350000  618 0.446000 
-0.550000  -1.430000  619 0.446000 
-0.660000  -1.350000  620 0.446000 
-0.670000  -1.420000  621 0.446000 
-0.730000  -1.430000  622 0.446000 
-0.425000  -1.180000  623 0.446000 
-0.925000  -1.730000  624 0.446000 
-0.715000  -1.520000  625 0.446000 
-0.780000  -1.450000  626 0.446000 
-0.870000  -1.650000  627 0.446000 
-0.585000  -1.280000  628 0.446000 
-0.890000  -1.660000  629 0.446000 
-0.780000  -1.450000  630 0.446000 
-0.865000  -1.650000  631 0.446000 
-0.750000  -1.560000  632 0.446000 
-0.735000  -1.470000  633 0.446000 
-0.745000  -1.380000  634 0.446000 
-0.845000  -1.670000  635 0.446000 
-0.625000  -1.310000  636 0.446000 
-0.880000  -1.620000  637 0.446000 
-0.710000  -1.420000  638 0.446000 
-0.620000  -1.300000  639 0.446000 
-0.580000  -1.400000  640 0.446000 
-0.755000  -1.490000  641 0.446000 
-0.805000  -1.460000  642 0.446000 
-0.720000  -1.340000  643 0.446000 
-0.820000  -1.630000  644 0.446000 
-0.295000  -1.210000  645 0.446000 
0.170000  -1.250000  646 0.446000 
0.855000  -1.580000  647 0.446000 
0.485000  -1.180000  648 0.446000 
0.805000  -1.440000  649 0.446000 
0.665000  -1.410000  650 0.446000 
0.705000  -1.530000  651 0.446000 
0.900000  -1.700000  652 0.446000 
0.610000  -1.290000  653 0.446000 
0.665000  -1.370000  654 0.446000 
0.845000  -1.550000  655 0.446000 
0.730000  -1.400000  656 0.446000 
0.570000  -1.260000  657 0.446000 
0.840000  -1.570000  658 0.446000 
0.880000  -1.660000  659 0.446000 
0.725000  -1.450000  660 0.446000 
0.430000  -1.300000  661 0.446000 
0.080000  -1.380000  662 0.446000 
0.340000  -1.120000  663 0.446000 
0.905000  -1.720000  664 0.446000 
0.790000  -1.480000  665 0.446000 
0.830000  -1.550000  666 0.446000 
0.835000  -1.550000  667 0.446000 
0.750000  -1.440000  668 0.446000 
0.820000  -1.570000  669 0.446000 
0.845000  -1.590000  670 0.446000 
0.735000  -1.510000  671 0.446000 
0.465000  -1.120000  672 0.446000 
0.650000  -1.410000  673 0.446000 
0.755000  -1.520000  674 0.446000 
0.785000  -1.450000  675 0.446000 
0.750000  -1.440000  676 0.446000 
0.675000  -1.460000  677 0.446000 
0.615000  -1.300000  678 0.446000 
0.750000  -1.520000  679 0.446000 
-0.040000  -1.060000  680 0.446000 
0.785000  -1.500000  681 0.446000 
0.940000  -1.800000  682 0.446000 
0.780000  -1.540000  683 0.446000 
0.605000  -1.290000  684 0.446000 
0.765000  -1.440000  685 0.446000 
0.820000  -1.570000  686 0.446000 
0.840000  -1.550000  687 0.446000 
0.680000  -1.520000  688 0.446000 
0.705000  -1.440000  689 0.446000 
0.810000  -1.500000  690 0.446000 
0.820000  -1.520000  691 0.446000 
0.630000  -1.420000  692 0.446000 
0.785000  -1.530000  693 0.446000 
0.830000  -1.600000  694 0.446000 
0.845000  -1.570000  695 0.446000 
0.765000  -1.450000  696 0.446000 
0.865000  -1.570000  697 0.446000 
0.740000  -1.410000  698 0.446000 
0.915000  -1.720000  699 0.446000 
0.800000  -1.470000  700 0.446000 
0.690000  -1.330000  701 0.446000 
0.830000  -1.480000  702 0.446000 
0.700000  -1.360000  703 0.446000 
0.795000  -1.450000  704 0.446000 
0.810000  -1.470000  705 0.446000 
0.895000  -1.720000  706 0.446000 
0.245000  -1.210000  707 0.446000 
0.565000  -1.370000  708 0.446000 
0.800000  -1.580000  709 0.446000 
0.855000  -1.590000  710 0.446000 
0.690000  -1.400000  711 0.446000 
0.880000  -1.630000  712 0.446000 
0.955000  -1.820000  713 0.446000 
0.550000  -1.330000  714 0.446000 
0.810000  -1.530000  715 0.446000 
0.735000  -1.510000  716 0.446000 
0.920000  -1.740000  717 0.446000 
0.435000  -1.190000  718 0.446000 
0.845000  -1.590000  719 0.446000 
0.840000  -1.590000  720 0.446000 
0.835000  -1.500000  721 0.446000 
0.830000  -1.590000  722 0.446000 
0.750000  -1.440000  723 0.446000 
0.530000  -1.330000  724 0.446000 
0.055000  -1.390000  725 0.446000 
-0.330000  -1.340000  726 0.446000 
-0.720000  -1.370000  727 0.446000 
-0.790000  -1.430000  728 0.446000 
-0.835000  -1.630000  729 0.446000 
-0.880000  -1.680000  730 0.446000 
-0.675000  -1.420000  731 0.446000 
-0.790000  -1.540000  732 0.446000 
-0.465000  -1.410000  733 0.446000 
-0.845000  -1.620000  734 0.446000 
-0.520000  -1.310000  735 0.446000 
-0.680000  -1.290000  736 0.446000 
-0.530000  -1.440000  737 0.446000 
-0.610000  -1.460000  738 0.446000 
-0.825000  -1.490000  739 0.446000 
-0.535000  -1.470000  740 0.446000 
-0.715000  -1.480000  741 0.446000 
-0.755000  -1.410000  742 0.446000 
-0.890000  -1.630000  743 0.446000 
-0.785000  -1.520000  744 0.446000 
-0.845000  -1.620000  745 0.446000 
-0.845000  -1.490000  746 0.446000 
-0.800000  -1.560000  747 0.446000 
-0.485000  -1.250000  748 0.446000 
-0.885000  -1.650000  749 0.446000 
-0.645000  -1.360000  750 0.446000 
-0.835000  -1.570000  751 0.446000 
-0.765000  -1.400000  752 0.446000 
-0.030000  -1.150000  753 0.446000 
0.115000  -1.260000  754 0.446000 
-0.855000  -1.610000  755 0.446000 
-0.725000  -1.360000  756 0.446000 
-0.895000  -1.680000  757 0.446000 
-0.820000  -1.580000  758 0.446000 
-0.775000  -1.510000  759 0.446000 
-0.750000  -1.330000  760 0.446000 
-0.910000  -1.730000  761 0.446000 
-0.755000  -1.390000  762 0.446000 
-0.825000  -1.590000  763 0.446000 
-0.520000  -1.270000  764 0.446000 
-0.565000  -1.550000  765 0.446000 
-0.745000  -1.540000  766 0.446000 
-0.805000  -1.430000  767 0.446000 
-0.705000  -1.370000  768 0.446000 
-0.785000  -1.470000  769 0.446000 
-0.785000  -1.400000  770 0.446000 
-0.825000  -1.470000  771 0.446000 
-0.865000  -1.550000  772 0.446000 
-0.810000  -1.430000  773 0.446000 
-0.840000  -1.560000  774 0.446000 
-0.775000  -1.450000  775 0.446000 
-0.870000  -1.540000  776 0.446000 
-0.805000  -1.450000  777 0.446000 
-0.835000  -1.510000  778 0.446000 
-0.775000  -1.380000  779 0.446000 
-0.775000  -1.540000  780 0.446000 
-0.595000  -1.360000  781 0.446000 
-0.730000  -1.340000  782 0.446000 
-0.860000  -1.600000  783 0.446000 
-0.890000  -1.740000  784 0.446000 
-0.815000  -1.510000  785 0.446000 
-0.770000  -1.550000  786 0.446000 
-0.805000  -1.480000  787 0.446000 
-0.335000  -1.210000  788 0.446000 
-0.755000  -1.600000  789 0.446000 
-0.905000  -1.700000  790 0.446000 
-0.890000  -1.660000  791 0.446000 
-0.845000  -1.690000  792 0.446000 
-0.705000  -1.550000  793 0.446000 
-0.750000  -1.440000  794 0.446000 
-0.670000  -1.380000  795 0.446000 
-0.795000  -1.470000  796 0.446000 
-0.850000  -1.680000  797 0.446000 
-0.530000  -1.470000  798 0.446000 
-0.865000  -1.580000  799 0.446000 
-0.850000  -1.620000  800 0.446000 
-0.680000  -1.320000  801 0.446000 
-0.730000  -1.550000  802 0.446000 
-0.750000  -1.410000  803 0.446000 
-0.655000  -1.270000  804 0.446000 
-0.705000  -1.470000  805 0.446000 
-0.725000  -1.380000  806 0.446000 
-0.810000  -1.580000  807 0.446000 
-0.845000  -1.600000  808 0.446000 
-0.820000  -1.510000  809 0.446000 
-0.840000  -1.600000  810 0.446000 
-0.750000  -1.400000  811 0.446000 
-0.400000  -1.280000  812 0.446000 
-0.775000  -1.410000  813 0.446000 
-0.785000  -1.450000  814 0.446000 
-0.870000  -1.640000  815 0.446000 
-0.880000  -1.670000  816 0.446000 
-0.805000  -1.560000  817 0.446000 
-0.705000  -1.470000  818 0.446000 
-0.490000  -1.270000  819 0.446000 
-0.860000  -1.640000  820 0.446000 
-0.470000  -1.110000  821 0.446000 
-0.825000  -1.550000  822 0.446000 
-0.695000  -1.360000  823 0.446000 
0.000000  -1.250000  824 0.446000 
-0.825000  -1.560000  825 0.446000 
-0.885000  -1.630000  826 0.446000 
-0.835000  -1.580000  827 0.446000 
-0.535000  -1.270000  828 0.446000 
-0.855000  -1.610000  829 0.446000 
-0.845000  -1.610000  830 0.446000 
-0.755000  -1.370000  831 0.446000 
-0.340000  -1.320000  832 0.446000 
-0.755000  -1.430000  833 0.446000 
-0.885000  -1.650000  834 0.446000 
-0.810000  -1.520000  835 0.446000 
-0.880000  -1.620000  836 0.446000 
-0.775000  -1.460000  837 0.446000 
-0.865000  -1.630000  838 0.446000 
-0.700000  -1.500000  839 0.446000 
-0.780000  -1.460000  840 0.446000 
-0.865000  -1.610000  841 0.446000 
-0.855000  -1.560000  842 0.446000 
-0.910000  -1.740000  843 0.446000 
-0.900000  -1.720000  844 0.446000 
-0.810000  -1.530000  845 0.446000 
-0.860000  -1.650000  846 0.446000 
-0.630000  -1.300000  847 0.446000 
-0.685000  -1.440000  848 0.446000 
-0.880000  -1.720000  849 0.446000 
-0.645000  -1.350000  850 0.446000 
-0.775000  -1.540000  851 0.446000 
-0.750000  -1.430000  852 0.446000 
-0.290000  -1.350000  853 0.446000 
-0.905000  -1.730000  854 0.446000 
-0.885000  -1.640000  855 0.446000 
-0.655000  -1.430000  856 0.446000 
-0.650000  -1.430000  857 0.446000 
-0.900000  -1.710000  858 0.446000 
-0.835000  -1.530000  859 0.446000 
-0.700000  -1.380000  860 0.446000 
-0.710000  -1.420000  861 0.446000 
-0.855000  -1.550000  862 0.446000 
-0.900000  -1.730000  863 0.446000 
-0.830000  -1.530000  864 0.446000 
-0.845000  -1.550000  865 0.446000 
-0.680000  -1.240000  866 0.446000 
-0.675000  -1.350000  867 0.446000 
-0.850000  -1.520000  868 0.446000 
-0.575000  -1.330000  869 0.446000 
-0.300000  -1.240000  870 0.446000 
0.755000  -1.460000  871 0.446000 
0.825000  -1.520000  872 0.446000 
0.775000  -1.430000  873 0.446000 
0.820000  -1.470000  874 0.446000 
0.740000  -1.480000  875 0.446000 
0.740000  -1.440000  876 0.446000 
0.710000  -1.470000  877 0.446000 
0.695000  -1.510000  878 0.446000 
0.655000  -1.500000  879 0.446000 
0.420000  -1.240000  880 0.446000 
0.745000  -1.490000  881 0.446000 
0.735000  -1.410000  882 0.446000 
0.435000  -1.300000  883 0.446000 
0.800000  -1.580000  884 0.446000 
0.835000  -1.650000  885 0.446000 
0.890000  -1.650000  886 0.446000 
0.880000  -1.640000  887 0.446000 
0.840000  -1.530000  888 0.446000 
0.600000  -1.210000  889 0.446000 
0.695000  -1.520000  890 0.446000 
0.830000  -1.540000  891 0.446000 
0.785000  -1.410000  892 0.446000 
0.890000  -1.660000  893 0.446000 
0.720000  -1.570000  894 0.446000 
0.850000  -1.610000  895 0.446000 
0.790000  -1.500000  896 0.446000 
0.850000  -1.610000  897 0.446000 
0.865000  -1.620000  898 0.446000 
0.620000  -1.230000  899 0.446000 
0.525000  -1.270000  900 0.446000 
0.850000  -1.640000  901 0.446000 
0.825000  -1.570000  902 0.446000 
-0.025000  -1.090000  903 0.446000 
-0.860000  -1.700000  904 0.446000 
-0.805000  -1.570000  905 0.446000 
-0.570000  -1.250000  906 0.446000 
-0.715000  -1.410000  907 0.446000 
-0.685000  -1.320000  908 0.446000 
-0.825000  -1.480000  909 0.446000 
-0.880000  -1.620000  910 0.446000 
-0.775000  -1.610000  911 0.446000 
-0.810000  -1.420000  912 0.446000 
-0.875000  -1.670000  913 0.446000 
-0.880000  -1.710000  914 0.446000 
-0.810000  -1.510000  915 0.446000 
-0.760000  -1.540000  916 0.446000 
-0.830000  -1.540000  917 0.446000 
-0.815000  -1.630000  918 0.446000 
-0.735000  -1.540000  919 0.446000 
-0.790000  -1.430000  920 0.446000 
-0.210000  -1.340000  921 0.446000 
-0.900000  -1.720000  922 0.446000 
-0.835000  -1.500000  923 0.446000 
-0.840000  -1.640000  924 0.446000 
-0.720000  -1.610000  925 0.446000 
-0.820000  -1.560000  926 0.446000 
-0.810000  -1.490000  927 0.446000 
-0.700000  -1.430000  928 0.446000 
-0.685000  -1.360000  929 0.446000 
-0.860000  -1.610000  930 0.446000 
-0.760000  -1.500000  931 0.446000 
-0.820000  -1.640000  932 0.446000 
-0.655000  -1.330000  933 0.446000 
-0.805000  -1.480000  934 0.446000 
-0.775000  -1.390000  935 0.446000 
-0.730000  -1.530000  936 0.446000 
-0.905000  -1.710000  937 0.446000 
-0.740000  -1.400000  938 0.446000 
-0.835000  -1.590000  939 0.446000 
-0.810000  -1.520000  940 0.446000 
-0.890000  -1.650000  941 0.446000 
-0.685000  -1.310000  942 0.446000 
-0.655000  -1.410000  943 0.446000 
-0.780000  -1.440000  944 0.446000 
-0.810000  -1.500000  945 0.446000 
-0.395000  -1.210000  946 0.446000 
-0.210000  -1.200000  947 0.446000 
-0.445000  -1.070000  948 0.446000 
-0.565000  -1.260000  949 0.446000 
-0.465000  -1.320000  950 0.446000 
-0.580000  -1.230000  951 0.446000 
-0.510000  -1.460000  952 0.446000 
-0.445000  -1.410000  953 0.446000 
-0.895000  -1.670000  954 0.446000 
-0.860000  -1.570000  955 0.446000 
-0.885000  -1.700000  956 0.446000 
-0.830000  -1.550000  957 0.446000 
-0.610000  -1.350000  958 0.446000 
-0.715000  -1.280000  959 0.446000 
-0.745000  -1.430000  960 0.446000 
-0.550000  -1.580000  961 0.446000 
-0.815000  -1.590000  962 0.446000 
-0.830000  -1.540000  963 0.446000 
-0.805000  -1.510000  964 0.446000 
-0.770000  -1.450000  965 0.446000 
-0.800000  -1.430000  966 0.446000 
-0.505000  -1.320000  967 0.446000 
-0.770000  -1.490000  968 0.446000 
-0.805000  -1.480000  969 0.446000 
-0.860000  -1.600000  970 0.446000 
-0.580000  -1.310000  971 0.446000 
-0.710000  -1.560000  972 0.446000 
-0.130000  -1.320000  973 0.446000 
-0.850000  -1.600000  974 0.446000 
-0.635000  -1.400000  975 0.446000 
-0.780000  -1.360000  976 0.446000 
-0.775000  -1.470000  977 0.446000 
-0.825000  -1.530000  978 0.446000 
-0.860000  -1.600000  979 0.446000 
-0.895000  -1.650000  980 0.446000 
-0.590000  -1.310000  981 0.446000 
-0.860000  -1.700000  982 0.446000 
-0.915000  -1.690000  983 0.446000 
-0.805000  -1.580000  984 0.446000 
-0.830000  -1.490000  985 0.446000 
-0.670000  -1.300000  986 0.446000 
-0.610000  -1.380000  987 0.446000 
-0.715000  -1.390000  988 0.446000 
-0.830000  -1.590000  989 0.446000 
-0.595000  -1.370000  990 0.446000 
-0.600000  -1.300000  991 0.446000 
-0.865000  -1.550000  992 0.446000 
-0.665000  -1.420000  993 0.446000 
-0.765000  -1.480000  994 0.446000 
-0.835000  -1.520000  995 0.446000 
-0.770000  -1.490000  996 0.446000 
-0.745000  -1.520000  997 0.446000 
-0.570000  -1.210000  998 0.446000 
-0.895000  -1.690000  999 0.446000 
