0.180000  -1.200000  0 0.441000 
0.500000  -1.310000  1 0.441000 
0.815000  -1.550000  2 0.441000 
0.915000  -1.700000  3 0.441000 
0.520000  -1.210000  4 0.441000 
0.790000  -1.500000  5 0.441000 
0.550000  -1.210000  6 0.441000 
0.760000  -1.410000  7 0.441000 
0.825000  -1.680000  8 0.441000 
0.510000  -1.390000  9 0.441000 
0.830000  -1.580000  10 0.441000 
0.720000  -1.450000  11 0.441000 
0.745000  -1.570000  12 0.441000 
0.815000  -1.600000  13 0.441000 
0.470000  -1.320000  14 0.441000 
0.660000  -1.380000  15 0.441000 
0.795000  -1.450000  16 0.441000 
0.930000  -1.780000  17 0.441000 
0.750000  -1.400000  18 0.441000 
0.900000  -1.690000  19 0.441000 
0.815000  -1.590000  20 0.441000 
0.800000  -1.520000  21 0.441000 
0.705000  -1.460000  22 0.441000 
0.845000  -1.560000  23 0.441000 
0.810000  -1.500000  24 0.441000 
0.550000  -1.310000  25 0.441000 
0.815000  -1.470000  26 0.441000 
0.775000  -1.480000  27 0.441000 
0.835000  -1.480000  28 0.441000 
0.800000  -1.570000  29 0.441000 
0.715000  -1.240000  30 0.441000 
0.765000  -1.520000  31 0.441000 
0.600000  -1.280000  32 0.441000 
0.800000  -1.520000  33 0.441000 
0.785000  -1.550000  34 0.441000 
0.780000  -1.480000  35 0.441000 
0.880000  -1.610000  36 0.441000 
0.815000  -1.470000  37 0.441000 
0.860000  -1.590000  38 0.441000 
0.785000  -1.420000  39 0.441000 
0.540000  -1.370000  40 0.441000 
0.295000  -1.180000  41 0.441000 
-0.020000  -1.020000  42 0.441000 
-0.520000  -1.250000  43 0.441000 
-0.810000  -1.490000  44 0.441000 
-0.850000  -1.500000  45 0.441000 
-0.640000  -1.430000  46 0.441000 
-0.520000  -1.390000  47 0.441000 
-0.855000  -1.590000  48 0.441000 
-0.910000  -1.740000  49 0.441000 
-0.825000  -1.540000  50 0.441000 
-0.835000  -1.600000  51 0.441000 
-0.705000  -1.340000  52 0.441000 
-0.720000  -1.420000  53 0.441000 
-0.855000  -1.650000  54 0.441000 
-0.795000  -1.460000  55 0.441000 
-0.815000  -1.510000  56 0.441000 
-0.810000  -1.510000  57 0.441000 
-0.730000  -1.430000  58 0.441000 
-0.915000  -1.720000  59 0.441000 
-0.520000  -1.260000  60 0.441000 
-0.765000  -1.550000  61 0.441000 
-0.430000  -1.210000  62 0.441000 
-0.805000  -1.450000  63 0.441000 
-0.900000  -1.700000  64 0.441000 
-0.785000  -1.380000  65 0.441000 
-0.790000  -1.430000  66 0.441000 
-0.835000  -1.660000  67 0.441000 
-0.775000  -1.470000  68 0.441000 
-0.800000  -1.460000  69 0.441000 
-0.915000  -1.690000  70 0.441000 
-0.875000  -1.630000  71 0.441000 
-0.785000  -1.500000  72 0.441000 
-0.665000  -1.370000  73 0.441000 
-0.705000  -1.390000  74 0.441000 
-0.845000  -1.530000  75 0.441000 
-0.785000  -1.630000  76 0.441000 
-0.790000  -1.450000  77 0.441000 
-0.715000  -1.390000  78 0.441000 
-0.120000  -1.260000  79 0.441000 
-0.325000  -1.140000  80 0.441000 
-0.815000  -1.500000  81 0.441000 
-0.605000  -1.400000  82 0.441000 
-0.130000  -1.390000  83 0.441000 
-0.675000  -1.380000  84 0.441000 
-0.815000  -1.630000  85 0.441000 
-0.790000  -1.580000  86 0.441000 
-0.570000  -1.340000  87 0.441000 
-0.880000  -1.720000  88 0.441000 
-0.840000  -1.520000  89 0.441000 
-0.785000  -1.410000  90 0.441000 
-0.685000  -1.280000  91 0.441000 
-0.775000  -1.510000  92 0.441000 
-0.770000  -1.410000  93 0.441000 
-0.725000  -1.400000  94 0.441000 
-0.845000  -1.560000  95 0.441000 
-0.865000  -1.630000  96 0.441000 
-0.795000  -1.540000  97 0.441000 
-0.515000  -1.270000  98 0.441000 
-0.675000  -1.290000  99 0.441000 
-0.520000  -1.360000  100 0.441000 
-0.670000  -1.380000  101 0.441000 
-0.690000  -1.400000  102 0.441000 
-0.785000  -1.460000  103 0.441000 
-0.770000  -1.410000  104 0.441000 
-0.830000  -1.520000  105 0.441000 
-0.835000  -1.570000  106 0.441000 
-0.805000  -1.520000  107 0.441000 
-0.700000  -1.570000  108 0.441000 
-0.350000  -1.080000  109 0.441000 
0.725000  -1.480000  110 0.441000 
0.945000  -1.790000  111 0.441000 
0.725000  -1.450000  112 0.441000 
0.685000  -1.390000  113 0.441000 
0.680000  -1.410000  114 0.441000 
0.855000  -1.690000  115 0.441000 
0.470000  -1.290000  116 0.441000 
0.605000  -1.200000  117 0.441000 
0.630000  -1.320000  118 0.441000 
0.810000  -1.590000  119 0.441000 
0.845000  -1.560000  120 0.441000 
0.855000  -1.540000  121 0.441000 
0.635000  -1.380000  122 0.441000 
0.815000  -1.520000  123 0.441000 
0.760000  -1.420000  124 0.441000 
0.625000  -1.270000  125 0.441000 
0.550000  -1.360000  126 0.441000 
0.810000  -1.660000  127 0.441000 
0.725000  -1.480000  128 0.441000 
0.715000  -1.430000  129 0.441000 
0.390000  -1.360000  130 0.441000 
0.860000  -1.590000  131 0.441000 
0.610000  -1.220000  132 0.441000 
-0.310000  -1.280000  133 0.441000 
-0.845000  -1.650000  134 0.441000 
-0.360000  -1.220000  135 0.441000 
-0.385000  -1.120000  136 0.441000 
-0.850000  -1.590000  137 0.441000 
-0.710000  -1.430000  138 0.441000 
-0.055000  -1.220000  139 0.441000 
-0.140000  -1.350000  140 0.441000 
-0.430000  -1.420000  141 0.441000 
-0.180000  -1.210000  142 0.441000 
-0.730000  -1.550000  143 0.441000 
-0.565000  -1.410000  144 0.441000 
-0.555000  -1.230000  145 0.441000 
-0.720000  -1.520000  146 0.441000 
-0.665000  -1.360000  147 0.441000 
-0.805000  -1.470000  148 0.441000 
-0.765000  -1.470000  149 0.441000 
-0.700000  -1.310000  150 0.441000 
-0.815000  -1.520000  151 0.441000 
-0.890000  -1.630000  152 0.441000 
-0.855000  -1.580000  153 0.441000 
-0.670000  -1.430000  154 0.441000 
-0.590000  -1.460000  155 0.441000 
-0.875000  -1.620000  156 0.441000 
-0.415000  -1.320000  157 0.441000 
-0.830000  -1.520000  158 0.441000 
-0.845000  -1.570000  159 0.441000 
-0.735000  -1.470000  160 0.441000 
-0.700000  -1.460000  161 0.441000 
-0.625000  -1.310000  162 0.441000 
-0.900000  -1.700000  163 0.441000 
-0.875000  -1.650000  164 0.441000 
-0.860000  -1.670000  165 0.441000 
-0.870000  -1.670000  166 0.441000 
-0.550000  -1.140000  167 0.441000 
-0.690000  -1.420000  168 0.441000 
-0.765000  -1.550000  169 0.441000 
-0.765000  -1.680000  170 0.441000 
-0.840000  -1.570000  171 0.441000 
-0.735000  -1.370000  172 0.441000 
-0.215000  -1.380000  173 0.441000 
-0.730000  -1.380000  174 0.441000 
-0.885000  -1.640000  175 0.441000 
-0.815000  -1.480000  176 0.441000 
-0.890000  -1.650000  177 0.441000 
-0.660000  -1.400000  178 0.441000 
-0.715000  -1.380000  179 0.441000 
-0.825000  -1.500000  180 0.441000 
-0.775000  -1.490000  181 0.441000 
-0.910000  -1.700000  182 0.441000 
-0.780000  -1.420000  183 0.441000 
-0.565000  -1.500000  184 0.441000 
-0.510000  -1.230000  185 0.441000 
-0.890000  -1.620000  186 0.441000 
-0.695000  -1.580000  187 0.441000 
-0.870000  -1.620000  188 0.441000 
-0.880000  -1.690000  189 0.441000 
-0.760000  -1.470000  190 0.441000 
-0.905000  -1.690000  191 0.441000 
-0.735000  -1.480000  192 0.441000 
-0.315000  -1.220000  193 0.441000 
-0.680000  -1.420000  194 0.441000 
-0.770000  -1.350000  195 0.441000 
-0.880000  -1.640000  196 0.441000 
-0.860000  -1.610000  197 0.441000 
0.050000  -1.330000  198 0.441000 
-0.740000  -1.450000  199 0.441000 
-0.800000  -1.490000  200 0.441000 
-0.895000  -1.700000  201 0.441000 
-0.520000  -1.260000  202 0.441000 
-0.830000  -1.610000  203 0.441000 
-0.800000  -1.490000  204 0.441000 
-0.730000  -1.410000  205 0.441000 
-0.815000  -1.500000  206 0.441000 
-0.875000  -1.620000  207 0.441000 
-0.800000  -1.540000  208 0.441000 
-0.690000  -1.450000  209 0.441000 
-0.775000  -1.420000  210 0.441000 
-0.860000  -1.570000  211 0.441000 
-0.285000  -1.250000  212 0.441000 
0.320000  -1.180000  213 0.441000 
-0.105000  -1.320000  214 0.441000 
-0.530000  -1.210000  215 0.441000 
-0.725000  -1.440000  216 0.441000 
-0.845000  -1.610000  217 0.441000 
-0.855000  -1.590000  218 0.441000 
-0.755000  -1.400000  219 0.441000 
-0.295000  -1.130000  220 0.441000 
-0.535000  -1.350000  221 0.441000 
-0.860000  -1.550000  222 0.441000 
-0.900000  -1.700000  223 0.441000 
-0.710000  -1.410000  224 0.441000 
-0.815000  -1.540000  225 0.441000 
-0.890000  -1.620000  226 0.441000 
-0.795000  -1.470000  227 0.441000 
-0.955000  -1.820000  228 0.441000 
-0.800000  -1.510000  229 0.441000 
-0.825000  -1.590000  230 0.441000 
-0.420000  -1.270000  231 0.441000 
-0.800000  -1.520000  232 0.441000 
-0.610000  -1.540000  233 0.441000 
-0.375000  -1.320000  234 0.441000 
-0.780000  -1.470000  235 0.441000 
-0.785000  -1.560000  236 0.441000 
-0.830000  -1.510000  237 0.441000 
-0.770000  -1.430000  238 0.441000 
-0.845000  -1.610000  239 0.441000 
-0.785000  -1.430000  240 0.441000 
-0.685000  -1.420000  241 0.441000 
-0.770000  -1.480000  242 0.441000 
-0.760000  -1.480000  243 0.441000 
-0.900000  -1.720000  244 0.441000 
-0.690000  -1.440000  245 0.441000 
-0.865000  -1.670000  246 0.441000 
-0.810000  -1.440000  247 0.441000 
-0.580000  -1.450000  248 0.441000 
-0.205000  -1.100000  249 0.441000 
0.470000  -1.250000  250 0.441000 
0.710000  -1.370000  251 0.441000 
0.815000  -1.560000  252 0.441000 
0.720000  -1.510000  253 0.441000 
0.730000  -1.550000  254 0.441000 
0.700000  -1.390000  255 0.441000 
0.495000  -1.310000  256 0.441000 
0.760000  -1.470000  257 0.441000 
0.175000  -1.220000  258 0.441000 
-0.160000  -1.190000  259 0.441000 
-0.805000  -1.470000  260 0.441000 
-0.720000  -1.370000  261 0.441000 
-0.880000  -1.600000  262 0.441000 
-0.690000  -1.370000  263 0.441000 
-0.535000  -1.270000  264 0.441000 
-0.830000  -1.660000  265 0.441000 
-0.740000  -1.420000  266 0.441000 
-0.930000  -1.740000  267 0.441000 
-0.715000  -1.420000  268 0.441000 
-0.825000  -1.580000  269 0.441000 
-0.820000  -1.500000  270 0.441000 
-0.555000  -1.370000  271 0.441000 
-0.755000  -1.460000  272 0.441000 
-0.670000  -1.270000  273 0.441000 
-0.665000  -1.350000  274 0.441000 
-0.930000  -1.740000  275 0.441000 
-0.605000  -1.570000  276 0.441000 
-0.825000  -1.490000  277 0.441000 
-0.790000  -1.590000  278 0.441000 
-0.760000  -1.420000  279 0.441000 
-0.815000  -1.550000  280 0.441000 
-0.650000  -1.260000  281 0.441000 
-0.705000  -1.440000  282 0.441000 
-0.670000  -1.460000  283 0.441000 
-0.510000  -1.070000  284 0.441000 
-0.835000  -1.500000  285 0.441000 
-0.740000  -1.560000  286 0.441000 
-0.725000  -1.290000  287 0.441000 
-0.800000  -1.550000  288 0.441000 
-0.805000  -1.510000  289 0.441000 
-0.770000  -1.600000  290 0.441000 
-0.750000  -1.370000  291 0.441000 
-0.695000  -1.350000  292 0.441000 
-0.815000  -1.540000  293 0.441000 
-0.365000  -1.310000  294 0.441000 
-0.645000  -1.270000  295 0.441000 
-0.675000  -1.430000  296 0.441000 
-0.780000  -1.530000  297 0.441000 
-0.615000  -1.310000  298 0.441000 
-0.495000  -1.270000  299 0.441000 
-0.550000  -1.150000  300 0.441000 
-0.880000  -1.650000  301 0.441000 
-0.675000  -1.300000  302 0.441000 
-0.525000  -1.380000  303 0.441000 
-0.715000  -1.400000  304 0.441000 
-0.690000  -1.410000  305 0.441000 
-0.815000  -1.450000  306 0.441000 
-0.855000  -1.670000  307 0.441000 
-0.645000  -1.340000  308 0.441000 
-0.565000  -1.420000  309 0.441000 
-0.620000  -1.300000  310 0.441000 
-0.765000  -1.420000  311 0.441000 
-0.700000  -1.270000  312 0.441000 
-0.495000  -1.200000  313 0.441000 
-0.585000  -1.400000  314 0.441000 
-0.810000  -1.460000  315 0.441000 
-0.675000  -1.400000  316 0.441000 
-0.810000  -1.530000  317 0.441000 
-0.740000  -1.430000  318 0.441000 
-0.730000  -1.430000  319 0.441000 
-0.805000  -1.480000  320 0.441000 
-0.705000  -1.280000  321 0.441000 
-0.445000  -1.160000  322 0.441000 
-0.425000  -1.340000  323 0.441000 
-0.755000  -1.440000  324 0.441000 
-0.660000  -1.360000  325 0.441000 
-0.115000  -1.210000  326 0.441000 
-0.405000  -1.300000  327 0.441000 
-0.830000  -1.540000  328 0.441000 
-0.575000  -1.300000  329 0.441000 
-0.440000  -1.200000  330 0.441000 
-0.430000  -1.180000  331 0.441000 
-0.300000  -1.170000  332 0.441000 
-0.740000  -1.480000  333 0.441000 
-0.870000  -1.610000  334 0.441000 
-0.680000  -1.440000  335 0.441000 
-0.900000  -1.690000  336 0.441000 
-0.945000  -1.810000  337 0.441000 
-0.655000  -1.420000  338 0.441000 
-0.750000  -1.370000  339 0.441000 
-0.210000  -1.180000  340 0.441000 
0.640000  -1.330000  341 0.441000 
0.625000  -1.380000  342 0.441000 
0.615000  -1.380000  343 0.441000 
0.775000  -1.470000  344 0.441000 
0.825000  -1.570000  345 0.441000 
0.760000  -1.460000  346 0.441000 
0.580000  -1.310000  347 0.441000 
0.740000  -1.370000  348 0.441000 
0.525000  -1.210000  349 0.441000 
-0.230000  -1.300000  350 0.441000 
0.100000  -1.350000  351 0.441000 
-0.820000  -1.490000  352 0.441000 
-0.575000  -1.230000  353 0.441000 
-0.810000  -1.550000  354 0.441000 
-0.675000  -1.470000  355 0.441000 
-0.860000  -1.560000  356 0.441000 
-0.720000  -1.450000  357 0.441000 
-0.215000  -1.270000  358 0.441000 
0.820000  -1.620000  359 0.441000 
0.720000  -1.380000  360 0.441000 
0.870000  -1.630000  361 0.441000 
0.700000  -1.390000  362 0.441000 
0.725000  -1.460000  363 0.441000 
0.900000  -1.680000  364 0.441000 
0.835000  -1.600000  365 0.441000 
0.825000  -1.540000  366 0.441000 
0.890000  -1.680000  367 0.441000 
0.830000  -1.590000  368 0.441000 
0.805000  -1.530000  369 0.441000 
0.595000  -1.250000  370 0.441000 
0.685000  -1.390000  371 0.441000 
0.620000  -1.490000  372 0.441000 
0.550000  -1.190000  373 0.441000 
0.750000  -1.470000  374 0.441000 
0.145000  -1.190000  375 0.441000 
0.855000  -1.540000  376 0.441000 
0.410000  -1.160000  377 0.441000 
0.710000  -1.500000  378 0.441000 
0.870000  -1.600000  379 0.441000 
0.780000  -1.390000  380 0.441000 
0.750000  -1.390000  381 0.441000 
0.820000  -1.540000  382 0.441000 
0.720000  -1.500000  383 0.441000 
0.880000  -1.700000  384 0.441000 
0.785000  -1.520000  385 0.441000 
0.815000  -1.550000  386 0.441000 
0.725000  -1.360000  387 0.441000 
0.795000  -1.440000  388 0.441000 
0.860000  -1.580000  389 0.441000 
0.410000  -1.170000  390 0.441000 
-0.445000  -1.110000  391 0.441000 
-0.825000  -1.490000  392 0.441000 
-0.195000  -1.210000  393 0.441000 
-0.015000  -1.190000  394 0.441000 
-0.110000  -1.080000  395 0.441000 
0.250000  -1.280000  396 0.441000 
0.605000  -1.340000  397 0.441000 
0.640000  -1.360000  398 0.441000 
0.750000  -1.540000  399 0.441000 
0.710000  -1.350000  400 0.441000 
0.755000  -1.450000  401 0.441000 
0.695000  -1.320000  402 0.441000 
-0.025000  -1.340000  403 0.441000 
-0.780000  -1.450000  404 0.441000 
-0.820000  -1.530000  405 0.441000 
-0.785000  -1.570000  406 0.441000 
-0.830000  -1.470000  407 0.441000 
-0.580000  -1.200000  408 0.441000 
-0.770000  -1.540000  409 0.441000 
-0.875000  -1.580000  410 0.441000 
-0.625000  -1.390000  411 0.441000 
-0.825000  -1.530000  412 0.441000 
-0.805000  -1.520000  413 0.441000 
-0.740000  -1.500000  414 0.441000 
-0.865000  -1.600000  415 0.441000 
-0.740000  -1.490000  416 0.441000 
-0.790000  -1.560000  417 0.441000 
-0.620000  -1.340000  418 0.441000 
-0.810000  -1.530000  419 0.441000 
-0.750000  -1.360000  420 0.441000 
-0.900000  -1.660000  421 0.441000 
-0.715000  -1.410000  422 0.441000 
-0.640000  -1.440000  423 0.441000 
-0.785000  -1.550000  424 0.441000 
-0.760000  -1.410000  425 0.441000 
-0.795000  -1.530000  426 0.441000 
-0.865000  -1.590000  427 0.441000 
-0.825000  -1.540000  428 0.441000 
-0.850000  -1.570000  429 0.441000 
-0.765000  -1.490000  430 0.441000 
-0.815000  -1.510000  431 0.441000 
-0.765000  -1.480000  432 0.441000 
-0.595000  -1.310000  433 0.441000 
-0.760000  -1.370000  434 0.441000 
-0.815000  -1.460000  435 0.441000 
-0.930000  -1.790000  436 0.441000 
-0.850000  -1.570000  437 0.441000 
-0.775000  -1.460000  438 0.441000 
-0.785000  -1.410000  439 0.441000 
-0.710000  -1.480000  440 0.441000 
-0.800000  -1.500000  441 0.441000 
-0.545000  -1.420000  442 0.441000 
-0.210000  -1.140000  443 0.441000 
0.510000  -1.320000  444 0.441000 
0.885000  -1.720000  445 0.441000 
0.780000  -1.480000  446 0.441000 
0.775000  -1.530000  447 0.441000 
0.765000  -1.520000  448 0.441000 
0.865000  -1.670000  449 0.441000 
0.795000  -1.600000  450 0.441000 
0.670000  -1.420000  451 0.441000 
0.720000  -1.420000  452 0.441000 
0.325000  -1.260000  453 0.441000 
0.750000  -1.560000  454 0.441000 
0.800000  -1.540000  455 0.441000 
0.145000  -1.160000  456 0.441000 
-0.090000  -1.120000  457 0.441000 
-0.765000  -1.490000  458 0.441000 
-0.800000  -1.570000  459 0.441000 
-0.890000  -1.630000  460 0.441000 
-0.700000  -1.320000  461 0.441000 
-0.775000  -1.430000  462 0.441000 
-0.785000  -1.420000  463 0.441000 
-0.500000  -1.160000  464 0.441000 
-0.390000  -1.360000  465 0.441000 
-0.430000  -1.210000  466 0.441000 
0.260000  -1.150000  467 0.441000 
0.835000  -1.500000  468 0.441000 
0.680000  -1.180000  469 0.441000 
0.725000  -1.450000  470 0.441000 
0.795000  -1.410000  471 0.441000 
0.785000  -1.500000  472 0.441000 
0.790000  -1.600000  473 0.441000 
0.820000  -1.560000  474 0.441000 
0.690000  -1.320000  475 0.441000 
0.635000  -1.540000  476 0.441000 
0.785000  -1.550000  477 0.441000 
0.620000  -1.320000  478 0.441000 
0.720000  -1.360000  479 0.441000 
0.570000  -1.360000  480 0.441000 
0.690000  -1.320000  481 0.441000 
0.735000  -1.440000  482 0.441000 
0.650000  -1.320000  483 0.441000 
0.625000  -1.340000  484 0.441000 
0.900000  -1.680000  485 0.441000 
0.685000  -1.320000  486 0.441000 
0.785000  -1.510000  487 0.441000 
0.850000  -1.570000  488 0.441000 
0.855000  -1.610000  489 0.441000 
0.555000  -1.360000  490 0.441000 
0.775000  -1.460000  491 0.441000 
0.835000  -1.600000  492 0.441000 
0.850000  -1.590000  493 0.441000 
0.665000  -1.230000  494 0.441000 
0.690000  -1.380000  495 0.441000 
0.865000  -1.540000  496 0.441000 
0.580000  -1.350000  497 0.441000 
0.700000  -1.410000  498 0.441000 
0.650000  -1.440000  499 0.441000 
0.455000  -1.320000  500 0.441000 
0.180000  -1.220000  501 0.441000 
0.450000  -1.290000  502 0.441000 
0.480000  -1.130000  503 0.441000 
0.685000  -1.430000  504 0.441000 
0.825000  -1.540000  505 0.441000 
0.840000  -1.620000  506 0.441000 
0.805000  -1.470000  507 0.441000 
0.380000  -1.070000  508 0.441000 
0.485000  -1.240000  509 0.441000 
0.565000  -1.390000  510 0.441000 
0.475000  -1.310000  511 0.441000 
0.780000  -1.390000  512 0.441000 
0.820000  -1.560000  513 0.441000 
0.540000  -1.300000  514 0.441000 
0.655000  -1.300000  515 0.441000 
0.800000  -1.490000  516 0.441000 
0.775000  -1.410000  517 0.441000 
0.800000  -1.560000  518 0.441000 
0.865000  -1.640000  519 0.441000 
0.800000  -1.530000  520 0.441000 
0.685000  -1.330000  521 0.441000 
0.675000  -1.370000  522 0.441000 
0.780000  -1.450000  523 0.441000 
0.725000  -1.470000  524 0.441000 
-0.035000  -1.400000  525 0.441000 
-0.395000  -1.110000  526 0.441000 
-0.710000  -1.440000  527 0.441000 
-0.635000  -1.360000  528 0.441000 
-0.845000  -1.620000  529 0.441000 
-0.630000  -1.320000  530 0.441000 
-0.875000  -1.600000  531 0.441000 
-0.850000  -1.530000  532 0.441000 
-0.215000  -1.010000  533 0.441000 
-0.115000  -1.300000  534 0.441000 
0.900000  -1.680000  535 0.441000 
0.855000  -1.600000  536 0.441000 
0.770000  -1.480000  537 0.441000 
0.740000  -1.490000  538 0.441000 
0.830000  -1.650000  539 0.441000 
0.890000  -1.640000  540 0.441000 
0.770000  -1.430000  541 0.441000 
0.860000  -1.600000  542 0.441000 
0.900000  -1.690000  543 0.441000 
0.815000  -1.640000  544 0.441000 
0.855000  -1.620000  545 0.441000 
0.625000  -1.260000  546 0.441000 
0.755000  -1.420000  547 0.441000 
0.535000  -1.330000  548 0.441000 
0.890000  -1.620000  549 0.441000 
0.840000  -1.650000  550 0.441000 
0.800000  -1.510000  551 0.441000 
0.695000  -1.430000  552 0.441000 
0.905000  -1.670000  553 0.441000 
0.655000  -1.350000  554 0.441000 
0.790000  -1.390000  555 0.441000 
0.875000  -1.630000  556 0.441000 
0.880000  -1.580000  557 0.441000 
0.905000  -1.650000  558 0.441000 
0.705000  -1.440000  559 0.441000 
0.805000  -1.550000  560 0.441000 
0.885000  -1.670000  561 0.441000 
0.845000  -1.550000  562 0.441000 
0.755000  -1.520000  563 0.441000 
0.805000  -1.510000  564 0.441000 
0.720000  -1.390000  565 0.441000 
0.660000  -1.450000  566 0.441000 
0.675000  -1.270000  567 0.441000 
0.340000  -1.270000  568 0.441000 
0.755000  -1.450000  569 0.441000 
0.810000  -1.500000  570 0.441000 
0.780000  -1.490000  571 0.441000 
0.450000  -1.160000  572 0.441000 
0.865000  -1.600000  573 0.441000 
0.840000  -1.550000  574 0.441000 
0.900000  -1.700000  575 0.441000 
0.340000  -1.040000  576 0.441000 
0.745000  -1.500000  577 0.441000 
0.760000  -1.360000  578 0.441000 
0.425000  -1.330000  579 0.441000 
0.895000  -1.640000  580 0.441000 
0.815000  -1.480000  581 0.441000 
0.865000  -1.600000  582 0.441000 
0.650000  -1.320000  583 0.441000 
0.890000  -1.630000  584 0.441000 
0.820000  -1.570000  585 0.441000 
0.885000  -1.630000  586 0.441000 
0.785000  -1.460000  587 0.441000 
0.850000  -1.530000  588 0.441000 
0.615000  -1.300000  589 0.441000 
0.820000  -1.480000  590 0.441000 
0.595000  -1.240000  591 0.441000 
0.740000  -1.530000  592 0.441000 
0.655000  -1.520000  593 0.441000 
0.595000  -1.220000  594 0.441000 
0.845000  -1.500000  595 0.441000 
0.785000  -1.410000  596 0.441000 
0.765000  -1.450000  597 0.441000 
0.820000  -1.510000  598 0.441000 
0.740000  -1.420000  599 0.441000 
0.895000  -1.690000  600 0.441000 
0.830000  -1.560000  601 0.441000 
0.575000  -1.240000  602 0.441000 
0.750000  -1.370000  603 0.441000 
0.850000  -1.590000  604 0.441000 
0.800000  -1.550000  605 0.441000 
0.600000  -1.320000  606 0.441000 
0.890000  -1.660000  607 0.441000 
0.765000  -1.460000  608 0.441000 
0.785000  -1.490000  609 0.441000 
0.765000  -1.380000  610 0.441000 
0.770000  -1.500000  611 0.441000 
0.640000  -1.380000  612 0.441000 
0.750000  -1.590000  613 0.441000 
0.725000  -1.360000  614 0.441000 
0.840000  -1.530000  615 0.441000 
0.445000  -1.280000  616 0.441000 
0.385000  -1.090000  617 0.441000 
0.835000  -1.590000  618 0.441000 
0.870000  -1.610000  619 0.441000 
0.725000  -1.470000  620 0.441000 
0.805000  -1.530000  621 0.441000 
0.695000  -1.260000  622 0.441000 
0.485000  -1.350000  623 0.441000 
0.750000  -1.500000  624 0.441000 
0.870000  -1.600000  625 0.441000 
0.785000  -1.450000  626 0.441000 
0.780000  -1.600000  627 0.441000 
0.660000  -1.540000  628 0.441000 
0.875000  -1.670000  629 0.441000 
0.580000  -1.360000  630 0.441000 
0.535000  -1.160000  631 0.441000 
0.830000  -1.590000  632 0.441000 
0.755000  -1.360000  633 0.441000 
0.750000  -1.460000  634 0.441000 
0.880000  -1.640000  635 0.441000 
0.620000  -1.320000  636 0.441000 
0.750000  -1.530000  637 0.441000 
0.600000  -1.580000  638 0.441000 
0.790000  -1.440000  639 0.441000 
0.420000  -1.390000  640 0.441000 
0.800000  -1.510000  641 0.441000 
0.405000  -1.150000  642 0.441000 
0.870000  -1.670000  643 0.441000 
0.875000  -1.690000  644 0.441000 
0.755000  -1.500000  645 0.441000 
0.775000  -1.410000  646 0.441000 
0.765000  -1.370000  647 0.441000 
0.540000  -1.230000  648 0.441000 
0.655000  -1.470000  649 0.441000 
0.650000  -1.380000  650 0.441000 
0.840000  -1.570000  651 0.441000 
0.925000  -1.760000  652 0.441000 
0.690000  -1.420000  653 0.441000 
0.550000  -1.450000  654 0.441000 
0.545000  -1.400000  655 0.441000 
0.675000  -1.330000  656 0.441000 
0.795000  -1.540000  657 0.441000 
0.680000  -1.570000  658 0.441000 
0.640000  -1.280000  659 0.441000 
0.060000  -1.200000  660 0.441000 
-0.600000  -1.370000  661 0.441000 
-0.740000  -1.390000  662 0.441000 
-0.835000  -1.590000  663 0.441000 
-0.795000  -1.440000  664 0.441000 
-0.700000  -1.520000  665 0.441000 
-0.670000  -1.380000  666 0.441000 
-0.910000  -1.690000  667 0.441000 
-0.550000  -1.410000  668 0.441000 
-0.535000  -1.250000  669 0.441000 
-0.720000  -1.320000  670 0.441000 
-0.560000  -1.240000  671 0.441000 
-0.740000  -1.540000  672 0.441000 
-0.270000  -1.120000  673 0.441000 
-0.610000  -1.450000  674 0.441000 
-0.735000  -1.450000  675 0.441000 
-0.560000  -1.260000  676 0.441000 
-0.420000  -1.270000  677 0.441000 
-0.205000  -1.340000  678 0.441000 
0.780000  -1.490000  679 0.441000 
0.170000  -1.330000  680 0.441000 
-0.915000  -1.740000  681 0.441000 
-0.725000  -1.420000  682 0.441000 
-0.835000  -1.560000  683 0.441000 
-0.870000  -1.650000  684 0.441000 
-0.820000  -1.550000  685 0.441000 
-0.800000  -1.450000  686 0.441000 
-0.925000  -1.740000  687 0.441000 
-0.845000  -1.580000  688 0.441000 
-0.835000  -1.530000  689 0.441000 
-0.560000  -1.270000  690 0.441000 
-0.625000  -1.290000  691 0.441000 
-0.740000  -1.330000  692 0.441000 
-0.790000  -1.490000  693 0.441000 
-0.795000  -1.610000  694 0.441000 
-0.730000  -1.450000  695 0.441000 
-0.825000  -1.490000  696 0.441000 
-0.460000  -1.150000  697 0.441000 
-0.555000  -1.230000  698 0.441000 
-0.665000  -1.340000  699 0.441000 
-0.820000  -1.590000  700 0.441000 
-0.800000  -1.530000  701 0.441000 
-0.765000  -1.420000  702 0.441000 
-0.780000  -1.530000  703 0.441000 
-0.755000  -1.410000  704 0.441000 
-0.825000  -1.520000  705 0.441000 
-0.825000  -1.580000  706 0.441000 
-0.770000  -1.440000  707 0.441000 
-0.775000  -1.550000  708 0.441000 
-0.800000  -1.510000  709 0.441000 
-0.815000  -1.480000  710 0.441000 
-0.790000  -1.450000  711 0.441000 
-0.835000  -1.610000  712 0.441000 
-0.655000  -1.290000  713 0.441000 
-0.810000  -1.640000  714 0.441000 
-0.765000  -1.440000  715 0.441000 
-0.500000  -1.260000  716 0.441000 
-0.200000  -1.340000  717 0.441000 
-0.540000  -1.320000  718 0.441000 
-0.810000  -1.460000  719 0.441000 
-0.800000  -1.430000  720 0.441000 
-0.490000  -1.420000  721 0.441000 
-0.600000  -1.280000  722 0.441000 
-0.860000  -1.580000  723 0.441000 
0.295000  -1.120000  724 0.441000 
0.625000  -1.300000  725 0.441000 
0.835000  -1.490000  726 0.441000 
0.655000  -1.330000  727 0.441000 
0.905000  -1.690000  728 0.441000 
0.620000  -1.460000  729 0.441000 
0.730000  -1.420000  730 0.441000 
0.770000  -1.530000  731 0.441000 
0.930000  -1.780000  732 0.441000 
0.640000  -1.450000  733 0.441000 
0.655000  -1.390000  734 0.441000 
0.700000  -1.420000  735 0.441000 
0.420000  -1.220000  736 0.441000 
0.720000  -1.430000  737 0.441000 
0.680000  -1.360000  738 0.441000 
0.795000  -1.510000  739 0.441000 
0.565000  -1.280000  740 0.441000 
0.770000  -1.520000  741 0.441000 
0.800000  -1.640000  742 0.441000 
0.715000  -1.470000  743 0.441000 
0.810000  -1.550000  744 0.441000 
0.530000  -1.390000  745 0.441000 
0.760000  -1.580000  746 0.441000 
0.835000  -1.610000  747 0.441000 
0.820000  -1.580000  748 0.441000 
0.870000  -1.620000  749 0.441000 
0.780000  -1.430000  750 0.441000 
0.790000  -1.460000  751 0.441000 
0.480000  -1.150000  752 0.441000 
0.725000  -1.410000  753 0.441000 
0.920000  -1.740000  754 0.441000 
0.725000  -1.480000  755 0.441000 
0.860000  -1.570000  756 0.441000 
0.845000  -1.600000  757 0.441000 
0.420000  -1.300000  758 0.441000 
0.795000  -1.520000  759 0.441000 
0.570000  -1.390000  760 0.441000 
0.855000  -1.570000  761 0.441000 
0.610000  -1.220000  762 0.441000 
0.695000  -1.340000  763 0.441000 
0.740000  -1.380000  764 0.441000 
0.555000  -1.110000  765 0.441000 
0.745000  -1.520000  766 0.441000 
0.600000  -1.320000  767 0.441000 
0.775000  -1.570000  768 0.441000 
0.745000  -1.370000  769 0.441000 
0.840000  -1.580000  770 0.441000 
0.740000  -1.560000  771 0.441000 
0.810000  -1.550000  772 0.441000 
0.175000  -1.150000  773 0.441000 
-0.205000  -1.380000  774 0.441000 
-0.035000  -1.310000  775 0.441000 
0.755000  -1.460000  776 0.441000 
0.790000  -1.530000  777 0.441000 
0.670000  -1.290000  778 0.441000 
0.600000  -1.340000  779 0.441000 
-0.375000  -1.170000  780 0.441000 
-0.685000  -1.440000  781 0.441000 
-0.815000  -1.550000  782 0.441000 
-0.925000  -1.790000  783 0.441000 
-0.795000  -1.520000  784 0.441000 
-0.745000  -1.480000  785 0.441000 
-0.910000  -1.720000  786 0.441000 
-0.700000  -1.310000  787 0.441000 
-0.500000  -1.370000  788 0.441000 
-0.885000  -1.640000  789 0.441000 
-0.600000  -1.270000  790 0.441000 
-0.850000  -1.550000  791 0.441000 
-0.570000  -1.390000  792 0.441000 
-0.690000  -1.340000  793 0.441000 
-0.855000  -1.580000  794 0.441000 
-0.650000  -1.430000  795 0.441000 
-0.635000  -1.210000  796 0.441000 
-0.275000  -1.340000  797 0.441000 
-0.685000  -1.280000  798 0.441000 
-0.850000  -1.510000  799 0.441000 
-0.485000  -1.220000  800 0.441000 
-0.810000  -1.530000  801 0.441000 
-0.250000  -1.170000  802 0.441000 
-0.325000  -1.310000  803 0.441000 
-0.825000  -1.500000  804 0.441000 
-0.860000  -1.630000  805 0.441000 
0.075000  -1.290000  806 0.441000 
0.725000  -1.420000  807 0.441000 
0.835000  -1.540000  808 0.441000 
0.825000  -1.420000  809 0.441000 
0.780000  -1.520000  810 0.441000 
0.630000  -1.420000  811 0.441000 
0.870000  -1.550000  812 0.441000 
0.640000  -1.350000  813 0.441000 
0.800000  -1.500000  814 0.441000 
0.725000  -1.350000  815 0.441000 
0.860000  -1.540000  816 0.441000 
0.185000  -1.370000  817 0.441000 
0.160000  -1.350000  818 0.441000 
0.045000  -1.260000  819 0.441000 
-0.545000  -1.370000  820 0.441000 
-0.845000  -1.610000  821 0.441000 
-0.880000  -1.640000  822 0.441000 
-0.620000  -1.340000  823 0.441000 
-0.835000  -1.610000  824 0.441000 
-0.895000  -1.650000  825 0.441000 
-0.635000  -1.350000  826 0.441000 
0.020000  -1.310000  827 0.441000 
0.595000  -1.480000  828 0.441000 
0.735000  -1.490000  829 0.441000 
0.710000  -1.420000  830 0.441000 
0.695000  -1.420000  831 0.441000 
0.835000  -1.520000  832 0.441000 
0.815000  -1.530000  833 0.441000 
0.730000  -1.560000  834 0.441000 
0.750000  -1.380000  835 0.441000 
0.665000  -1.420000  836 0.441000 
0.540000  -1.280000  837 0.441000 
-0.685000  -1.330000  838 0.441000 
-0.730000  -1.390000  839 0.441000 
-0.700000  -1.310000  840 0.441000 
-0.860000  -1.660000  841 0.441000 
-0.860000  -1.560000  842 0.441000 
-0.810000  -1.480000  843 0.441000 
-0.700000  -1.310000  844 0.441000 
-0.885000  -1.590000  845 0.441000 
-0.835000  -1.500000  846 0.441000 
-0.740000  -1.590000  847 0.441000 
-0.520000  -1.420000  848 0.441000 
-0.790000  -1.460000  849 0.441000 
-0.820000  -1.550000  850 0.441000 
-0.840000  -1.560000  851 0.441000 
-0.580000  -1.390000  852 0.441000 
-0.810000  -1.500000  853 0.441000 
-0.830000  -1.570000  854 0.441000 
-0.795000  -1.480000  855 0.441000 
-0.790000  -1.540000  856 0.441000 
-0.750000  -1.500000  857 0.441000 
-0.785000  -1.470000  858 0.441000 
-0.765000  -1.390000  859 0.441000 
-0.890000  -1.660000  860 0.441000 
-0.710000  -1.400000  861 0.441000 
-0.765000  -1.450000  862 0.441000 
-0.735000  -1.330000  863 0.441000 
-0.765000  -1.540000  864 0.441000 
-0.825000  -1.550000  865 0.441000 
-0.730000  -1.550000  866 0.441000 
-0.795000  -1.500000  867 0.441000 
-0.845000  -1.620000  868 0.441000 
-0.745000  -1.440000  869 0.441000 
-0.630000  -1.440000  870 0.441000 
-0.745000  -1.480000  871 0.441000 
-0.825000  -1.610000  872 0.441000 
-0.470000  -1.290000  873 0.441000 
-0.810000  -1.650000  874 0.441000 
-0.810000  -1.540000  875 0.441000 
-0.720000  -1.570000  876 0.441000 
-0.840000  -1.580000  877 0.441000 
-0.670000  -1.440000  878 0.441000 
-0.740000  -1.450000  879 0.441000 
-0.825000  -1.520000  880 0.441000 
-0.295000  -1.450000  881 0.441000 
-0.800000  -1.460000  882 0.441000 
-0.785000  -1.570000  883 0.441000 
-0.730000  -1.490000  884 0.441000 
-0.735000  -1.350000  885 0.441000 
-0.865000  -1.610000  886 0.441000 
-0.785000  -1.510000  887 0.441000 
-0.840000  -1.530000  888 0.441000 
-0.755000  -1.370000  889 0.441000 
-0.805000  -1.520000  890 0.441000 
-0.765000  -1.440000  891 0.441000 
-0.585000  -1.380000  892 0.441000 
-0.485000  -1.250000  893 0.441000 
-0.825000  -1.520000  894 0.441000 
-0.800000  -1.530000  895 0.441000 
-0.755000  -1.410000  896 0.441000 
-0.345000  -1.280000  897 0.441000 
0.800000  -1.540000  898 0.441000 
0.460000  -1.230000  899 0.441000 
0.555000  -1.320000  900 0.441000 
0.745000  -1.520000  901 0.441000 
0.800000  -1.450000  902 0.441000 
0.625000  -1.250000  903 0.441000 
0.835000  -1.610000  904 0.441000 
0.845000  -1.630000  905 0.441000 
0.615000  -1.280000  906 0.441000 
0.795000  -1.440000  907 0.441000 
0.675000  -1.250000  908 0.441000 
0.890000  -1.700000  909 0.441000 
0.740000  -1.530000  910 0.441000 
0.865000  -1.570000  911 0.441000 
0.880000  -1.620000  912 0.441000 
0.630000  -1.200000  913 0.441000 
0.790000  -1.500000  914 0.441000 
0.845000  -1.540000  915 0.441000 
0.725000  -1.360000  916 0.441000 
0.820000  -1.590000  917 0.441000 
0.720000  -1.400000  918 0.441000 
0.215000  -1.200000  919 0.441000 
0.795000  -1.480000  920 0.441000 
0.800000  -1.560000  921 0.441000 
0.765000  -1.440000  922 0.441000 
0.720000  -1.420000  923 0.441000 
0.695000  -1.380000  924 0.441000 
0.835000  -1.530000  925 0.441000 
0.655000  -1.300000  926 0.441000 
0.795000  -1.460000  927 0.441000 
0.135000  -1.180000  928 0.441000 
0.765000  -1.480000  929 0.441000 
0.580000  -1.390000  930 0.441000 
0.900000  -1.670000  931 0.441000 
0.875000  -1.610000  932 0.441000 
0.510000  -1.290000  933 0.441000 
0.745000  -1.390000  934 0.441000 
0.690000  -1.490000  935 0.441000 
0.760000  -1.460000  936 0.441000 
0.705000  -1.460000  937 0.441000 
0.855000  -1.570000  938 0.441000 
0.750000  -1.460000  939 0.441000 
0.845000  -1.550000  940 0.441000 
0.790000  -1.560000  941 0.441000 
0.715000  -1.350000  942 0.441000 
0.580000  -1.300000  943 0.441000 
0.755000  -1.400000  944 0.441000 
0.790000  -1.530000  945 0.441000 
0.665000  -1.270000  946 0.441000 
0.385000  -1.320000  947 0.441000 
0.770000  -1.500000  948 0.441000 
0.835000  -1.590000  949 0.441000 
0.730000  -1.400000  950 0.441000 
0.640000  -1.460000  951 0.441000 
0.845000  -1.550000  952 0.441000 
0.610000  -1.390000  953 0.441000 
0.860000  -1.570000  954 0.441000 
0.440000  -1.360000  955 0.441000 
0.600000  -1.370000  956 0.441000 
0.825000  -1.570000  957 0.441000 
0.645000  -1.480000  958 0.441000 
-0.135000  -1.210000  959 0.441000 
0.005000  -1.040000  960 0.441000 
-0.865000  -1.600000  961 0.441000 
-0.515000  -1.250000  962 0.441000 
0.130000  -1.270000  963 0.441000 
-0.420000  -1.390000  964 0.441000 
-0.225000  -1.090000  965 0.441000 
-0.725000  -1.390000  966 0.441000 
-0.360000  -1.350000  967 0.441000 
-0.755000  -1.470000  968 0.441000 
0.605000  -1.260000  969 0.441000 
0.635000  -1.350000  970 0.441000 
0.615000  -1.390000  971 0.441000 
0.815000  -1.600000  972 0.441000 
0.875000  -1.640000  973 0.441000 
0.760000  -1.450000  974 0.441000 
0.705000  -1.420000  975 0.441000 
0.805000  -1.550000  976 0.441000 
0.560000  -1.230000  977 0.441000 
0.530000  -1.230000  978 0.441000 
0.790000  -1.480000  979 0.441000 
0.815000  -1.530000  980 0.441000 
0.735000  -1.430000  981 0.441000 
0.695000  -1.330000  982 0.441000 
0.675000  -1.270000  983 0.441000 
0.730000  -1.380000  984 0.441000 
0.755000  -1.480000  985 0.441000 
0.705000  -1.340000  986 0.441000 
0.825000  -1.530000  987 0.441000 
0.600000  -1.260000  988 0.441000 
0.510000  -1.340000  989 0.441000 
-0.115000  -1.320000  990 0.441000 
-0.445000  -1.210000  991 0.441000 
-0.775000  -1.400000  992 0.441000 
-0.780000  -1.480000  993 0.441000 
-0.840000  -1.620000  994 0.441000 
-0.650000  -1.410000  995 0.441000 
-0.690000  -1.500000  996 0.441000 
-0.350000  -1.140000  997 0.441000 
-0.670000  -1.380000  998 0.441000 
-0.795000  -1.490000  999 0.441000 
