0.695000  -1.280000  0 0.436000 
0.775000  -1.400000  1 0.436000 
0.860000  -1.600000  2 0.436000 
0.805000  -1.570000  3 0.436000 
0.565000  -1.230000  4 0.436000 
0.835000  -1.570000  5 0.436000 
-0.500000  -1.290000  6 0.436000 
-0.570000  -1.340000  7 0.436000 
-0.795000  -1.450000  8 0.436000 
-0.870000  -1.610000  9 0.436000 
-0.785000  -1.530000  10 0.436000 
-0.855000  -1.580000  11 0.436000 
-0.735000  -1.440000  12 0.436000 
-0.775000  -1.510000  13 0.436000 
-0.795000  -1.460000  14 0.436000 
-0.840000  -1.540000  15 0.436000 
-0.780000  -1.530000  16 0.436000 
-0.685000  -1.330000  17 0.436000 
-0.005000  -1.170000  18 0.436000 
0.045000  -1.170000  19 0.436000 
-0.855000  -1.590000  20 0.436000 
-0.595000  -1.410000  21 0.436000 
-0.165000  -1.240000  22 0.436000 
0.460000  -1.090000  23 0.436000 
0.725000  -1.420000  24 0.436000 
0.540000  -1.170000  25 0.436000 
0.695000  -1.410000  26 0.436000 
0.740000  -1.470000  27 0.436000 
0.750000  -1.400000  28 0.436000 
-0.095000  -1.320000  29 0.436000 
-0.850000  -1.620000  30 0.436000 
-0.700000  -1.300000  31 0.436000 
-0.600000  -1.380000  32 0.436000 
-0.845000  -1.580000  33 0.436000 
-0.875000  -1.640000  34 0.436000 
-0.905000  -1.660000  35 0.436000 
-0.770000  -1.480000  36 0.436000 
-0.870000  -1.570000  37 0.436000 
-0.745000  -1.450000  38 0.436000 
-0.795000  -1.510000  39 0.436000 
-0.780000  -1.470000  40 0.436000 
-0.825000  -1.540000  41 0.436000 
-0.740000  -1.530000  42 0.436000 
-0.710000  -1.300000  43 0.436000 
-0.815000  -1.590000  44 0.436000 
-0.840000  -1.540000  45 0.436000 
-0.740000  -1.380000  46 0.436000 
-0.810000  -1.500000  47 0.436000 
-0.880000  -1.630000  48 0.436000 
-0.815000  -1.500000  49 0.436000 
-0.875000  -1.630000  50 0.436000 
-0.630000  -1.360000  51 0.436000 
-0.770000  -1.420000  52 0.436000 
-0.720000  -1.320000  53 0.436000 
-0.805000  -1.500000  54 0.436000 
-0.570000  -1.240000  55 0.436000 
-0.545000  -1.460000  56 0.436000 
-0.645000  -1.420000  57 0.436000 
-0.700000  -1.340000  58 0.436000 
-0.845000  -1.600000  59 0.436000 
-0.700000  -1.360000  60 0.436000 
-0.630000  -1.320000  61 0.436000 
-0.765000  -1.380000  62 0.436000 
-0.360000  -1.250000  63 0.436000 
0.435000  -1.160000  64 0.436000 
0.720000  -1.390000  65 0.436000 
0.770000  -1.490000  66 0.436000 
0.850000  -1.600000  67 0.436000 
0.450000  -1.190000  68 0.436000 
0.705000  -1.460000  69 0.436000 
0.790000  -1.490000  70 0.436000 
0.810000  -1.610000  71 0.436000 
0.860000  -1.630000  72 0.436000 
0.895000  -1.700000  73 0.436000 
0.770000  -1.450000  74 0.436000 
0.750000  -1.460000  75 0.436000 
0.685000  -1.400000  76 0.436000 
0.625000  -1.350000  77 0.436000 
0.830000  -1.570000  78 0.436000 
0.470000  -1.230000  79 0.436000 
0.670000  -1.310000  80 0.436000 
0.255000  -1.180000  81 0.436000 
0.855000  -1.590000  82 0.436000 
0.835000  -1.540000  83 0.436000 
0.885000  -1.660000  84 0.436000 
0.830000  -1.520000  85 0.436000 
0.765000  -1.460000  86 0.436000 
0.370000  -1.140000  87 0.436000 
0.770000  -1.460000  88 0.436000 
0.725000  -1.470000  89 0.436000 
0.830000  -1.480000  90 0.436000 
0.560000  -1.470000  91 0.436000 
-0.610000  -1.250000  92 0.436000 
-0.190000  -1.220000  93 0.436000 
-0.655000  -1.460000  94 0.436000 
-0.600000  -1.460000  95 0.436000 
-0.770000  -1.470000  96 0.436000 
-0.735000  -1.580000  97 0.436000 
-0.445000  -1.280000  98 0.436000 
-0.690000  -1.310000  99 0.436000 
-0.880000  -1.620000  100 0.436000 
-0.910000  -1.730000  101 0.436000 
-0.415000  -1.200000  102 0.436000 
-0.750000  -1.420000  103 0.436000 
-0.700000  -1.280000  104 0.436000 
-0.660000  -1.290000  105 0.436000 
-0.415000  -1.190000  106 0.436000 
-0.800000  -1.580000  107 0.436000 
-0.815000  -1.470000  108 0.436000 
-0.525000  -1.280000  109 0.436000 
-0.340000  -1.230000  110 0.436000 
-0.795000  -1.550000  111 0.436000 
-0.565000  -1.330000  112 0.436000 
-0.750000  -1.460000  113 0.436000 
-0.045000  -1.090000  114 0.436000 
-0.745000  -1.310000  115 0.436000 
-0.670000  -1.340000  116 0.436000 
-0.785000  -1.520000  117 0.436000 
-0.755000  -1.520000  118 0.436000 
-0.660000  -1.350000  119 0.436000 
-0.580000  -1.320000  120 0.436000 
-0.735000  -1.530000  121 0.436000 
-0.585000  -1.280000  122 0.436000 
-0.335000  -1.290000  123 0.436000 
-0.890000  -1.620000  124 0.436000 
-0.740000  -1.350000  125 0.436000 
-0.660000  -1.410000  126 0.436000 
-0.860000  -1.540000  127 0.436000 
0.025000  -1.170000  128 0.436000 
0.400000  -1.400000  129 0.436000 
0.575000  -1.320000  130 0.436000 
0.645000  -1.200000  131 0.436000 
0.910000  -1.750000  132 0.436000 
0.725000  -1.450000  133 0.436000 
0.855000  -1.610000  134 0.436000 
0.835000  -1.530000  135 0.436000 
0.750000  -1.550000  136 0.436000 
0.585000  -1.190000  137 0.436000 
0.780000  -1.520000  138 0.436000 
0.310000  -1.270000  139 0.436000 
0.470000  -1.400000  140 0.436000 
0.315000  -1.370000  141 0.436000 
0.820000  -1.570000  142 0.436000 
0.480000  -1.290000  143 0.436000 
0.835000  -1.490000  144 0.436000 
0.810000  -1.530000  145 0.436000 
0.810000  -1.420000  146 0.436000 
0.815000  -1.540000  147 0.436000 
0.660000  -1.490000  148 0.436000 
0.715000  -1.380000  149 0.436000 
0.830000  -1.600000  150 0.436000 
0.685000  -1.550000  151 0.436000 
0.810000  -1.560000  152 0.436000 
0.765000  -1.440000  153 0.436000 
0.920000  -1.750000  154 0.436000 
0.725000  -1.280000  155 0.436000 
0.720000  -1.360000  156 0.436000 
0.660000  -1.350000  157 0.436000 
0.770000  -1.470000  158 0.436000 
0.635000  -1.290000  159 0.436000 
0.680000  -1.450000  160 0.436000 
0.875000  -1.570000  161 0.436000 
0.880000  -1.600000  162 0.436000 
0.040000  -1.070000  163 0.436000 
-0.045000  -1.190000  164 0.436000 
-0.245000  -1.090000  165 0.436000 
-0.860000  -1.570000  166 0.436000 
-0.605000  -1.440000  167 0.436000 
-0.810000  -1.490000  168 0.436000 
-0.695000  -1.350000  169 0.436000 
-0.780000  -1.510000  170 0.436000 
-0.800000  -1.560000  171 0.436000 
-0.760000  -1.400000  172 0.436000 
-0.780000  -1.440000  173 0.436000 
-0.515000  -1.250000  174 0.436000 
-0.175000  -1.110000  175 0.436000 
0.015000  -1.260000  176 0.436000 
-0.695000  -1.410000  177 0.436000 
-0.400000  -1.340000  178 0.436000 
-0.485000  -1.160000  179 0.436000 
-0.550000  -1.280000  180 0.436000 
-0.430000  -1.160000  181 0.436000 
-0.125000  -1.280000  182 0.436000 
-0.825000  -1.490000  183 0.436000 
-0.795000  -1.460000  184 0.436000 
-0.780000  -1.390000  185 0.436000 
-0.485000  -1.340000  186 0.436000 
-0.755000  -1.410000  187 0.436000 
-0.765000  -1.450000  188 0.436000 
-0.735000  -1.430000  189 0.436000 
-0.840000  -1.620000  190 0.436000 
-0.900000  -1.700000  191 0.436000 
-0.705000  -1.340000  192 0.436000 
-0.855000  -1.540000  193 0.436000 
-0.860000  -1.660000  194 0.436000 
-0.795000  -1.560000  195 0.436000 
-0.580000  -1.250000  196 0.436000 
-0.500000  -1.140000  197 0.436000 
-0.490000  -1.070000  198 0.436000 
-0.705000  -1.450000  199 0.436000 
-0.165000  -1.190000  200 0.436000 
0.215000  -1.290000  201 0.436000 
-0.550000  -1.230000  202 0.436000 
-0.660000  -1.380000  203 0.436000 
-0.680000  -1.280000  204 0.436000 
-0.885000  -1.710000  205 0.436000 
-0.730000  -1.400000  206 0.436000 
-0.635000  -1.330000  207 0.436000 
-0.825000  -1.530000  208 0.436000 
-0.750000  -1.480000  209 0.436000 
-0.860000  -1.590000  210 0.436000 
-0.700000  -1.330000  211 0.436000 
-0.815000  -1.510000  212 0.436000 
-0.705000  -1.400000  213 0.436000 
-0.330000  -1.150000  214 0.436000 
-0.225000  -1.320000  215 0.436000 
0.725000  -1.410000  216 0.436000 
0.510000  -1.270000  217 0.436000 
0.850000  -1.500000  218 0.436000 
0.710000  -1.490000  219 0.436000 
0.870000  -1.670000  220 0.436000 
0.685000  -1.400000  221 0.436000 
0.790000  -1.490000  222 0.436000 
0.750000  -1.510000  223 0.436000 
0.695000  -1.360000  224 0.436000 
0.685000  -1.350000  225 0.436000 
0.810000  -1.540000  226 0.436000 
0.595000  -1.240000  227 0.436000 
0.885000  -1.660000  228 0.436000 
0.340000  -1.190000  229 0.436000 
0.860000  -1.560000  230 0.436000 
0.400000  -1.100000  231 0.436000 
0.605000  -1.220000  232 0.436000 
0.680000  -1.290000  233 0.436000 
0.750000  -1.340000  234 0.436000 
0.860000  -1.550000  235 0.436000 
0.400000  -1.260000  236 0.436000 
0.350000  -1.290000  237 0.436000 
0.840000  -1.510000  238 0.436000 
0.285000  -1.130000  239 0.436000 
0.680000  -1.400000  240 0.436000 
0.030000  -1.280000  241 0.436000 
0.250000  -1.200000  242 0.436000 
0.440000  -1.240000  243 0.436000 
0.760000  -1.510000  244 0.436000 
0.845000  -1.520000  245 0.436000 
0.795000  -1.500000  246 0.436000 
0.880000  -1.580000  247 0.436000 
0.630000  -1.190000  248 0.436000 
0.905000  -1.730000  249 0.436000 
0.475000  -1.380000  250 0.436000 
0.770000  -1.450000  251 0.436000 
0.575000  -1.500000  252 0.436000 
0.815000  -1.600000  253 0.436000 
0.715000  -1.490000  254 0.436000 
0.665000  -1.380000  255 0.436000 
0.615000  -1.520000  256 0.436000 
0.670000  -1.500000  257 0.436000 
0.725000  -1.450000  258 0.436000 
0.455000  -1.390000  259 0.436000 
0.075000  -1.380000  260 0.436000 
0.780000  -1.570000  261 0.436000 
0.570000  -1.390000  262 0.436000 
0.415000  -1.220000  263 0.436000 
0.520000  -1.440000  264 0.436000 
0.860000  -1.690000  265 0.436000 
0.310000  -1.180000  266 0.436000 
-0.195000  -1.190000  267 0.436000 
-0.785000  -1.550000  268 0.436000 
-0.705000  -1.460000  269 0.436000 
-0.795000  -1.480000  270 0.436000 
-0.625000  -1.290000  271 0.436000 
-0.040000  -1.280000  272 0.436000 
-0.715000  -1.370000  273 0.436000 
-0.845000  -1.670000  274 0.436000 
-0.630000  -1.300000  275 0.436000 
-0.925000  -1.720000  276 0.436000 
-0.825000  -1.630000  277 0.436000 
-0.535000  -1.270000  278 0.436000 
-0.715000  -1.340000  279 0.436000 
-0.750000  -1.470000  280 0.436000 
-0.580000  -1.210000  281 0.436000 
-0.800000  -1.460000  282 0.436000 
-0.835000  -1.590000  283 0.436000 
-0.530000  -1.310000  284 0.436000 
-0.825000  -1.590000  285 0.436000 
-0.580000  -1.280000  286 0.436000 
-0.675000  -1.380000  287 0.436000 
-0.805000  -1.610000  288 0.436000 
-0.830000  -1.490000  289 0.436000 
-0.745000  -1.430000  290 0.436000 
-0.655000  -1.350000  291 0.436000 
-0.800000  -1.470000  292 0.436000 
-0.570000  -1.390000  293 0.436000 
-0.840000  -1.510000  294 0.436000 
-0.815000  -1.490000  295 0.436000 
-0.780000  -1.440000  296 0.436000 
-0.315000  -1.370000  297 0.436000 
-0.805000  -1.480000  298 0.436000 
-0.585000  -1.210000  299 0.436000 
-0.825000  -1.600000  300 0.436000 
-0.760000  -1.420000  301 0.436000 
-0.740000  -1.450000  302 0.436000 
-0.915000  -1.760000  303 0.436000 
-0.720000  -1.390000  304 0.436000 
-0.780000  -1.440000  305 0.436000 
-0.665000  -1.340000  306 0.436000 
0.205000  -1.130000  307 0.436000 
0.465000  -1.290000  308 0.436000 
0.560000  -1.250000  309 0.436000 
0.665000  -1.360000  310 0.436000 
0.405000  -1.280000  311 0.436000 
0.525000  -1.360000  312 0.436000 
0.460000  -1.180000  313 0.436000 
-0.060000  -1.240000  314 0.436000 
-0.535000  -1.250000  315 0.436000 
-0.750000  -1.460000  316 0.436000 
-0.810000  -1.680000  317 0.436000 
-0.710000  -1.370000  318 0.436000 
-0.815000  -1.510000  319 0.436000 
-0.855000  -1.590000  320 0.436000 
-0.665000  -1.260000  321 0.436000 
-0.775000  -1.460000  322 0.436000 
-0.605000  -1.250000  323 0.436000 
-0.840000  -1.570000  324 0.436000 
-0.590000  -1.390000  325 0.436000 
-0.710000  -1.370000  326 0.436000 
-0.590000  -1.530000  327 0.436000 
-0.580000  -1.230000  328 0.436000 
-0.745000  -1.480000  329 0.436000 
-0.700000  -1.360000  330 0.436000 
-0.625000  -1.430000  331 0.436000 
-0.715000  -1.440000  332 0.436000 
-0.775000  -1.460000  333 0.436000 
-0.650000  -1.290000  334 0.436000 
-0.765000  -1.480000  335 0.436000 
-0.550000  -1.340000  336 0.436000 
-0.385000  -1.010000  337 0.436000 
0.340000  -1.210000  338 0.436000 
0.445000  -1.340000  339 0.436000 
0.555000  -1.330000  340 0.436000 
0.635000  -1.340000  341 0.436000 
0.020000  -1.210000  342 0.436000 
0.610000  -1.400000  343 0.436000 
0.735000  -1.290000  344 0.436000 
0.660000  -1.260000  345 0.436000 
0.795000  -1.450000  346 0.436000 
0.750000  -1.380000  347 0.436000 
0.795000  -1.410000  348 0.436000 
0.645000  -1.450000  349 0.436000 
0.255000  -1.190000  350 0.436000 
0.480000  -1.320000  351 0.436000 
0.790000  -1.480000  352 0.436000 
0.330000  -1.490000  353 0.436000 
0.830000  -1.590000  354 0.436000 
0.855000  -1.550000  355 0.436000 
0.890000  -1.650000  356 0.436000 
0.665000  -1.370000  357 0.436000 
0.750000  -1.400000  358 0.436000 
0.470000  -1.310000  359 0.436000 
0.040000  -1.100000  360 0.436000 
-0.255000  -1.270000  361 0.436000 
-0.320000  -1.410000  362 0.436000 
-0.855000  -1.580000  363 0.436000 
0.210000  -1.230000  364 0.436000 
-0.110000  -1.250000  365 0.436000 
-0.275000  -1.240000  366 0.436000 
-0.685000  -1.320000  367 0.436000 
-0.710000  -1.350000  368 0.436000 
-0.830000  -1.590000  369 0.436000 
-0.750000  -1.370000  370 0.436000 
-0.440000  -1.200000  371 0.436000 
-0.680000  -1.290000  372 0.436000 
-0.160000  -1.180000  373 0.436000 
-0.220000  -1.190000  374 0.436000 
0.630000  -1.380000  375 0.436000 
0.830000  -1.600000  376 0.436000 
0.740000  -1.420000  377 0.436000 
0.580000  -1.260000  378 0.436000 
0.690000  -1.520000  379 0.436000 
0.745000  -1.490000  380 0.436000 
0.220000  -1.380000  381 0.436000 
0.565000  -1.310000  382 0.436000 
0.695000  -1.300000  383 0.436000 
0.685000  -1.460000  384 0.436000 
0.745000  -1.340000  385 0.436000 
0.770000  -1.410000  386 0.436000 
0.390000  -1.320000  387 0.436000 
0.530000  -1.260000  388 0.436000 
0.555000  -1.180000  389 0.436000 
0.440000  -1.180000  390 0.436000 
0.820000  -1.490000  391 0.436000 
0.750000  -1.490000  392 0.436000 
0.740000  -1.370000  393 0.436000 
0.510000  -1.240000  394 0.436000 
0.920000  -1.720000  395 0.436000 
0.165000  -1.310000  396 0.436000 
-0.005000  -1.200000  397 0.436000 
-0.825000  -1.480000  398 0.436000 
-0.635000  -1.310000  399 0.436000 
-0.740000  -1.570000  400 0.436000 
-0.630000  -1.190000  401 0.436000 
-0.605000  -1.350000  402 0.436000 
-0.815000  -1.460000  403 0.436000 
-0.895000  -1.680000  404 0.436000 
-0.790000  -1.410000  405 0.436000 
-0.375000  -1.210000  406 0.436000 
-0.820000  -1.480000  407 0.436000 
-0.775000  -1.550000  408 0.436000 
-0.815000  -1.490000  409 0.436000 
-0.735000  -1.420000  410 0.436000 
-0.750000  -1.380000  411 0.436000 
-0.555000  -1.330000  412 0.436000 
-0.720000  -1.390000  413 0.436000 
-0.600000  -1.370000  414 0.436000 
-0.470000  -1.140000  415 0.436000 
-0.640000  -1.420000  416 0.436000 
-0.670000  -1.290000  417 0.436000 
-0.335000  -1.100000  418 0.436000 
-0.850000  -1.560000  419 0.436000 
-0.740000  -1.500000  420 0.436000 
-0.670000  -1.340000  421 0.436000 
-0.710000  -1.370000  422 0.436000 
-0.880000  -1.550000  423 0.436000 
-0.730000  -1.510000  424 0.436000 
-0.695000  -1.420000  425 0.436000 
-0.735000  -1.430000  426 0.436000 
-0.745000  -1.450000  427 0.436000 
-0.725000  -1.480000  428 0.436000 
-0.815000  -1.550000  429 0.436000 
-0.880000  -1.630000  430 0.436000 
-0.715000  -1.440000  431 0.436000 
-0.720000  -1.440000  432 0.436000 
-0.300000  -1.330000  433 0.436000 
-0.680000  -1.310000  434 0.436000 
-0.785000  -1.540000  435 0.436000 
-0.730000  -1.440000  436 0.436000 
-0.570000  -1.300000  437 0.436000 
-0.885000  -1.650000  438 0.436000 
-0.670000  -1.260000  439 0.436000 
-0.585000  -1.360000  440 0.436000 
-0.620000  -1.380000  441 0.436000 
-0.535000  -1.170000  442 0.436000 
-0.705000  -1.390000  443 0.436000 
-0.160000  -1.190000  444 0.436000 
0.420000  -1.260000  445 0.436000 
0.880000  -1.640000  446 0.436000 
0.735000  -1.410000  447 0.436000 
0.780000  -1.510000  448 0.436000 
-0.015000  -1.240000  449 0.436000 
-0.690000  -1.320000  450 0.436000 
-0.620000  -1.360000  451 0.436000 
-0.800000  -1.530000  452 0.436000 
-0.705000  -1.360000  453 0.436000 
-0.430000  -1.210000  454 0.436000 
-0.885000  -1.660000  455 0.436000 
-0.580000  -1.240000  456 0.436000 
-0.690000  -1.360000  457 0.436000 
-0.735000  -1.500000  458 0.436000 
-0.615000  -1.400000  459 0.436000 
-0.850000  -1.590000  460 0.436000 
-0.670000  -1.310000  461 0.436000 
-0.665000  -1.410000  462 0.436000 
-0.770000  -1.370000  463 0.436000 
-0.895000  -1.670000  464 0.436000 
-0.725000  -1.430000  465 0.436000 
-0.840000  -1.510000  466 0.436000 
-0.670000  -1.440000  467 0.436000 
-0.895000  -1.630000  468 0.436000 
-0.615000  -1.320000  469 0.436000 
-0.870000  -1.580000  470 0.436000 
-0.760000  -1.620000  471 0.436000 
-0.530000  -1.260000  472 0.436000 
-0.140000  -1.170000  473 0.436000 
0.310000  -1.210000  474 0.436000 
-0.365000  -1.280000  475 0.436000 
-0.675000  -1.300000  476 0.436000 
-0.640000  -1.390000  477 0.436000 
-0.135000  -1.370000  478 0.436000 
0.240000  -1.100000  479 0.436000 
-0.840000  -1.660000  480 0.436000 
-0.825000  -1.570000  481 0.436000 
-0.520000  -1.180000  482 0.436000 
-0.810000  -1.590000  483 0.436000 
-0.890000  -1.660000  484 0.436000 
-0.490000  -1.130000  485 0.436000 
-0.565000  -1.310000  486 0.436000 
-0.755000  -1.430000  487 0.436000 
-0.725000  -1.350000  488 0.436000 
-0.620000  -1.340000  489 0.436000 
-0.770000  -1.460000  490 0.436000 
-0.865000  -1.570000  491 0.436000 
-0.755000  -1.430000  492 0.436000 
-0.620000  -1.300000  493 0.436000 
-0.725000  -1.390000  494 0.436000 
-0.825000  -1.490000  495 0.436000 
-0.380000  -1.310000  496 0.436000 
0.410000  -1.430000  497 0.436000 
0.820000  -1.520000  498 0.436000 
0.655000  -1.470000  499 0.436000 
0.325000  -1.220000  500 0.436000 
0.625000  -1.270000  501 0.436000 
0.615000  -1.260000  502 0.436000 
0.700000  -1.370000  503 0.436000 
0.735000  -1.440000  504 0.436000 
0.570000  -1.410000  505 0.436000 
0.825000  -1.600000  506 0.436000 
0.535000  -1.230000  507 0.436000 
0.880000  -1.640000  508 0.436000 
0.555000  -1.290000  509 0.436000 
0.780000  -1.420000  510 0.436000 
0.595000  -1.300000  511 0.436000 
0.845000  -1.540000  512 0.436000 
0.660000  -1.480000  513 0.436000 
0.790000  -1.570000  514 0.436000 
0.680000  -1.430000  515 0.436000 
0.835000  -1.580000  516 0.436000 
0.365000  -1.360000  517 0.436000 
0.765000  -1.490000  518 0.436000 
0.690000  -1.470000  519 0.436000 
0.845000  -1.530000  520 0.436000 
0.740000  -1.350000  521 0.436000 
0.720000  -1.320000  522 0.436000 
0.365000  -1.260000  523 0.436000 
0.730000  -1.450000  524 0.436000 
0.715000  -1.430000  525 0.436000 
0.855000  -1.600000  526 0.436000 
0.825000  -1.520000  527 0.436000 
0.415000  -1.290000  528 0.436000 
-0.895000  -1.650000  529 0.436000 
-0.620000  -1.350000  530 0.436000 
-0.735000  -1.450000  531 0.436000 
-0.835000  -1.540000  532 0.436000 
-0.865000  -1.540000  533 0.436000 
-0.790000  -1.520000  534 0.436000 
-0.715000  -1.360000  535 0.436000 
-0.870000  -1.650000  536 0.436000 
-0.785000  -1.440000  537 0.436000 
-0.820000  -1.490000  538 0.436000 
-0.655000  -1.280000  539 0.436000 
-0.915000  -1.710000  540 0.436000 
-0.825000  -1.510000  541 0.436000 
-0.795000  -1.450000  542 0.436000 
-0.775000  -1.410000  543 0.436000 
-0.710000  -1.330000  544 0.436000 
-0.750000  -1.490000  545 0.436000 
-0.435000  -1.210000  546 0.436000 
-0.200000  -1.440000  547 0.436000 
0.135000  -1.120000  548 0.436000 
0.735000  -1.340000  549 0.436000 
0.915000  -1.730000  550 0.436000 
0.650000  -1.260000  551 0.436000 
0.665000  -1.400000  552 0.436000 
0.805000  -1.420000  553 0.436000 
0.750000  -1.410000  554 0.436000 
0.565000  -1.210000  555 0.436000 
0.585000  -1.360000  556 0.436000 
0.735000  -1.380000  557 0.436000 
0.445000  -1.400000  558 0.436000 
0.740000  -1.490000  559 0.436000 
0.700000  -1.480000  560 0.436000 
0.850000  -1.580000  561 0.436000 
0.645000  -1.250000  562 0.436000 
0.660000  -1.430000  563 0.436000 
0.760000  -1.420000  564 0.436000 
0.755000  -1.420000  565 0.436000 
0.770000  -1.340000  566 0.436000 
0.745000  -1.350000  567 0.436000 
0.600000  -1.230000  568 0.436000 
0.680000  -1.450000  569 0.436000 
0.585000  -1.460000  570 0.436000 
0.885000  -1.630000  571 0.436000 
0.800000  -1.610000  572 0.436000 
0.715000  -1.400000  573 0.436000 
0.900000  -1.670000  574 0.436000 
0.855000  -1.590000  575 0.436000 
0.680000  -1.290000  576 0.436000 
0.795000  -1.560000  577 0.436000 
0.840000  -1.580000  578 0.436000 
0.490000  -1.270000  579 0.436000 
0.685000  -1.540000  580 0.436000 
0.610000  -1.290000  581 0.436000 
0.745000  -1.340000  582 0.436000 
0.815000  -1.510000  583 0.436000 
0.830000  -1.560000  584 0.436000 
0.625000  -1.340000  585 0.436000 
0.690000  -1.360000  586 0.436000 
0.715000  -1.420000  587 0.436000 
0.745000  -1.440000  588 0.436000 
0.835000  -1.520000  589 0.436000 
0.200000  -1.040000  590 0.436000 
0.320000  -1.190000  591 0.436000 
-0.295000  -1.250000  592 0.436000 
-0.670000  -1.380000  593 0.436000 
-0.735000  -1.470000  594 0.436000 
-0.680000  -1.370000  595 0.436000 
-0.730000  -1.430000  596 0.436000 
-0.710000  -1.280000  597 0.436000 
-0.295000  -1.280000  598 0.436000 
-0.725000  -1.460000  599 0.436000 
-0.655000  -1.320000  600 0.436000 
-0.045000  -1.360000  601 0.436000 
-0.210000  -1.340000  602 0.436000 
-0.265000  -1.180000  603 0.436000 
-0.885000  -1.630000  604 0.436000 
-0.825000  -1.610000  605 0.436000 
-0.600000  -1.490000  606 0.436000 
-0.380000  -1.250000  607 0.436000 
-0.865000  -1.570000  608 0.436000 
-0.725000  -1.460000  609 0.436000 
-0.680000  -1.430000  610 0.436000 
-0.850000  -1.550000  611 0.436000 
-0.775000  -1.430000  612 0.436000 
-0.175000  -1.000000  613 0.436000 
-0.660000  -1.440000  614 0.436000 
-0.840000  -1.610000  615 0.436000 
-0.680000  -1.420000  616 0.436000 
-0.760000  -1.450000  617 0.436000 
0.080000  -1.110000  618 0.436000 
0.320000  -1.080000  619 0.436000 
0.050000  -1.090000  620 0.436000 
0.445000  -1.270000  621 0.436000 
0.600000  -1.250000  622 0.436000 
0.765000  -1.510000  623 0.436000 
0.780000  -1.480000  624 0.436000 
0.810000  -1.490000  625 0.436000 
0.650000  -1.290000  626 0.436000 
0.740000  -1.360000  627 0.436000 
0.415000  -1.320000  628 0.436000 
0.880000  -1.660000  629 0.436000 
0.740000  -1.470000  630 0.436000 
0.810000  -1.500000  631 0.436000 
0.220000  -1.260000  632 0.436000 
-0.260000  -1.250000  633 0.436000 
0.360000  -1.230000  634 0.436000 
0.455000  -1.310000  635 0.436000 
0.760000  -1.470000  636 0.436000 
0.675000  -1.370000  637 0.436000 
0.475000  -1.220000  638 0.436000 
0.725000  -1.450000  639 0.436000 
0.590000  -1.300000  640 0.436000 
0.045000  -1.180000  641 0.436000 
-0.585000  -1.330000  642 0.436000 
-0.605000  -1.390000  643 0.436000 
-0.775000  -1.540000  644 0.436000 
-0.700000  -1.390000  645 0.436000 
-0.690000  -1.420000  646 0.436000 
-0.620000  -1.350000  647 0.436000 
-0.700000  -1.230000  648 0.436000 
-0.665000  -1.450000  649 0.436000 
-0.885000  -1.650000  650 0.436000 
-0.820000  -1.500000  651 0.436000 
-0.640000  -1.250000  652 0.436000 
-0.690000  -1.380000  653 0.436000 
-0.785000  -1.540000  654 0.436000 
-0.855000  -1.590000  655 0.436000 
-0.805000  -1.580000  656 0.436000 
-0.845000  -1.540000  657 0.436000 
-0.790000  -1.510000  658 0.436000 
-0.790000  -1.550000  659 0.436000 
-0.675000  -1.440000  660 0.436000 
-0.600000  -1.390000  661 0.436000 
-0.640000  -1.350000  662 0.436000 
-0.785000  -1.530000  663 0.436000 
-0.230000  -1.350000  664 0.436000 
-0.380000  -1.300000  665 0.436000 
-0.600000  -1.320000  666 0.436000 
-0.770000  -1.400000  667 0.436000 
-0.795000  -1.480000  668 0.436000 
-0.875000  -1.620000  669 0.436000 
-0.050000  -1.040000  670 0.436000 
-0.540000  -1.420000  671 0.436000 
-0.900000  -1.670000  672 0.436000 
-0.725000  -1.490000  673 0.436000 
-0.700000  -1.540000  674 0.436000 
-0.185000  -1.360000  675 0.436000 
-0.550000  -1.170000  676 0.436000 
-0.690000  -1.360000  677 0.436000 
-0.860000  -1.570000  678 0.436000 
-0.850000  -1.560000  679 0.436000 
-0.775000  -1.410000  680 0.436000 
-0.785000  -1.550000  681 0.436000 
-0.755000  -1.450000  682 0.436000 
-0.885000  -1.650000  683 0.436000 
-0.830000  -1.630000  684 0.436000 
-0.805000  -1.540000  685 0.436000 
-0.765000  -1.570000  686 0.436000 
-0.630000  -1.270000  687 0.436000 
-0.490000  -1.220000  688 0.436000 
-0.850000  -1.590000  689 0.436000 
-0.510000  -1.420000  690 0.436000 
-0.810000  -1.400000  691 0.436000 
-0.700000  -1.430000  692 0.436000 
-0.790000  -1.550000  693 0.436000 
-0.725000  -1.350000  694 0.436000 
-0.885000  -1.650000  695 0.436000 
-0.710000  -1.340000  696 0.436000 
-0.645000  -1.370000  697 0.436000 
-0.185000  -1.030000  698 0.436000 
-0.670000  -1.390000  699 0.436000 
-0.490000  -1.170000  700 0.436000 
-0.755000  -1.400000  701 0.436000 
0.785000  -1.440000  702 0.436000 
0.745000  -1.310000  703 0.436000 
0.920000  -1.720000  704 0.436000 
0.775000  -1.450000  705 0.436000 
0.825000  -1.560000  706 0.436000 
0.630000  -1.330000  707 0.436000 
0.115000  -1.000000  708 0.436000 
-0.730000  -1.380000  709 0.436000 
-0.665000  -1.430000  710 0.436000 
-0.880000  -1.590000  711 0.436000 
-0.670000  -1.440000  712 0.436000 
-0.825000  -1.580000  713 0.436000 
-0.755000  -1.440000  714 0.436000 
-0.725000  -1.260000  715 0.436000 
-0.840000  -1.540000  716 0.436000 
-0.630000  -1.310000  717 0.436000 
0.710000  -1.280000  718 0.436000 
0.915000  -1.700000  719 0.436000 
0.750000  -1.400000  720 0.436000 
0.760000  -1.430000  721 0.436000 
0.770000  -1.400000  722 0.436000 
-0.785000  -1.520000  723 0.436000 
-0.640000  -1.170000  724 0.436000 
-0.505000  -1.320000  725 0.436000 
-0.520000  -1.270000  726 0.436000 
-0.505000  -1.200000  727 0.436000 
-0.670000  -1.430000  728 0.436000 
-0.640000  -1.380000  729 0.436000 
-0.550000  -1.240000  730 0.436000 
-0.730000  -1.550000  731 0.436000 
-0.610000  -1.290000  732 0.436000 
-0.850000  -1.610000  733 0.436000 
-0.525000  -1.390000  734 0.436000 
-0.690000  -1.450000  735 0.436000 
-0.730000  -1.540000  736 0.436000 
-0.590000  -1.170000  737 0.436000 
-0.750000  -1.430000  738 0.436000 
-0.845000  -1.580000  739 0.436000 
-0.730000  -1.470000  740 0.436000 
-0.450000  -1.150000  741 0.436000 
-0.165000  -1.210000  742 0.436000 
-0.600000  -1.290000  743 0.436000 
-0.805000  -1.450000  744 0.436000 
-0.550000  -1.240000  745 0.436000 
0.050000  -1.160000  746 0.436000 
0.690000  -1.400000  747 0.436000 
0.865000  -1.600000  748 0.436000 
0.360000  -1.210000  749 0.436000 
0.555000  -1.310000  750 0.436000 
0.775000  -1.560000  751 0.436000 
0.900000  -1.670000  752 0.436000 
0.835000  -1.530000  753 0.436000 
0.685000  -1.300000  754 0.436000 
0.550000  -1.320000  755 0.436000 
0.710000  -1.430000  756 0.436000 
0.365000  -1.270000  757 0.436000 
0.515000  -1.240000  758 0.436000 
0.805000  -1.480000  759 0.436000 
0.815000  -1.510000  760 0.436000 
0.380000  -1.310000  761 0.436000 
0.485000  -1.200000  762 0.436000 
0.760000  -1.460000  763 0.436000 
0.780000  -1.400000  764 0.436000 
0.745000  -1.400000  765 0.436000 
0.760000  -1.350000  766 0.436000 
0.725000  -1.370000  767 0.436000 
0.915000  -1.710000  768 0.436000 
0.800000  -1.560000  769 0.436000 
0.375000  -1.230000  770 0.436000 
0.365000  -1.240000  771 0.436000 
0.750000  -1.470000  772 0.436000 
0.595000  -1.100000  773 0.436000 
0.760000  -1.470000  774 0.436000 
0.630000  -1.370000  775 0.436000 
0.585000  -1.340000  776 0.436000 
0.805000  -1.530000  777 0.436000 
0.835000  -1.580000  778 0.436000 
0.845000  -1.560000  779 0.436000 
0.530000  -1.180000  780 0.436000 
0.790000  -1.410000  781 0.436000 
0.590000  -1.510000  782 0.436000 
0.735000  -1.510000  783 0.436000 
0.740000  -1.490000  784 0.436000 
-0.140000  -1.170000  785 0.436000 
-0.885000  -1.650000  786 0.436000 
-0.680000  -1.370000  787 0.436000 
-0.210000  -1.120000  788 0.436000 
0.715000  -1.470000  789 0.436000 
-0.035000  -1.180000  790 0.436000 
-0.785000  -1.480000  791 0.436000 
-0.790000  -1.560000  792 0.436000 
-0.595000  -1.380000  793 0.436000 
-0.400000  -1.330000  794 0.436000 
-0.765000  -1.390000  795 0.436000 
-0.765000  -1.460000  796 0.436000 
-0.735000  -1.400000  797 0.436000 
-0.715000  -1.430000  798 0.436000 
-0.780000  -1.570000  799 0.436000 
0.155000  -0.970000  800 0.436000 
0.885000  -1.700000  801 0.436000 
0.865000  -1.580000  802 0.436000 
0.750000  -1.440000  803 0.436000 
0.835000  -1.540000  804 0.436000 
0.750000  -1.410000  805 0.436000 
0.695000  -1.440000  806 0.436000 
0.340000  -1.310000  807 0.436000 
0.665000  -1.230000  808 0.436000 
0.750000  -1.440000  809 0.436000 
0.700000  -1.430000  810 0.436000 
0.580000  -1.360000  811 0.436000 
0.690000  -1.340000  812 0.436000 
0.770000  -1.410000  813 0.436000 
0.535000  -1.360000  814 0.436000 
0.405000  -1.360000  815 0.436000 
0.760000  -1.510000  816 0.436000 
0.745000  -1.360000  817 0.436000 
0.855000  -1.640000  818 0.436000 
0.545000  -1.300000  819 0.436000 
0.630000  -1.440000  820 0.436000 
0.625000  -1.310000  821 0.436000 
0.845000  -1.620000  822 0.436000 
0.870000  -1.540000  823 0.436000 
0.750000  -1.370000  824 0.436000 
0.735000  -1.500000  825 0.436000 
-0.490000  -1.250000  826 0.436000 
-0.860000  -1.590000  827 0.436000 
-0.870000  -1.620000  828 0.436000 
-0.460000  -1.300000  829 0.436000 
-0.795000  -1.530000  830 0.436000 
-0.525000  -1.240000  831 0.436000 
0.160000  -1.010000  832 0.436000 
0.225000  -1.170000  833 0.436000 
-0.660000  -1.380000  834 0.436000 
-0.815000  -1.470000  835 0.436000 
-0.485000  -1.200000  836 0.436000 
-0.725000  -1.440000  837 0.436000 
-0.930000  -1.750000  838 0.436000 
-0.645000  -1.450000  839 0.436000 
-0.810000  -1.670000  840 0.436000 
-0.570000  -1.340000  841 0.436000 
-0.625000  -1.420000  842 0.436000 
-0.435000  -1.380000  843 0.436000 
-0.835000  -1.520000  844 0.436000 
-0.635000  -1.340000  845 0.436000 
-0.315000  -1.240000  846 0.436000 
-0.130000  -1.000000  847 0.436000 
0.760000  -1.440000  848 0.436000 
0.570000  -1.230000  849 0.436000 
0.665000  -1.300000  850 0.436000 
0.770000  -1.450000  851 0.436000 
0.790000  -1.420000  852 0.436000 
0.585000  -1.300000  853 0.436000 
0.425000  -1.110000  854 0.436000 
0.805000  -1.590000  855 0.436000 
0.380000  -1.300000  856 0.436000 
0.870000  -1.600000  857 0.436000 
0.770000  -1.520000  858 0.436000 
0.870000  -1.680000  859 0.436000 
0.790000  -1.440000  860 0.436000 
0.805000  -1.460000  861 0.436000 
0.455000  -1.230000  862 0.436000 
0.840000  -1.530000  863 0.436000 
0.840000  -1.550000  864 0.436000 
0.005000  -1.130000  865 0.436000 
0.700000  -1.510000  866 0.436000 
0.785000  -1.420000  867 0.436000 
0.715000  -1.370000  868 0.436000 
0.640000  -1.310000  869 0.436000 
0.255000  -1.150000  870 0.436000 
0.820000  -1.520000  871 0.436000 
0.805000  -1.530000  872 0.436000 
0.800000  -1.530000  873 0.436000 
0.390000  -1.350000  874 0.436000 
0.840000  -1.530000  875 0.436000 
0.855000  -1.530000  876 0.436000 
0.645000  -1.490000  877 0.436000 
0.755000  -1.450000  878 0.436000 
0.565000  -1.390000  879 0.436000 
0.845000  -1.540000  880 0.436000 
0.725000  -1.270000  881 0.436000 
-0.105000  -1.290000  882 0.436000 
-0.715000  -1.420000  883 0.436000 
-0.670000  -1.250000  884 0.436000 
-0.575000  -1.330000  885 0.436000 
-0.835000  -1.560000  886 0.436000 
-0.795000  -1.460000  887 0.436000 
-0.775000  -1.510000  888 0.436000 
-0.885000  -1.650000  889 0.436000 
-0.565000  -1.320000  890 0.436000 
-0.810000  -1.510000  891 0.436000 
-0.815000  -1.480000  892 0.436000 
-0.795000  -1.510000  893 0.436000 
-0.815000  -1.460000  894 0.436000 
-0.735000  -1.380000  895 0.436000 
-0.730000  -1.410000  896 0.436000 
-0.735000  -1.380000  897 0.436000 
-0.665000  -1.490000  898 0.436000 
-0.815000  -1.580000  899 0.436000 
-0.515000  -1.260000  900 0.436000 
-0.480000  -1.240000  901 0.436000 
-0.920000  -1.730000  902 0.436000 
-0.685000  -1.340000  903 0.436000 
-0.725000  -1.500000  904 0.436000 
-0.135000  -1.360000  905 0.436000 
0.035000  -1.220000  906 0.436000 
0.720000  -1.410000  907 0.436000 
0.530000  -1.440000  908 0.436000 
0.540000  -1.300000  909 0.436000 
0.650000  -1.380000  910 0.436000 
0.705000  -1.470000  911 0.436000 
0.760000  -1.490000  912 0.436000 
0.875000  -1.680000  913 0.436000 
0.780000  -1.480000  914 0.436000 
0.875000  -1.590000  915 0.436000 
0.690000  -1.490000  916 0.436000 
0.275000  -1.380000  917 0.436000 
0.010000  -1.240000  918 0.436000 
-0.610000  -1.360000  919 0.436000 
-0.580000  -1.290000  920 0.436000 
-0.665000  -1.320000  921 0.436000 
-0.730000  -1.460000  922 0.436000 
-0.555000  -1.530000  923 0.436000 
-0.830000  -1.580000  924 0.436000 
-0.795000  -1.470000  925 0.436000 
-0.790000  -1.480000  926 0.436000 
-0.845000  -1.610000  927 0.436000 
-0.105000  -1.170000  928 0.436000 
-0.840000  -1.600000  929 0.436000 
-0.900000  -1.690000  930 0.436000 
-0.740000  -1.460000  931 0.436000 
-0.770000  -1.370000  932 0.436000 
-0.750000  -1.510000  933 0.436000 
-0.595000  -1.220000  934 0.436000 
-0.835000  -1.540000  935 0.436000 
-0.825000  -1.540000  936 0.436000 
-0.845000  -1.550000  937 0.436000 
-0.785000  -1.520000  938 0.436000 
-0.645000  -1.450000  939 0.436000 
-0.595000  -1.250000  940 0.436000 
-0.665000  -1.480000  941 0.436000 
-0.820000  -1.530000  942 0.436000 
-0.660000  -1.400000  943 0.436000 
-0.820000  -1.570000  944 0.436000 
-0.830000  -1.510000  945 0.436000 
-0.855000  -1.570000  946 0.436000 
-0.705000  -1.370000  947 0.436000 
-0.215000  -1.090000  948 0.436000 
0.085000  -1.150000  949 0.436000 
0.595000  -1.340000  950 0.436000 
0.070000  -0.980000  951 0.436000 
0.425000  -1.240000  952 0.436000 
0.600000  -1.300000  953 0.436000 
0.650000  -1.310000  954 0.436000 
0.835000  -1.670000  955 0.436000 
0.855000  -1.590000  956 0.436000 
0.595000  -1.280000  957 0.436000 
0.805000  -1.540000  958 0.436000 
0.820000  -1.520000  959 0.436000 
0.870000  -1.610000  960 0.436000 
0.795000  -1.520000  961 0.436000 
0.255000  -1.040000  962 0.436000 
0.850000  -1.620000  963 0.436000 
0.815000  -1.440000  964 0.436000 
0.665000  -1.290000  965 0.436000 
0.695000  -1.300000  966 0.436000 
0.720000  -1.340000  967 0.436000 
0.785000  -1.460000  968 0.436000 
0.535000  -1.470000  969 0.436000 
0.735000  -1.420000  970 0.436000 
0.740000  -1.420000  971 0.436000 
0.415000  -1.370000  972 0.436000 
0.795000  -1.540000  973 0.436000 
0.795000  -1.410000  974 0.436000 
0.850000  -1.590000  975 0.436000 
0.760000  -1.360000  976 0.436000 
0.710000  -1.380000  977 0.436000 
0.785000  -1.370000  978 0.436000 
0.875000  -1.610000  979 0.436000 
0.880000  -1.680000  980 0.436000 
0.870000  -1.650000  981 0.436000 
0.760000  -1.450000  982 0.436000 
0.755000  -1.420000  983 0.436000 
0.800000  -1.460000  984 0.436000 
0.595000  -1.200000  985 0.436000 
0.630000  -1.400000  986 0.436000 
0.840000  -1.540000  987 0.436000 
0.235000  -1.170000  988 0.436000 
0.725000  -1.520000  989 0.436000 
0.755000  -1.430000  990 0.436000 
0.735000  -1.360000  991 0.436000 
0.585000  -1.180000  992 0.436000 
0.905000  -1.660000  993 0.436000 
0.860000  -1.530000  994 0.436000 
0.875000  -1.670000  995 0.436000 
0.720000  -1.320000  996 0.436000 
0.860000  -1.650000  997 0.436000 
0.775000  -1.410000  998 0.436000 
0.820000  -1.510000  999 0.436000 
