-0.450000  -1.050000  0 0.390000 
-0.235000  -1.010000  1 0.390000 
0.180000  -1.110000  2 0.390000 
-0.045000  -0.930000  3 0.390000 
0.335000  -1.180000  4 0.390000 
0.475000  -1.120000  5 0.390000 
0.355000  -1.170000  6 0.390000 
-0.070000  -0.880000  7 0.390000 
-0.315000  -1.170000  8 0.390000 
-0.380000  -1.100000  9 0.390000 
-0.055000  -0.990000  10 0.390000 
0.630000  -1.160000  11 0.390000 
0.300000  -0.940000  12 0.390000 
0.040000  -0.980000  13 0.390000 
0.660000  -1.360000  14 0.390000 
0.550000  -1.070000  15 0.390000 
-0.215000  -0.850000  16 0.390000 
-0.230000  -1.030000  17 0.390000 
0.025000  -0.980000  18 0.390000 
0.110000  -1.120000  19 0.390000 
0.060000  -1.070000  20 0.390000 
0.350000  -1.050000  21 0.390000 
-0.120000  -1.240000  22 0.390000 
-0.370000  -1.020000  23 0.390000 
0.455000  -1.130000  24 0.390000 
0.640000  -1.210000  25 0.390000 
-0.205000  -1.150000  26 0.390000 
-0.070000  -0.970000  27 0.390000 
-0.265000  -1.150000  28 0.390000 
0.325000  -1.180000  29 0.390000 
0.350000  -0.920000  30 0.390000 
-0.520000  -1.230000  31 0.390000 
-0.270000  -0.960000  32 0.390000 
0.440000  -0.990000  33 0.390000 
0.160000  -0.850000  34 0.390000 
0.320000  -1.140000  35 0.390000 
0.000000  -1.030000  36 0.390000 
-0.035000  -1.130000  37 0.390000 
-0.270000  -1.000000  38 0.390000 
-0.115000  -0.990000  39 0.390000 
-0.170000  -0.970000  40 0.390000 
-0.035000  -1.190000  41 0.390000 
0.175000  -1.120000  42 0.390000 
-0.050000  -0.960000  43 0.390000 
0.195000  -1.050000  44 0.390000 
0.235000  -1.030000  45 0.390000 
0.545000  -1.180000  46 0.390000 
0.510000  -1.170000  47 0.390000 
-0.260000  -1.070000  48 0.390000 
0.285000  -0.940000  49 0.390000 
0.165000  -1.040000  50 0.390000 
-0.055000  -1.050000  51 0.390000 
-0.320000  -0.880000  52 0.390000 
-0.245000  -1.110000  53 0.390000 
0.000000  -0.920000  54 0.390000 
0.470000  -1.100000  55 0.390000 
-0.085000  -1.090000  56 0.390000 
-0.510000  -1.200000  57 0.390000 
-0.300000  -1.040000  58 0.390000 
0.375000  -1.000000  59 0.390000 
0.085000  -1.030000  60 0.390000 
-0.235000  -1.000000  61 0.390000 
-0.005000  -0.920000  62 0.390000 
-0.295000  -1.070000  63 0.390000 
-0.120000  -1.000000  64 0.390000 
0.480000  -1.020000  65 0.390000 
0.340000  -1.100000  66 0.390000 
0.080000  -1.030000  67 0.390000 
0.425000  -1.160000  68 0.390000 
-0.240000  -1.160000  69 0.390000 
0.135000  -0.890000  70 0.390000 
-0.040000  -1.060000  71 0.390000 
0.400000  -1.120000  72 0.390000 
0.310000  -1.000000  73 0.390000 
0.345000  -1.120000  74 0.390000 
0.225000  -0.930000  75 0.390000 
0.000000  -1.010000  76 0.390000 
0.145000  -1.080000  77 0.390000 
-0.130000  -0.890000  78 0.390000 
0.420000  -1.050000  79 0.390000 
0.280000  -1.040000  80 0.390000 
0.465000  -1.080000  81 0.390000 
0.145000  -0.980000  82 0.390000 
-0.255000  -1.090000  83 0.390000 
-0.360000  -0.980000  84 0.390000 
-0.170000  -1.110000  85 0.390000 
0.235000  -1.090000  86 0.390000 
0.205000  -1.020000  87 0.390000 
0.030000  -0.990000  88 0.390000 
0.270000  -1.090000  89 0.390000 
0.510000  -1.190000  90 0.390000 
0.135000  -0.870000  91 0.390000 
-0.110000  -1.030000  92 0.390000 
0.020000  -0.890000  93 0.390000 
0.660000  -1.320000  94 0.390000 
0.050000  -1.000000  95 0.390000 
-0.135000  -0.900000  96 0.390000 
-0.145000  -1.000000  97 0.390000 
-0.285000  -0.940000  98 0.390000 
-0.180000  -0.970000  99 0.390000 
0.210000  -1.040000  100 0.390000 
0.295000  -1.150000  101 0.390000 
0.250000  -1.110000  102 0.390000 
0.085000  -1.010000  103 0.390000 
0.150000  -1.000000  104 0.390000 
0.365000  -1.000000  105 0.390000 
0.105000  -0.960000  106 0.390000 
-0.195000  -0.920000  107 0.390000 
0.110000  -1.040000  108 0.390000 
-0.085000  -1.130000  109 0.390000 
0.095000  -1.010000  110 0.390000 
-0.355000  -1.030000  111 0.390000 
-0.545000  -1.020000  112 0.390000 
0.285000  -0.970000  113 0.390000 
0.515000  -1.200000  114 0.390000 
0.205000  -0.900000  115 0.390000 
0.180000  -1.030000  116 0.390000 
0.260000  -0.910000  117 0.390000 
0.040000  -1.010000  118 0.390000 
0.005000  -1.000000  119 0.390000 
-0.280000  -1.240000  120 0.390000 
0.350000  -1.010000  121 0.390000 
0.075000  -1.140000  122 0.390000 
0.055000  -0.850000  123 0.390000 
0.070000  -0.840000  124 0.390000 
-0.075000  -1.140000  125 0.390000 
-0.155000  -1.010000  126 0.390000 
-0.370000  -0.980000  127 0.390000 
-0.370000  -1.020000  128 0.390000 
0.215000  -1.160000  129 0.390000 
-0.435000  -1.060000  130 0.390000 
0.455000  -1.160000  131 0.390000 
-0.105000  -1.150000  132 0.390000 
-0.545000  -1.190000  133 0.390000 
0.040000  -1.090000  134 0.390000 
0.290000  -0.930000  135 0.390000 
-0.325000  -0.910000  136 0.390000 
-0.045000  -1.110000  137 0.390000 
-0.025000  -0.830000  138 0.390000 
-0.430000  -1.110000  139 0.390000 
0.020000  -1.160000  140 0.390000 
-0.220000  -1.170000  141 0.390000 
-0.375000  -1.090000  142 0.390000 
-0.380000  -0.900000  143 0.390000 
-0.385000  -1.050000  144 0.390000 
0.300000  -0.890000  145 0.390000 
-0.085000  -0.850000  146 0.390000 
0.115000  -1.010000  147 0.390000 
0.350000  -1.050000  148 0.390000 
0.550000  -1.000000  149 0.390000 
0.260000  -1.040000  150 0.390000 
-0.040000  -1.160000  151 0.390000 
-0.325000  -0.840000  152 0.390000 
-0.435000  -1.130000  153 0.390000 
-0.470000  -1.010000  154 0.390000 
-0.275000  -1.040000  155 0.390000 
0.120000  -1.090000  156 0.390000 
0.015000  -0.960000  157 0.390000 
-0.280000  -0.990000  158 0.390000 
-0.315000  -1.100000  159 0.390000 
-0.020000  -1.100000  160 0.390000 
-0.060000  -0.930000  161 0.390000 
-0.090000  -0.960000  162 0.390000 
0.025000  -0.920000  163 0.390000 
0.285000  -1.120000  164 0.390000 
-0.395000  -1.080000  165 0.390000 
0.325000  -0.940000  166 0.390000 
0.265000  -1.120000  167 0.390000 
0.025000  -0.900000  168 0.390000 
0.115000  -1.090000  169 0.390000 
-0.350000  -1.150000  170 0.390000 
-0.145000  -0.950000  171 0.390000 
-0.200000  -0.970000  172 0.390000 
-0.425000  -1.070000  173 0.390000 
-0.330000  -1.090000  174 0.390000 
-0.420000  -1.090000  175 0.390000 
-0.205000  -1.120000  176 0.390000 
0.040000  -0.860000  177 0.390000 
0.090000  -1.080000  178 0.390000 
-0.440000  -1.220000  179 0.390000 
-0.155000  -1.080000  180 0.390000 
-0.190000  -1.050000  181 0.390000 
-0.020000  -1.050000  182 0.390000 
0.615000  -1.210000  183 0.390000 
0.160000  -0.920000  184 0.390000 
-0.275000  -1.140000  185 0.390000 
0.090000  -1.010000  186 0.390000 
-0.160000  -0.970000  187 0.390000 
-0.360000  -1.070000  188 0.390000 
-0.285000  -0.890000  189 0.390000 
-0.015000  -0.850000  190 0.390000 
-0.215000  -1.190000  191 0.390000 
0.225000  -1.200000  192 0.390000 
-0.450000  -1.110000  193 0.390000 
0.055000  -1.020000  194 0.390000 
-0.290000  -0.930000  195 0.390000 
0.015000  -1.110000  196 0.390000 
-0.295000  -1.130000  197 0.390000 
-0.120000  -1.090000  198 0.390000 
-0.485000  -1.140000  199 0.390000 
0.165000  -0.870000  200 0.390000 
0.205000  -1.080000  201 0.390000 
0.130000  -1.120000  202 0.390000 
-0.020000  -0.960000  203 0.390000 
-0.395000  -0.970000  204 0.390000 
-0.550000  -1.120000  205 0.390000 
0.515000  -1.190000  206 0.390000 
0.415000  -1.090000  207 0.390000 
0.280000  -0.990000  208 0.390000 
0.285000  -1.000000  209 0.390000 
0.530000  -1.180000  210 0.390000 
0.310000  -1.120000  211 0.390000 
-0.505000  -1.100000  212 0.390000 
-0.435000  -1.240000  213 0.390000 
-0.270000  -1.120000  214 0.390000 
0.220000  -1.080000  215 0.390000 
0.015000  -1.200000  216 0.390000 
-0.185000  -0.920000  217 0.390000 
0.025000  -1.090000  218 0.390000 
-0.230000  -1.170000  219 0.390000 
-0.350000  -1.060000  220 0.390000 
0.515000  -1.200000  221 0.390000 
0.240000  -0.970000  222 0.390000 
-0.210000  -0.930000  223 0.390000 
0.045000  -1.100000  224 0.390000 
0.405000  -1.260000  225 0.390000 
-0.075000  -0.920000  226 0.390000 
0.250000  -0.880000  227 0.390000 
-0.015000  -1.010000  228 0.390000 
0.080000  -0.960000  229 0.390000 
0.320000  -1.100000  230 0.390000 
-0.335000  -1.070000  231 0.390000 
0.515000  -1.080000  232 0.390000 
0.420000  -1.020000  233 0.390000 
0.035000  -1.040000  234 0.390000 
0.545000  -1.190000  235 0.390000 
0.090000  -1.040000  236 0.390000 
-0.145000  -1.050000  237 0.390000 
-0.345000  -1.030000  238 0.390000 
-0.370000  -0.960000  239 0.390000 
0.220000  -1.040000  240 0.390000 
-0.315000  -1.140000  241 0.390000 
-0.015000  -0.990000  242 0.390000 
0.235000  -1.060000  243 0.390000 
0.585000  -1.190000  244 0.390000 
0.415000  -1.160000  245 0.390000 
-0.525000  -1.080000  246 0.390000 
0.310000  -1.080000  247 0.390000 
-0.430000  -1.120000  248 0.390000 
0.660000  -1.320000  249 0.390000 
-0.155000  -1.050000  250 0.390000 
-0.205000  -0.820000  251 0.390000 
-0.205000  -1.090000  252 0.390000 
-0.020000  -1.190000  253 0.390000 
-0.330000  -0.890000  254 0.390000 
0.565000  -1.130000  255 0.390000 
0.425000  -1.110000  256 0.390000 
0.105000  -1.030000  257 0.390000 
0.375000  -1.000000  258 0.390000 
0.150000  -0.990000  259 0.390000 
-0.105000  -1.020000  260 0.390000 
0.150000  -1.120000  261 0.390000 
-0.700000  -1.220000  262 0.390000 
-0.530000  -1.150000  263 0.390000 
-0.345000  -0.930000  264 0.390000 
-0.080000  -0.970000  265 0.390000 
0.555000  -1.310000  266 0.390000 
0.140000  -1.110000  267 0.390000 
-0.180000  -1.090000  268 0.390000 
0.275000  -1.050000  269 0.390000 
-0.635000  -1.220000  270 0.390000 
0.275000  -0.980000  271 0.390000 
0.155000  -1.020000  272 0.390000 
0.280000  -1.030000  273 0.390000 
-0.165000  -1.140000  274 0.390000 
0.535000  -0.990000  275 0.390000 
-0.005000  -1.030000  276 0.390000 
-0.220000  -0.940000  277 0.390000 
-0.520000  -1.220000  278 0.390000 
0.035000  -0.880000  279 0.390000 
0.105000  -1.050000  280 0.390000 
0.245000  -0.860000  281 0.390000 
-0.470000  -1.070000  282 0.390000 
0.070000  -1.060000  283 0.390000 
0.170000  -1.090000  284 0.390000 
-0.180000  -1.260000  285 0.390000 
0.275000  -1.000000  286 0.390000 
0.135000  -0.890000  287 0.390000 
0.395000  -1.230000  288 0.390000 
-0.470000  -1.000000  289 0.390000 
-0.195000  -1.140000  290 0.390000 
-0.185000  -1.120000  291 0.390000 
-0.255000  -0.990000  292 0.390000 
-0.255000  -0.920000  293 0.390000 
-0.450000  -1.170000  294 0.390000 
0.130000  -0.710000  295 0.390000 
0.340000  -1.020000  296 0.390000 
-0.030000  -0.870000  297 0.390000 
0.110000  -1.210000  298 0.390000 
-0.335000  -0.970000  299 0.390000 
-0.610000  -1.180000  300 0.390000 
0.060000  -0.980000  301 0.390000 
-0.180000  -0.950000  302 0.390000 
-0.415000  -1.200000  303 0.390000 
-0.085000  -1.360000  304 0.390000 
0.295000  -1.070000  305 0.390000 
0.475000  -1.090000  306 0.390000 
0.015000  -0.830000  307 0.390000 
0.395000  -0.920000  308 0.390000 
-0.675000  -1.320000  309 0.390000 
0.045000  -1.130000  310 0.390000 
0.270000  -1.130000  311 0.390000 
0.255000  -1.130000  312 0.390000 
-0.535000  -1.170000  313 0.390000 
-0.470000  -1.240000  314 0.390000 
-0.105000  -1.130000  315 0.390000 
0.625000  -1.190000  316 0.390000 
0.255000  -1.070000  317 0.390000 
0.635000  -1.240000  318 0.390000 
0.620000  -1.270000  319 0.390000 
0.430000  -1.070000  320 0.390000 
-0.215000  -1.070000  321 0.390000 
-0.225000  -0.950000  322 0.390000 
-0.095000  -1.020000  323 0.390000 
0.520000  -1.130000  324 0.390000 
0.415000  -1.140000  325 0.390000 
-0.165000  -1.010000  326 0.390000 
-0.500000  -1.000000  327 0.390000 
-0.440000  -1.200000  328 0.390000 
0.315000  -0.970000  329 0.390000 
0.315000  -0.950000  330 0.390000 
0.170000  -1.070000  331 0.390000 
0.110000  -1.040000  332 0.390000 
0.160000  -1.230000  333 0.390000 
-0.205000  -1.030000  334 0.390000 
0.130000  -1.000000  335 0.390000 
0.285000  -1.130000  336 0.390000 
-0.375000  -0.910000  337 0.390000 
-0.050000  -1.120000  338 0.390000 
0.050000  -1.060000  339 0.390000 
-0.340000  -1.150000  340 0.390000 
-0.100000  -1.170000  341 0.390000 
0.485000  -1.050000  342 0.390000 
0.740000  -1.330000  343 0.390000 
0.635000  -1.370000  344 0.390000 
0.660000  -1.270000  345 0.390000 
0.600000  -1.220000  346 0.390000 
0.695000  -1.270000  347 0.390000 
0.275000  -1.120000  348 0.390000 
0.505000  -1.120000  349 0.390000 
0.240000  -0.890000  350 0.390000 
0.305000  -1.130000  351 0.390000 
-0.285000  -1.070000  352 0.390000 
0.520000  -1.290000  353 0.390000 
-0.165000  -1.270000  354 0.390000 
0.280000  -0.980000  355 0.390000 
0.315000  -1.130000  356 0.390000 
0.350000  -1.040000  357 0.390000 
0.465000  -1.140000  358 0.390000 
-0.030000  -1.070000  359 0.390000 
0.545000  -1.410000  360 0.390000 
-0.110000  -1.100000  361 0.390000 
0.430000  -1.040000  362 0.390000 
0.615000  -1.350000  363 0.390000 
0.265000  -1.120000  364 0.390000 
0.425000  -1.070000  365 0.390000 
-0.535000  -1.160000  366 0.390000 
0.410000  -1.270000  367 0.390000 
0.150000  -0.950000  368 0.390000 
-0.365000  -1.050000  369 0.390000 
0.025000  -0.990000  370 0.390000 
-0.560000  -1.150000  371 0.390000 
-0.155000  -0.870000  372 0.390000 
-0.475000  -0.960000  373 0.390000 
-0.105000  -1.050000  374 0.390000 
0.120000  -1.060000  375 0.390000 
0.275000  -1.150000  376 0.390000 
0.020000  -1.090000  377 0.390000 
0.205000  -0.990000  378 0.390000 
0.630000  -1.290000  379 0.390000 
0.245000  -1.020000  380 0.390000 
0.270000  -1.060000  381 0.390000 
0.120000  -1.120000  382 0.390000 
-0.055000  -1.060000  383 0.390000 
0.535000  -1.210000  384 0.390000 
0.285000  -1.050000  385 0.390000 
-0.220000  -1.280000  386 0.390000 
-0.110000  -1.110000  387 0.390000 
0.030000  -0.950000  388 0.390000 
-0.060000  -0.890000  389 0.390000 
0.370000  -1.100000  390 0.390000 
0.405000  -1.140000  391 0.390000 
0.260000  -0.910000  392 0.390000 
0.380000  -1.140000  393 0.390000 
0.000000  -1.020000  394 0.390000 
-0.165000  -1.020000  395 0.390000 
-0.385000  -1.020000  396 0.390000 
-0.585000  -1.200000  397 0.390000 
0.140000  -1.100000  398 0.390000 
0.060000  -1.090000  399 0.390000 
-0.555000  -1.080000  400 0.390000 
0.295000  -1.240000  401 0.390000 
0.185000  -0.940000  402 0.390000 
0.405000  -1.030000  403 0.390000 
0.455000  -1.180000  404 0.390000 
0.165000  -0.950000  405 0.390000 
0.120000  -1.070000  406 0.390000 
-0.430000  -0.940000  407 0.390000 
-0.305000  -1.060000  408 0.390000 
-0.305000  -0.860000  409 0.390000 
-0.325000  -1.070000  410 0.390000 
-0.675000  -1.230000  411 0.390000 
-0.075000  -0.930000  412 0.390000 
-0.130000  -0.770000  413 0.390000 
-0.250000  -1.070000  414 0.390000 
-0.090000  -0.920000  415 0.390000 
0.575000  -1.140000  416 0.390000 
-0.035000  -1.050000  417 0.390000 
-0.110000  -0.990000  418 0.390000 
-0.510000  -1.180000  419 0.390000 
0.180000  -1.050000  420 0.390000 
-0.200000  -1.020000  421 0.390000 
-0.090000  -0.950000  422 0.390000 
-0.155000  -0.930000  423 0.390000 
0.590000  -1.140000  424 0.390000 
0.250000  -1.050000  425 0.390000 
-0.340000  -1.070000  426 0.390000 
-0.160000  -0.930000  427 0.390000 
-0.255000  -1.070000  428 0.390000 
-0.225000  -1.060000  429 0.390000 
0.405000  -1.040000  430 0.390000 
0.350000  -1.130000  431 0.390000 
-0.080000  -1.040000  432 0.390000 
0.255000  -0.940000  433 0.390000 
-0.470000  -1.100000  434 0.390000 
-0.305000  -1.010000  435 0.390000 
-0.455000  -1.110000  436 0.390000 
-0.545000  -1.160000  437 0.390000 
0.205000  -0.950000  438 0.390000 
0.340000  -1.030000  439 0.390000 
-0.110000  -1.030000  440 0.390000 
-0.130000  -1.140000  441 0.390000 
-0.110000  -0.940000  442 0.390000 
-0.385000  -1.190000  443 0.390000 
-0.205000  -1.080000  444 0.390000 
0.105000  -1.260000  445 0.390000 
0.265000  -0.930000  446 0.390000 
0.635000  -1.280000  447 0.390000 
0.040000  -0.910000  448 0.390000 
0.200000  -0.980000  449 0.390000 
-0.060000  -0.820000  450 0.390000 
-0.310000  -0.920000  451 0.390000 
0.400000  -1.210000  452 0.390000 
0.130000  -1.050000  453 0.390000 
-0.495000  -1.250000  454 0.390000 
0.220000  -1.100000  455 0.390000 
0.070000  -0.950000  456 0.390000 
-0.455000  -1.230000  457 0.390000 
-0.640000  -1.130000  458 0.390000 
-0.125000  -0.960000  459 0.390000 
-0.495000  -1.050000  460 0.390000 
0.065000  -0.980000  461 0.390000 
0.230000  -1.110000  462 0.390000 
-0.255000  -0.970000  463 0.390000 
-0.320000  -1.010000  464 0.390000 
-0.125000  -1.070000  465 0.390000 
0.095000  -1.180000  466 0.390000 
0.295000  -1.070000  467 0.390000 
-0.235000  -0.960000  468 0.390000 
0.155000  -0.890000  469 0.390000 
0.390000  -1.070000  470 0.390000 
-0.040000  -0.930000  471 0.390000 
0.070000  -0.860000  472 0.390000 
0.045000  -0.860000  473 0.390000 
-0.020000  -0.870000  474 0.390000 
0.420000  -1.130000  475 0.390000 
0.530000  -1.110000  476 0.390000 
-0.370000  -1.080000  477 0.390000 
0.255000  -1.070000  478 0.390000 
0.220000  -0.820000  479 0.390000 
0.265000  -1.160000  480 0.390000 
0.060000  -0.980000  481 0.390000 
-0.180000  -0.980000  482 0.390000 
-0.670000  -1.230000  483 0.390000 
0.170000  -1.120000  484 0.390000 
-0.195000  -1.250000  485 0.390000 
0.120000  -0.980000  486 0.390000 
-0.205000  -1.100000  487 0.390000 
0.235000  -1.100000  488 0.390000 
0.025000  -0.960000  489 0.390000 
-0.165000  -0.940000  490 0.390000 
0.450000  -1.130000  491 0.390000 
0.175000  -1.000000  492 0.390000 
0.575000  -1.170000  493 0.390000 
-0.055000  -0.920000  494 0.390000 
-0.555000  -1.170000  495 0.390000 
-0.030000  -1.090000  496 0.390000 
-0.340000  -1.020000  497 0.390000 
0.225000  -1.170000  498 0.390000 
-0.220000  -1.040000  499 0.390000 
0.365000  -1.010000  500 0.390000 
0.460000  -1.210000  501 0.390000 
0.285000  -1.130000  502 0.390000 
0.110000  -1.050000  503 0.390000 
0.220000  -0.830000  504 0.390000 
0.205000  -0.930000  505 0.390000 
0.175000  -1.060000  506 0.390000 
-0.020000  -0.990000  507 0.390000 
-0.140000  -0.800000  508 0.390000 
-0.090000  -1.080000  509 0.390000 
0.170000  -0.940000  510 0.390000 
0.195000  -1.050000  511 0.390000 
0.480000  -1.200000  512 0.390000 
-0.135000  -0.970000  513 0.390000 
-0.190000  -1.150000  514 0.390000 
-0.035000  -1.030000  515 0.390000 
-0.165000  -0.980000  516 0.390000 
0.110000  -0.980000  517 0.390000 
0.230000  -1.070000  518 0.390000 
0.035000  -0.960000  519 0.390000 
0.780000  -1.520000  520 0.390000 
-0.225000  -0.950000  521 0.390000 
-0.245000  -0.970000  522 0.390000 
0.040000  -0.770000  523 0.390000 
-0.010000  -0.850000  524 0.390000 
0.175000  -1.050000  525 0.390000 
-0.085000  -1.110000  526 0.390000 
0.400000  -1.040000  527 0.390000 
0.070000  -1.010000  528 0.390000 
0.105000  -1.030000  529 0.390000 
0.340000  -0.890000  530 0.390000 
0.480000  -1.100000  531 0.390000 
0.170000  -1.010000  532 0.390000 
-0.005000  -0.970000  533 0.390000 
0.520000  -1.250000  534 0.390000 
0.385000  -1.010000  535 0.390000 
0.515000  -1.160000  536 0.390000 
-0.355000  -1.050000  537 0.390000 
0.440000  -1.030000  538 0.390000 
0.230000  -0.770000  539 0.390000 
-0.345000  -0.940000  540 0.390000 
-0.275000  -1.030000  541 0.390000 
0.305000  -1.040000  542 0.390000 
0.405000  -1.010000  543 0.390000 
-0.305000  -1.120000  544 0.390000 
-0.220000  -0.950000  545 0.390000 
-0.420000  -1.210000  546 0.390000 
-0.335000  -1.200000  547 0.390000 
-0.440000  -1.070000  548 0.390000 
-0.085000  -0.990000  549 0.390000 
0.320000  -1.050000  550 0.390000 
0.350000  -1.010000  551 0.390000 
0.240000  -1.080000  552 0.390000 
-0.050000  -1.140000  553 0.390000 
0.155000  -1.070000  554 0.390000 
0.320000  -1.120000  555 0.390000 
0.230000  -1.190000  556 0.390000 
0.310000  -0.960000  557 0.390000 
-0.090000  -1.120000  558 0.390000 
0.185000  -1.230000  559 0.390000 
0.215000  -1.220000  560 0.390000 
0.360000  -1.010000  561 0.390000 
0.640000  -1.260000  562 0.390000 
0.170000  -1.010000  563 0.390000 
0.195000  -1.020000  564 0.390000 
0.770000  -1.340000  565 0.390000 
0.380000  -1.230000  566 0.390000 
-0.240000  -1.020000  567 0.390000 
0.200000  -0.930000  568 0.390000 
-0.260000  -0.880000  569 0.390000 
0.220000  -1.040000  570 0.390000 
-0.340000  -1.020000  571 0.390000 
0.300000  -1.090000  572 0.390000 
-0.180000  -1.270000  573 0.390000 
-0.325000  -1.100000  574 0.390000 
-0.445000  -1.090000  575 0.390000 
-0.110000  -0.990000  576 0.390000 
0.065000  -1.110000  577 0.390000 
-0.010000  -1.110000  578 0.390000 
0.250000  -0.950000  579 0.390000 
-0.400000  -1.100000  580 0.390000 
-0.265000  -1.120000  581 0.390000 
-0.065000  -1.080000  582 0.390000 
-0.345000  -1.290000  583 0.390000 
0.370000  -1.100000  584 0.390000 
0.050000  -1.110000  585 0.390000 
0.165000  -1.150000  586 0.390000 
-0.220000  -1.010000  587 0.390000 
0.120000  -1.070000  588 0.390000 
-0.590000  -1.150000  589 0.390000 
-0.045000  -1.160000  590 0.390000 
0.300000  -1.100000  591 0.390000 
-0.160000  -1.140000  592 0.390000 
-0.210000  -1.110000  593 0.390000 
-0.270000  -1.120000  594 0.390000 
0.275000  -1.050000  595 0.390000 
0.250000  -1.030000  596 0.390000 
-0.230000  -0.980000  597 0.390000 
0.510000  -1.050000  598 0.390000 
-0.070000  -1.040000  599 0.390000 
-0.450000  -0.860000  600 0.390000 
0.055000  -0.930000  601 0.390000 
0.455000  -1.040000  602 0.390000 
-0.070000  -0.950000  603 0.390000 
-0.335000  -1.040000  604 0.390000 
0.100000  -0.920000  605 0.390000 
0.055000  -0.880000  606 0.390000 
0.345000  -1.070000  607 0.390000 
0.220000  -1.040000  608 0.390000 
-0.175000  -1.130000  609 0.390000 
-0.615000  -1.270000  610 0.390000 
-0.310000  -1.080000  611 0.390000 
-0.080000  -0.970000  612 0.390000 
-0.580000  -1.300000  613 0.390000 
0.000000  -0.960000  614 0.390000 
0.030000  -1.010000  615 0.390000 
0.380000  -1.110000  616 0.390000 
-0.070000  -1.120000  617 0.390000 
-0.065000  -0.900000  618 0.390000 
-0.100000  -1.080000  619 0.390000 
-0.230000  -1.100000  620 0.390000 
-0.210000  -1.070000  621 0.390000 
0.445000  -1.110000  622 0.390000 
0.195000  -0.970000  623 0.390000 
0.525000  -1.120000  624 0.390000 
-0.300000  -1.150000  625 0.390000 
-0.455000  -1.100000  626 0.390000 
-0.445000  -1.030000  627 0.390000 
-0.300000  -0.930000  628 0.390000 
-0.300000  -0.990000  629 0.390000 
-0.370000  -1.050000  630 0.390000 
-0.100000  -1.010000  631 0.390000 
0.455000  -1.100000  632 0.390000 
0.490000  -1.160000  633 0.390000 
0.205000  -1.090000  634 0.390000 
0.355000  -0.960000  635 0.390000 
0.655000  -1.230000  636 0.390000 
0.540000  -1.200000  637 0.390000 
-0.050000  -1.140000  638 0.390000 
-0.505000  -1.190000  639 0.390000 
-0.105000  -0.910000  640 0.390000 
-0.170000  -1.030000  641 0.390000 
-0.105000  -1.060000  642 0.390000 
-0.125000  -0.910000  643 0.390000 
0.195000  -1.040000  644 0.390000 
0.265000  -0.930000  645 0.390000 
0.195000  -0.970000  646 0.390000 
-0.290000  -1.110000  647 0.390000 
0.300000  -1.090000  648 0.390000 
0.490000  -1.140000  649 0.390000 
0.185000  -0.870000  650 0.390000 
-0.240000  -0.940000  651 0.390000 
-0.310000  -1.120000  652 0.390000 
0.045000  -0.950000  653 0.390000 
-0.205000  -1.130000  654 0.390000 
-0.025000  -0.930000  655 0.390000 
-0.335000  -0.960000  656 0.390000 
-0.565000  -1.270000  657 0.390000 
0.075000  -1.090000  658 0.390000 
0.540000  -1.230000  659 0.390000 
0.030000  -0.880000  660 0.390000 
0.060000  -1.080000  661 0.390000 
-0.460000  -0.960000  662 0.390000 
0.265000  -0.910000  663 0.390000 
-0.070000  -0.890000  664 0.390000 
0.045000  -1.170000  665 0.390000 
-0.130000  -0.930000  666 0.390000 
0.595000  -1.290000  667 0.390000 
0.535000  -1.130000  668 0.390000 
-0.105000  -0.990000  669 0.390000 
0.330000  -1.110000  670 0.390000 
-0.255000  -1.030000  671 0.390000 
0.440000  -1.090000  672 0.390000 
0.060000  -0.880000  673 0.390000 
0.105000  -1.020000  674 0.390000 
-0.190000  -1.190000  675 0.390000 
-0.485000  -1.060000  676 0.390000 
-0.470000  -1.120000  677 0.390000 
0.015000  -0.990000  678 0.390000 
-0.020000  -1.000000  679 0.390000 
-0.320000  -1.050000  680 0.390000 
0.375000  -1.160000  681 0.390000 
0.495000  -1.070000  682 0.390000 
0.295000  -1.030000  683 0.390000 
-0.005000  -0.930000  684 0.390000 
-0.090000  -0.890000  685 0.390000 
0.160000  -1.060000  686 0.390000 
0.090000  -0.940000  687 0.390000 
0.340000  -1.210000  688 0.390000 
0.500000  -1.140000  689 0.390000 
0.155000  -1.000000  690 0.390000 
-0.485000  -0.990000  691 0.390000 
-0.445000  -1.000000  692 0.390000 
-0.500000  -1.110000  693 0.390000 
0.190000  -0.940000  694 0.390000 
0.245000  -0.990000  695 0.390000 
-0.680000  -1.290000  696 0.390000 
0.160000  -0.880000  697 0.390000 
0.110000  -1.270000  698 0.390000 
0.250000  -1.070000  699 0.390000 
-0.035000  -1.070000  700 0.390000 
0.080000  -0.870000  701 0.390000 
-0.010000  -0.900000  702 0.390000 
0.145000  -1.180000  703 0.390000 
0.235000  -1.040000  704 0.390000 
0.615000  -1.150000  705 0.390000 
-0.040000  -0.880000  706 0.390000 
0.180000  -1.040000  707 0.390000 
0.355000  -1.060000  708 0.390000 
-0.225000  -1.220000  709 0.390000 
-0.075000  -1.080000  710 0.390000 
-0.095000  -0.830000  711 0.390000 
-0.155000  -1.050000  712 0.390000 
0.510000  -1.200000  713 0.390000 
0.595000  -1.180000  714 0.390000 
-0.340000  -1.220000  715 0.390000 
-0.450000  -1.100000  716 0.390000 
-0.035000  -0.920000  717 0.390000 
-0.680000  -1.260000  718 0.390000 
-0.440000  -1.110000  719 0.390000 
-0.050000  -0.940000  720 0.390000 
0.010000  -1.110000  721 0.390000 
0.040000  -0.910000  722 0.390000 
0.105000  -1.090000  723 0.390000 
0.350000  -1.150000  724 0.390000 
-0.395000  -1.170000  725 0.390000 
-0.675000  -1.300000  726 0.390000 
0.015000  -1.150000  727 0.390000 
0.110000  -0.830000  728 0.390000 
-0.105000  -0.970000  729 0.390000 
0.375000  -0.950000  730 0.390000 
0.165000  -1.080000  731 0.390000 
0.110000  -1.200000  732 0.390000 
0.080000  -1.090000  733 0.390000 
-0.135000  -1.210000  734 0.390000 
0.250000  -0.900000  735 0.390000 
-0.330000  -1.000000  736 0.390000 
-0.375000  -1.010000  737 0.390000 
-0.165000  -0.920000  738 0.390000 
-0.140000  -0.910000  739 0.390000 
0.100000  -1.050000  740 0.390000 
-0.060000  -1.090000  741 0.390000 
0.130000  -0.960000  742 0.390000 
0.190000  -1.030000  743 0.390000 
-0.300000  -1.020000  744 0.390000 
-0.485000  -1.120000  745 0.390000 
-0.295000  -0.860000  746 0.390000 
-0.185000  -1.160000  747 0.390000 
-0.455000  -1.170000  748 0.390000 
-0.080000  -1.120000  749 0.390000 
-0.090000  -1.110000  750 0.390000 
0.045000  -1.060000  751 0.390000 
-0.035000  -1.020000  752 0.390000 
-0.300000  -1.200000  753 0.390000 
0.190000  -0.920000  754 0.390000 
-0.375000  -0.950000  755 0.390000 
0.190000  -0.960000  756 0.390000 
0.265000  -1.130000  757 0.390000 
0.130000  -1.070000  758 0.390000 
-0.130000  -1.070000  759 0.390000 
0.100000  -1.020000  760 0.390000 
-0.285000  -1.040000  761 0.390000 
0.400000  -1.100000  762 0.390000 
0.750000  -1.360000  763 0.390000 
0.350000  -1.160000  764 0.390000 
-0.280000  -0.930000  765 0.390000 
0.090000  -1.040000  766 0.390000 
0.035000  -0.940000  767 0.390000 
-0.540000  -1.100000  768 0.390000 
-0.560000  -1.160000  769 0.390000 
-0.070000  -1.050000  770 0.390000 
-0.070000  -1.200000  771 0.390000 
-0.070000  -1.020000  772 0.390000 
0.030000  -0.910000  773 0.390000 
0.430000  -1.180000  774 0.390000 
0.475000  -1.130000  775 0.390000 
0.660000  -1.250000  776 0.390000 
-0.065000  -1.010000  777 0.390000 
-0.185000  -1.050000  778 0.390000 
-0.585000  -1.160000  779 0.390000 
-0.300000  -1.090000  780 0.390000 
-0.110000  -0.940000  781 0.390000 
-0.595000  -1.260000  782 0.390000 
-0.485000  -1.150000  783 0.390000 
0.270000  -1.040000  784 0.390000 
0.350000  -1.150000  785 0.390000 
-0.135000  -1.010000  786 0.390000 
-0.645000  -1.280000  787 0.390000 
0.095000  -1.000000  788 0.390000 
-0.735000  -1.370000  789 0.390000 
-0.380000  -1.000000  790 0.390000 
0.085000  -0.840000  791 0.390000 
0.140000  -0.830000  792 0.390000 
-0.165000  -0.880000  793 0.390000 
0.325000  -1.040000  794 0.390000 
0.080000  -1.060000  795 0.390000 
-0.145000  -0.970000  796 0.390000 
0.040000  -1.160000  797 0.390000 
0.085000  -0.910000  798 0.390000 
-0.210000  -1.140000  799 0.390000 
-0.290000  -1.030000  800 0.390000 
-0.475000  -1.140000  801 0.390000 
-0.510000  -0.940000  802 0.390000 
0.185000  -1.010000  803 0.390000 
-0.570000  -1.190000  804 0.390000 
-0.305000  -0.930000  805 0.390000 
-0.400000  -1.140000  806 0.390000 
0.355000  -1.160000  807 0.390000 
0.275000  -1.080000  808 0.390000 
0.155000  -1.100000  809 0.390000 
0.405000  -1.120000  810 0.390000 
0.460000  -1.270000  811 0.390000 
0.130000  -0.900000  812 0.390000 
-0.185000  -0.930000  813 0.390000 
0.245000  -0.950000  814 0.390000 
0.165000  -1.020000  815 0.390000 
0.100000  -0.970000  816 0.390000 
-0.165000  -0.940000  817 0.390000 
-0.260000  -1.110000  818 0.390000 
0.470000  -1.150000  819 0.390000 
0.340000  -0.980000  820 0.390000 
-0.345000  -0.870000  821 0.390000 
0.355000  -0.910000  822 0.390000 
0.095000  -1.060000  823 0.390000 
0.140000  -1.030000  824 0.390000 
-0.290000  -0.950000  825 0.390000 
-0.425000  -1.220000  826 0.390000 
-0.185000  -1.170000  827 0.390000 
0.645000  -1.240000  828 0.390000 
0.425000  -1.130000  829 0.390000 
-0.125000  -1.040000  830 0.390000 
0.060000  -1.060000  831 0.390000 
-0.040000  -0.860000  832 0.390000 
0.060000  -0.940000  833 0.390000 
0.395000  -0.990000  834 0.390000 
-0.030000  -0.890000  835 0.390000 
-0.195000  -0.790000  836 0.390000 
0.380000  -1.070000  837 0.390000 
0.080000  -1.120000  838 0.390000 
-0.070000  -1.060000  839 0.390000 
0.005000  -0.870000  840 0.390000 
-0.070000  -0.950000  841 0.390000 
0.120000  -1.070000  842 0.390000 
0.350000  -1.170000  843 0.390000 
-0.300000  -1.210000  844 0.390000 
0.215000  -1.000000  845 0.390000 
0.045000  -0.980000  846 0.390000 
-0.090000  -0.970000  847 0.390000 
0.200000  -1.100000  848 0.390000 
-0.110000  -1.060000  849 0.390000 
-0.300000  -0.910000  850 0.390000 
0.230000  -1.310000  851 0.390000 
-0.180000  -0.840000  852 0.390000 
0.530000  -1.320000  853 0.390000 
0.345000  -1.140000  854 0.390000 
-0.080000  -1.160000  855 0.390000 
-0.420000  -0.920000  856 0.390000 
-0.450000  -1.090000  857 0.390000 
0.140000  -1.040000  858 0.390000 
0.725000  -1.450000  859 0.390000 
0.615000  -1.180000  860 0.390000 
0.080000  -0.970000  861 0.390000 
-0.060000  -0.930000  862 0.390000 
-0.365000  -1.210000  863 0.390000 
-0.410000  -0.950000  864 0.390000 
-0.570000  -1.130000  865 0.390000 
-0.020000  -0.910000  866 0.390000 
-0.295000  -1.060000  867 0.390000 
-0.565000  -1.170000  868 0.390000 
0.495000  -1.130000  869 0.390000 
-0.275000  -1.030000  870 0.390000 
0.355000  -0.870000  871 0.390000 
-0.370000  -1.020000  872 0.390000 
-0.080000  -1.100000  873 0.390000 
0.300000  -1.100000  874 0.390000 
0.015000  -0.990000  875 0.390000 
-0.360000  -1.110000  876 0.390000 
-0.010000  -0.940000  877 0.390000 
-0.020000  -0.950000  878 0.390000 
-0.230000  -1.040000  879 0.390000 
0.215000  -0.890000  880 0.390000 
-0.280000  -0.970000  881 0.390000 
-0.460000  -1.050000  882 0.390000 
0.380000  -1.150000  883 0.390000 
0.080000  -0.770000  884 0.390000 
-0.180000  -1.010000  885 0.390000 
0.495000  -1.220000  886 0.390000 
0.550000  -1.270000  887 0.390000 
0.190000  -1.110000  888 0.390000 
0.645000  -1.280000  889 0.390000 
-0.255000  -1.000000  890 0.390000 
0.155000  -1.070000  891 0.390000 
0.400000  -1.140000  892 0.390000 
-0.440000  -1.170000  893 0.390000 
-0.275000  -0.910000  894 0.390000 
-0.360000  -1.030000  895 0.390000 
-0.345000  -1.080000  896 0.390000 
0.385000  -1.120000  897 0.390000 
0.075000  -1.100000  898 0.390000 
-0.165000  -1.020000  899 0.390000 
0.160000  -0.950000  900 0.390000 
-0.040000  -0.950000  901 0.390000 
-0.540000  -1.210000  902 0.390000 
-0.380000  -1.190000  903 0.390000 
-0.075000  -0.880000  904 0.390000 
-0.160000  -1.300000  905 0.390000 
-0.040000  -1.010000  906 0.390000 
-0.515000  -1.290000  907 0.390000 
-0.285000  -0.910000  908 0.390000 
-0.190000  -0.970000  909 0.390000 
-0.180000  -0.950000  910 0.390000 
-0.490000  -1.040000  911 0.390000 
0.325000  -1.080000  912 0.390000 
0.230000  -1.140000  913 0.390000 
-0.015000  -0.970000  914 0.390000 
0.000000  -0.970000  915 0.390000 
0.380000  -1.180000  916 0.390000 
-0.115000  -0.990000  917 0.390000 
0.030000  -0.930000  918 0.390000 
0.100000  -1.060000  919 0.390000 
0.210000  -0.970000  920 0.390000 
0.075000  -0.900000  921 0.390000 
-0.190000  -1.070000  922 0.390000 
0.065000  -1.000000  923 0.390000 
0.515000  -1.170000  924 0.390000 
-0.070000  -0.960000  925 0.390000 
0.080000  -1.010000  926 0.390000 
-0.370000  -1.070000  927 0.390000 
-0.050000  -1.070000  928 0.390000 
-0.130000  -0.850000  929 0.390000 
-0.170000  -1.180000  930 0.390000 
-0.485000  -1.210000  931 0.390000 
-0.735000  -1.320000  932 0.390000 
-0.625000  -1.200000  933 0.390000 
-0.245000  -1.110000  934 0.390000 
-0.180000  -1.010000  935 0.390000 
0.090000  -1.130000  936 0.390000 
-0.155000  -1.040000  937 0.390000 
0.290000  -1.000000  938 0.390000 
-0.300000  -1.040000  939 0.390000 
-0.400000  -1.040000  940 0.390000 
-0.100000  -1.230000  941 0.390000 
-0.235000  -0.990000  942 0.390000 
0.280000  -1.040000  943 0.390000 
-0.285000  -1.180000  944 0.390000 
0.255000  -0.960000  945 0.390000 
0.160000  -1.040000  946 0.390000 
0.570000  -1.200000  947 0.390000 
0.335000  -0.970000  948 0.390000 
-0.310000  -1.150000  949 0.390000 
-0.290000  -1.120000  950 0.390000 
0.255000  -1.030000  951 0.390000 
-0.285000  -1.050000  952 0.390000 
-0.325000  -1.100000  953 0.390000 
-0.300000  -1.100000  954 0.390000 
0.210000  -1.220000  955 0.390000 
0.700000  -1.220000  956 0.390000 
0.630000  -1.290000  957 0.390000 
-0.135000  -1.100000  958 0.390000 
0.330000  -1.070000  959 0.390000 
-0.040000  -0.950000  960 0.390000 
0.065000  -1.070000  961 0.390000 
0.295000  -1.020000  962 0.390000 
-0.050000  -0.990000  963 0.390000 
-0.130000  -1.150000  964 0.390000 
-0.150000  -0.960000  965 0.390000 
0.250000  -1.030000  966 0.390000 
-0.500000  -1.280000  967 0.390000 
0.335000  -0.960000  968 0.390000 
0.290000  -1.080000  969 0.390000 
0.210000  -1.070000  970 0.390000 
-0.375000  -1.000000  971 0.390000 
0.170000  -0.950000  972 0.390000 
-0.060000  -1.060000  973 0.390000 
0.325000  -0.970000  974 0.390000 
0.210000  -1.080000  975 0.390000 
-0.140000  -0.920000  976 0.390000 
-0.385000  -0.960000  977 0.390000 
0.110000  -1.170000  978 0.390000 
-0.165000  -0.970000  979 0.390000 
-0.205000  -1.050000  980 0.390000 
-0.430000  -1.080000  981 0.390000 
0.090000  -1.130000  982 0.390000 
0.070000  -0.970000  983 0.390000 
-0.270000  -1.000000  984 0.390000 
-0.105000  -1.140000  985 0.390000 
0.195000  -0.880000  986 0.390000 
0.540000  -1.190000  987 0.390000 
0.135000  -0.870000  988 0.390000 
-0.090000  -0.970000  989 0.390000 
0.255000  -1.090000  990 0.390000 
-0.400000  -1.110000  991 0.390000 
-0.260000  -1.060000  992 0.390000 
-0.615000  -1.250000  993 0.390000 
-0.460000  -1.080000  994 0.390000 
-0.045000  -1.020000  995 0.390000 
-0.050000  -1.210000  996 0.390000 
-0.585000  -1.170000  997 0.390000 
-0.105000  -1.040000  998 0.390000 
0.450000  -1.060000  999 0.390000 
