0.905000  -1.690000  0 0.433000 
0.840000  -1.510000  1 0.433000 
0.480000  -1.290000  2 0.433000 
0.410000  -1.230000  3 0.433000 
0.665000  -1.320000  4 0.433000 
0.585000  -1.250000  5 0.433000 
0.725000  -1.350000  6 0.433000 
0.705000  -1.460000  7 0.433000 
0.760000  -1.440000  8 0.433000 
0.795000  -1.460000  9 0.433000 
0.815000  -1.520000  10 0.433000 
0.595000  -1.240000  11 0.433000 
0.695000  -1.370000  12 0.433000 
0.565000  -1.300000  13 0.433000 
0.805000  -1.560000  14 0.433000 
0.610000  -1.240000  15 0.433000 
0.560000  -1.250000  16 0.433000 
-0.140000  -1.100000  17 0.433000 
-0.195000  -1.230000  18 0.433000 
0.325000  -1.170000  19 0.433000 
0.765000  -1.400000  20 0.433000 
0.800000  -1.430000  21 0.433000 
0.670000  -1.290000  22 0.433000 
0.735000  -1.420000  23 0.433000 
0.765000  -1.450000  24 0.433000 
0.730000  -1.490000  25 0.433000 
0.625000  -1.450000  26 0.433000 
0.225000  -1.150000  27 0.433000 
-0.140000  -1.300000  28 0.433000 
-0.245000  -1.170000  29 0.433000 
-0.645000  -1.330000  30 0.433000 
-0.780000  -1.460000  31 0.433000 
-0.825000  -1.530000  32 0.433000 
0.215000  -1.060000  33 0.433000 
0.590000  -1.320000  34 0.433000 
0.815000  -1.530000  35 0.433000 
0.730000  -1.400000  36 0.433000 
0.775000  -1.460000  37 0.433000 
0.625000  -1.300000  38 0.433000 
0.655000  -1.400000  39 0.433000 
0.800000  -1.490000  40 0.433000 
0.595000  -1.270000  41 0.433000 
0.120000  -1.270000  42 0.433000 
-0.245000  -1.280000  43 0.433000 
-0.715000  -1.470000  44 0.433000 
-0.670000  -1.360000  45 0.433000 
-0.610000  -1.290000  46 0.433000 
-0.740000  -1.490000  47 0.433000 
-0.285000  -1.150000  48 0.433000 
-0.765000  -1.520000  49 0.433000 
-0.655000  -1.460000  50 0.433000 
0.250000  -1.280000  51 0.433000 
0.300000  -1.150000  52 0.433000 
0.320000  -1.180000  53 0.433000 
0.790000  -1.560000  54 0.433000 
0.725000  -1.510000  55 0.433000 
0.875000  -1.650000  56 0.433000 
0.500000  -1.280000  57 0.433000 
0.645000  -1.250000  58 0.433000 
0.760000  -1.540000  59 0.433000 
0.490000  -1.220000  60 0.433000 
0.810000  -1.550000  61 0.433000 
0.380000  -1.340000  62 0.433000 
0.160000  -1.310000  63 0.433000 
0.765000  -1.430000  64 0.433000 
0.810000  -1.480000  65 0.433000 
0.705000  -1.530000  66 0.433000 
0.765000  -1.360000  67 0.433000 
0.840000  -1.500000  68 0.433000 
0.715000  -1.340000  69 0.433000 
0.785000  -1.450000  70 0.433000 
0.780000  -1.460000  71 0.433000 
0.680000  -1.390000  72 0.433000 
0.605000  -1.470000  73 0.433000 
-0.095000  -1.160000  74 0.433000 
-0.535000  -1.260000  75 0.433000 
-0.590000  -1.210000  76 0.433000 
-0.535000  -1.260000  77 0.433000 
-0.865000  -1.620000  78 0.433000 
-0.735000  -1.440000  79 0.433000 
-0.860000  -1.610000  80 0.433000 
-0.700000  -1.310000  81 0.433000 
-0.605000  -1.470000  82 0.433000 
-0.445000  -1.400000  83 0.433000 
-0.680000  -1.370000  84 0.433000 
-0.525000  -1.380000  85 0.433000 
-0.175000  -1.160000  86 0.433000 
0.685000  -1.350000  87 0.433000 
0.810000  -1.520000  88 0.433000 
0.165000  -1.240000  89 0.433000 
0.655000  -1.270000  90 0.433000 
0.800000  -1.440000  91 0.433000 
0.675000  -1.390000  92 0.433000 
0.850000  -1.590000  93 0.433000 
0.580000  -1.270000  94 0.433000 
0.545000  -1.320000  95 0.433000 
0.115000  -1.270000  96 0.433000 
0.460000  -1.210000  97 0.433000 
0.770000  -1.380000  98 0.433000 
0.770000  -1.570000  99 0.433000 
0.575000  -1.190000  100 0.433000 
0.825000  -1.580000  101 0.433000 
0.680000  -1.280000  102 0.433000 
0.705000  -1.480000  103 0.433000 
0.660000  -1.320000  104 0.433000 
0.745000  -1.490000  105 0.433000 
0.790000  -1.510000  106 0.433000 
0.140000  -1.150000  107 0.433000 
-0.580000  -1.320000  108 0.433000 
-0.865000  -1.560000  109 0.433000 
-0.205000  -1.180000  110 0.433000 
-0.045000  -1.170000  111 0.433000 
0.755000  -1.410000  112 0.433000 
0.595000  -1.360000  113 0.433000 
0.430000  -1.210000  114 0.433000 
0.690000  -1.460000  115 0.433000 
0.125000  -1.270000  116 0.433000 
-0.375000  -1.340000  117 0.433000 
-0.015000  -1.280000  118 0.433000 
-0.100000  -1.210000  119 0.433000 
0.695000  -1.370000  120 0.433000 
0.635000  -1.240000  121 0.433000 
0.120000  -1.230000  122 0.433000 
0.615000  -1.250000  123 0.433000 
-0.555000  -1.330000  124 0.433000 
-0.725000  -1.500000  125 0.433000 
-0.755000  -1.480000  126 0.433000 
-0.730000  -1.340000  127 0.433000 
-0.825000  -1.510000  128 0.433000 
-0.735000  -1.330000  129 0.433000 
-0.860000  -1.620000  130 0.433000 
-0.525000  -1.250000  131 0.433000 
-0.850000  -1.570000  132 0.433000 
-0.560000  -1.440000  133 0.433000 
-0.270000  -1.190000  134 0.433000 
-0.715000  -1.440000  135 0.433000 
-0.695000  -1.330000  136 0.433000 
-0.775000  -1.480000  137 0.433000 
-0.785000  -1.500000  138 0.433000 
-0.725000  -1.360000  139 0.433000 
-0.515000  -1.260000  140 0.433000 
-0.620000  -1.410000  141 0.433000 
-0.155000  -1.370000  142 0.433000 
0.730000  -1.420000  143 0.433000 
0.700000  -1.430000  144 0.433000 
0.055000  -1.320000  145 0.433000 
0.225000  -1.120000  146 0.433000 
-0.645000  -1.340000  147 0.433000 
-0.385000  -1.120000  148 0.433000 
-0.810000  -1.460000  149 0.433000 
-0.675000  -1.280000  150 0.433000 
-0.155000  -1.100000  151 0.433000 
0.720000  -1.440000  152 0.433000 
0.725000  -1.340000  153 0.433000 
0.810000  -1.630000  154 0.433000 
0.495000  -1.340000  155 0.433000 
0.640000  -1.370000  156 0.433000 
0.445000  -1.330000  157 0.433000 
0.840000  -1.510000  158 0.433000 
0.795000  -1.520000  159 0.433000 
0.770000  -1.440000  160 0.433000 
0.770000  -1.490000  161 0.433000 
0.640000  -1.270000  162 0.433000 
0.810000  -1.550000  163 0.433000 
0.625000  -1.360000  164 0.433000 
0.715000  -1.420000  165 0.433000 
-0.100000  -1.260000  166 0.433000 
0.645000  -1.260000  167 0.433000 
0.630000  -1.330000  168 0.433000 
0.775000  -1.470000  169 0.433000 
-0.265000  -1.230000  170 0.433000 
0.220000  -1.130000  171 0.433000 
0.470000  -1.270000  172 0.433000 
0.680000  -1.380000  173 0.433000 
0.830000  -1.540000  174 0.433000 
0.880000  -1.660000  175 0.433000 
0.725000  -1.390000  176 0.433000 
0.745000  -1.570000  177 0.433000 
0.430000  -1.270000  178 0.433000 
0.635000  -1.300000  179 0.433000 
0.725000  -1.480000  180 0.433000 
0.525000  -1.330000  181 0.433000 
0.885000  -1.640000  182 0.433000 
0.190000  -1.220000  183 0.433000 
0.875000  -1.620000  184 0.433000 
0.850000  -1.560000  185 0.433000 
0.765000  -1.440000  186 0.433000 
0.615000  -1.460000  187 0.433000 
-0.040000  -1.070000  188 0.433000 
0.565000  -1.300000  189 0.433000 
0.405000  -1.230000  190 0.433000 
0.880000  -1.600000  191 0.433000 
0.645000  -1.390000  192 0.433000 
0.755000  -1.380000  193 0.433000 
0.805000  -1.480000  194 0.433000 
0.640000  -1.360000  195 0.433000 
0.630000  -1.220000  196 0.433000 
0.400000  -1.400000  197 0.433000 
0.830000  -1.530000  198 0.433000 
0.680000  -1.320000  199 0.433000 
0.880000  -1.560000  200 0.433000 
0.540000  -1.360000  201 0.433000 
0.725000  -1.360000  202 0.433000 
0.885000  -1.630000  203 0.433000 
0.215000  -1.060000  204 0.433000 
0.640000  -1.240000  205 0.433000 
0.410000  -1.250000  206 0.433000 
0.885000  -1.600000  207 0.433000 
0.760000  -1.520000  208 0.433000 
0.285000  -1.160000  209 0.433000 
0.140000  -1.260000  210 0.433000 
0.470000  -1.130000  211 0.433000 
0.800000  -1.450000  212 0.433000 
0.805000  -1.370000  213 0.433000 
0.680000  -1.400000  214 0.433000 
0.280000  -1.270000  215 0.433000 
0.600000  -1.320000  216 0.433000 
0.675000  -1.260000  217 0.433000 
0.685000  -1.320000  218 0.433000 
0.830000  -1.520000  219 0.433000 
0.695000  -1.380000  220 0.433000 
0.475000  -1.450000  221 0.433000 
0.285000  -1.060000  222 0.433000 
0.830000  -1.560000  223 0.433000 
0.525000  -1.160000  224 0.433000 
0.745000  -1.460000  225 0.433000 
0.310000  -1.080000  226 0.433000 
0.620000  -1.370000  227 0.433000 
0.820000  -1.600000  228 0.433000 
0.565000  -1.320000  229 0.433000 
0.770000  -1.450000  230 0.433000 
0.460000  -1.240000  231 0.433000 
0.295000  -1.260000  232 0.433000 
0.505000  -1.280000  233 0.433000 
0.540000  -1.240000  234 0.433000 
0.760000  -1.450000  235 0.433000 
0.660000  -1.520000  236 0.433000 
-0.600000  -1.260000  237 0.433000 
-0.600000  -1.320000  238 0.433000 
-0.685000  -1.430000  239 0.433000 
-0.780000  -1.520000  240 0.433000 
-0.830000  -1.520000  241 0.433000 
-0.715000  -1.370000  242 0.433000 
-0.540000  -1.360000  243 0.433000 
-0.125000  -1.060000  244 0.433000 
-0.800000  -1.420000  245 0.433000 
-0.655000  -1.190000  246 0.433000 
-0.275000  -1.210000  247 0.433000 
0.385000  -1.210000  248 0.433000 
0.665000  -1.520000  249 0.433000 
0.570000  -1.440000  250 0.433000 
0.000000  -1.170000  251 0.433000 
-0.845000  -1.550000  252 0.433000 
-0.660000  -1.360000  253 0.433000 
-0.540000  -1.110000  254 0.433000 
-0.735000  -1.340000  255 0.433000 
-0.555000  -1.280000  256 0.433000 
-0.670000  -1.390000  257 0.433000 
-0.480000  -1.310000  258 0.433000 
-0.750000  -1.380000  259 0.433000 
-0.150000  -0.930000  260 0.433000 
0.050000  -1.200000  261 0.433000 
0.825000  -1.570000  262 0.433000 
0.805000  -1.590000  263 0.433000 
0.505000  -1.340000  264 0.433000 
0.745000  -1.430000  265 0.433000 
0.525000  -1.230000  266 0.433000 
0.700000  -1.430000  267 0.433000 
0.800000  -1.540000  268 0.433000 
0.700000  -1.450000  269 0.433000 
0.845000  -1.560000  270 0.433000 
0.900000  -1.670000  271 0.433000 
0.185000  -1.160000  272 0.433000 
0.285000  -1.220000  273 0.433000 
-0.210000  -1.300000  274 0.433000 
0.775000  -1.480000  275 0.433000 
0.765000  -1.360000  276 0.433000 
0.835000  -1.510000  277 0.433000 
0.750000  -1.350000  278 0.433000 
0.560000  -1.560000  279 0.433000 
0.405000  -1.420000  280 0.433000 
0.430000  -1.240000  281 0.433000 
0.715000  -1.420000  282 0.433000 
0.770000  -1.560000  283 0.433000 
0.630000  -1.260000  284 0.433000 
0.785000  -1.550000  285 0.433000 
0.635000  -1.290000  286 0.433000 
0.660000  -1.210000  287 0.433000 
0.555000  -1.190000  288 0.433000 
-0.130000  -1.260000  289 0.433000 
-0.885000  -1.650000  290 0.433000 
-0.775000  -1.550000  291 0.433000 
-0.150000  -1.220000  292 0.433000 
-0.350000  -1.180000  293 0.433000 
-0.745000  -1.430000  294 0.433000 
-0.595000  -1.240000  295 0.433000 
-0.580000  -1.210000  296 0.433000 
-0.725000  -1.430000  297 0.433000 
-0.715000  -1.480000  298 0.433000 
-0.395000  -1.070000  299 0.433000 
-0.870000  -1.600000  300 0.433000 
-0.640000  -1.400000  301 0.433000 
0.030000  -1.300000  302 0.433000 
-0.730000  -1.400000  303 0.433000 
-0.735000  -1.260000  304 0.433000 
-0.540000  -1.360000  305 0.433000 
-0.700000  -1.260000  306 0.433000 
-0.710000  -1.430000  307 0.433000 
-0.315000  -1.040000  308 0.433000 
-0.820000  -1.500000  309 0.433000 
-0.715000  -1.200000  310 0.433000 
-0.130000  -1.140000  311 0.433000 
-0.305000  -1.130000  312 0.433000 
0.890000  -1.650000  313 0.433000 
0.690000  -1.270000  314 0.433000 
0.690000  -1.380000  315 0.433000 
0.785000  -1.420000  316 0.433000 
0.605000  -1.340000  317 0.433000 
0.750000  -1.500000  318 0.433000 
0.780000  -1.390000  319 0.433000 
0.830000  -1.570000  320 0.433000 
0.770000  -1.420000  321 0.433000 
0.735000  -1.340000  322 0.433000 
0.510000  -1.310000  323 0.433000 
0.815000  -1.550000  324 0.433000 
0.845000  -1.550000  325 0.433000 
0.795000  -1.530000  326 0.433000 
0.410000  -1.330000  327 0.433000 
0.645000  -1.430000  328 0.433000 
-0.615000  -1.350000  329 0.433000 
-0.435000  -1.100000  330 0.433000 
0.060000  -1.340000  331 0.433000 
-0.120000  -1.240000  332 0.433000 
0.405000  -1.200000  333 0.433000 
0.800000  -1.470000  334 0.433000 
0.085000  -1.290000  335 0.433000 
0.775000  -1.420000  336 0.433000 
0.730000  -1.490000  337 0.433000 
0.530000  -1.300000  338 0.433000 
0.405000  -1.310000  339 0.433000 
0.365000  -1.260000  340 0.433000 
0.530000  -1.290000  341 0.433000 
0.745000  -1.370000  342 0.433000 
0.580000  -1.200000  343 0.433000 
0.790000  -1.510000  344 0.433000 
0.580000  -1.200000  345 0.433000 
0.835000  -1.520000  346 0.433000 
0.870000  -1.660000  347 0.433000 
0.545000  -1.310000  348 0.433000 
0.865000  -1.620000  349 0.433000 
0.260000  -1.000000  350 0.433000 
0.720000  -1.380000  351 0.433000 
0.660000  -1.350000  352 0.433000 
0.325000  -1.190000  353 0.433000 
0.590000  -1.440000  354 0.433000 
0.130000  -1.080000  355 0.433000 
-0.280000  -1.120000  356 0.433000 
0.450000  -1.270000  357 0.433000 
0.715000  -1.540000  358 0.433000 
0.655000  -1.250000  359 0.433000 
0.800000  -1.470000  360 0.433000 
0.790000  -1.440000  361 0.433000 
0.710000  -1.510000  362 0.433000 
0.655000  -1.390000  363 0.433000 
0.630000  -1.280000  364 0.433000 
0.860000  -1.600000  365 0.433000 
0.170000  -1.180000  366 0.433000 
0.680000  -1.390000  367 0.433000 
0.575000  -1.250000  368 0.433000 
0.505000  -1.270000  369 0.433000 
-0.075000  -1.230000  370 0.433000 
-0.450000  -1.110000  371 0.433000 
-0.755000  -1.530000  372 0.433000 
-0.570000  -1.140000  373 0.433000 
-0.705000  -1.250000  374 0.433000 
-0.220000  -1.220000  375 0.433000 
0.015000  -1.340000  376 0.433000 
0.535000  -1.370000  377 0.433000 
0.740000  -1.470000  378 0.433000 
0.750000  -1.460000  379 0.433000 
0.495000  -1.410000  380 0.433000 
0.545000  -1.230000  381 0.433000 
0.745000  -1.380000  382 0.433000 
0.665000  -1.460000  383 0.433000 
0.350000  -1.120000  384 0.433000 
0.510000  -1.030000  385 0.433000 
0.720000  -1.370000  386 0.433000 
0.810000  -1.480000  387 0.433000 
0.745000  -1.350000  388 0.433000 
0.840000  -1.630000  389 0.433000 
0.155000  -1.160000  390 0.433000 
-0.640000  -1.340000  391 0.433000 
-0.855000  -1.590000  392 0.433000 
-0.755000  -1.410000  393 0.433000 
-0.805000  -1.510000  394 0.433000 
-0.635000  -1.300000  395 0.433000 
-0.800000  -1.400000  396 0.433000 
-0.450000  -1.100000  397 0.433000 
-0.695000  -1.550000  398 0.433000 
-0.530000  -1.310000  399 0.433000 
-0.795000  -1.510000  400 0.433000 
-0.825000  -1.580000  401 0.433000 
-0.560000  -1.160000  402 0.433000 
-0.200000  -1.090000  403 0.433000 
-0.560000  -1.280000  404 0.433000 
-0.710000  -1.380000  405 0.433000 
-0.900000  -1.720000  406 0.433000 
-0.840000  -1.580000  407 0.433000 
-0.700000  -1.440000  408 0.433000 
-0.420000  -1.370000  409 0.433000 
0.585000  -1.440000  410 0.433000 
0.570000  -1.130000  411 0.433000 
0.645000  -1.300000  412 0.433000 
0.845000  -1.480000  413 0.433000 
0.305000  -1.160000  414 0.433000 
0.350000  -1.240000  415 0.433000 
0.565000  -1.330000  416 0.433000 
0.810000  -1.540000  417 0.433000 
0.775000  -1.520000  418 0.433000 
0.770000  -1.480000  419 0.433000 
0.750000  -1.410000  420 0.433000 
0.845000  -1.530000  421 0.433000 
0.625000  -1.270000  422 0.433000 
0.565000  -1.380000  423 0.433000 
0.825000  -1.480000  424 0.433000 
0.720000  -1.360000  425 0.433000 
0.735000  -1.400000  426 0.433000 
0.780000  -1.480000  427 0.433000 
0.685000  -1.360000  428 0.433000 
0.710000  -1.410000  429 0.433000 
-0.020000  -1.210000  430 0.433000 
0.545000  -1.300000  431 0.433000 
0.830000  -1.520000  432 0.433000 
0.155000  -1.220000  433 0.433000 
0.100000  -1.210000  434 0.433000 
0.690000  -1.420000  435 0.433000 
0.890000  -1.620000  436 0.433000 
0.710000  -1.440000  437 0.433000 
0.150000  -1.150000  438 0.433000 
-0.345000  -1.380000  439 0.433000 
-0.355000  -0.980000  440 0.433000 
-0.830000  -1.470000  441 0.433000 
-0.735000  -1.360000  442 0.433000 
-0.720000  -1.340000  443 0.433000 
-0.455000  -1.180000  444 0.433000 
-0.680000  -1.330000  445 0.433000 
0.745000  -1.410000  446 0.433000 
0.615000  -1.380000  447 0.433000 
0.780000  -1.520000  448 0.433000 
0.895000  -1.660000  449 0.433000 
0.740000  -1.430000  450 0.433000 
0.640000  -1.460000  451 0.433000 
0.455000  -1.150000  452 0.433000 
0.895000  -1.710000  453 0.433000 
0.845000  -1.560000  454 0.433000 
0.705000  -1.420000  455 0.433000 
0.825000  -1.510000  456 0.433000 
0.715000  -1.340000  457 0.433000 
0.805000  -1.550000  458 0.433000 
0.815000  -1.480000  459 0.433000 
0.835000  -1.530000  460 0.433000 
0.490000  -1.350000  461 0.433000 
0.840000  -1.620000  462 0.433000 
0.785000  -1.420000  463 0.433000 
0.855000  -1.610000  464 0.433000 
0.830000  -1.530000  465 0.433000 
0.760000  -1.370000  466 0.433000 
0.775000  -1.410000  467 0.433000 
0.510000  -1.220000  468 0.433000 
0.480000  -1.150000  469 0.433000 
0.830000  -1.550000  470 0.433000 
0.870000  -1.650000  471 0.433000 
0.570000  -1.380000  472 0.433000 
0.410000  -1.330000  473 0.433000 
0.700000  -1.420000  474 0.433000 
0.880000  -1.650000  475 0.433000 
0.530000  -1.310000  476 0.433000 
0.720000  -1.420000  477 0.433000 
0.755000  -1.400000  478 0.433000 
0.780000  -1.430000  479 0.433000 
0.750000  -1.390000  480 0.433000 
0.730000  -1.480000  481 0.433000 
0.630000  -1.280000  482 0.433000 
0.625000  -1.340000  483 0.433000 
0.695000  -1.310000  484 0.433000 
0.745000  -1.470000  485 0.433000 
0.790000  -1.550000  486 0.433000 
0.140000  -1.170000  487 0.433000 
-0.280000  -1.180000  488 0.433000 
-0.380000  -1.280000  489 0.433000 
-0.710000  -1.400000  490 0.433000 
-0.905000  -1.710000  491 0.433000 
-0.630000  -1.350000  492 0.433000 
-0.765000  -1.500000  493 0.433000 
-0.725000  -1.310000  494 0.433000 
-0.805000  -1.480000  495 0.433000 
-0.680000  -1.310000  496 0.433000 
-0.815000  -1.530000  497 0.433000 
-0.385000  -1.260000  498 0.433000 
-0.730000  -1.380000  499 0.433000 
-0.845000  -1.660000  500 0.433000 
-0.570000  -1.220000  501 0.433000 
-0.530000  -1.440000  502 0.433000 
-0.715000  -1.400000  503 0.433000 
-0.680000  -1.340000  504 0.433000 
-0.735000  -1.540000  505 0.433000 
-0.635000  -1.430000  506 0.433000 
-0.580000  -1.190000  507 0.433000 
-0.580000  -1.210000  508 0.433000 
-0.820000  -1.460000  509 0.433000 
-0.830000  -1.540000  510 0.433000 
-0.780000  -1.440000  511 0.433000 
-0.760000  -1.540000  512 0.433000 
-0.725000  -1.370000  513 0.433000 
-0.485000  -1.370000  514 0.433000 
-0.710000  -1.430000  515 0.433000 
-0.690000  -1.460000  516 0.433000 
-0.785000  -1.540000  517 0.433000 
-0.275000  -1.110000  518 0.433000 
-0.670000  -1.400000  519 0.433000 
-0.810000  -1.490000  520 0.433000 
-0.855000  -1.570000  521 0.433000 
-0.605000  -1.400000  522 0.433000 
-0.335000  -1.260000  523 0.433000 
-0.360000  -1.260000  524 0.433000 
-0.740000  -1.510000  525 0.433000 
-0.785000  -1.460000  526 0.433000 
-0.625000  -1.340000  527 0.433000 
-0.710000  -1.360000  528 0.433000 
-0.845000  -1.550000  529 0.433000 
-0.760000  -1.430000  530 0.433000 
-0.810000  -1.490000  531 0.433000 
-0.690000  -1.310000  532 0.433000 
-0.895000  -1.650000  533 0.433000 
-0.520000  -1.220000  534 0.433000 
-0.740000  -1.510000  535 0.433000 
-0.820000  -1.530000  536 0.433000 
-0.410000  -1.330000  537 0.433000 
-0.510000  -1.400000  538 0.433000 
-0.765000  -1.550000  539 0.433000 
-0.070000  -1.260000  540 0.433000 
-0.350000  -1.100000  541 0.433000 
-0.755000  -1.480000  542 0.433000 
-0.750000  -1.440000  543 0.433000 
-0.635000  -1.270000  544 0.433000 
-0.775000  -1.420000  545 0.433000 
-0.735000  -1.340000  546 0.433000 
-0.745000  -1.400000  547 0.433000 
-0.805000  -1.530000  548 0.433000 
-0.810000  -1.470000  549 0.433000 
-0.650000  -1.280000  550 0.433000 
-0.795000  -1.560000  551 0.433000 
-0.800000  -1.510000  552 0.433000 
-0.675000  -1.310000  553 0.433000 
-0.840000  -1.540000  554 0.433000 
-0.515000  -1.270000  555 0.433000 
-0.745000  -1.420000  556 0.433000 
-0.875000  -1.580000  557 0.433000 
-0.675000  -1.400000  558 0.433000 
-0.660000  -1.340000  559 0.433000 
-0.915000  -1.710000  560 0.433000 
-0.715000  -1.390000  561 0.433000 
-0.870000  -1.660000  562 0.433000 
-0.605000  -1.320000  563 0.433000 
-0.345000  -1.140000  564 0.433000 
-0.485000  -1.320000  565 0.433000 
-0.795000  -1.460000  566 0.433000 
-0.575000  -1.220000  567 0.433000 
-0.885000  -1.600000  568 0.433000 
-0.850000  -1.580000  569 0.433000 
-0.515000  -1.290000  570 0.433000 
-0.890000  -1.650000  571 0.433000 
-0.735000  -1.540000  572 0.433000 
-0.400000  -1.080000  573 0.433000 
-0.715000  -1.420000  574 0.433000 
-0.720000  -1.470000  575 0.433000 
-0.700000  -1.310000  576 0.433000 
-0.455000  -1.320000  577 0.433000 
0.005000  -1.100000  578 0.433000 
-0.095000  -1.310000  579 0.433000 
-0.720000  -1.420000  580 0.433000 
-0.375000  -1.260000  581 0.433000 
-0.645000  -1.440000  582 0.433000 
-0.315000  -0.980000  583 0.433000 
-0.665000  -1.450000  584 0.433000 
-0.695000  -1.340000  585 0.433000 
-0.530000  -1.350000  586 0.433000 
-0.150000  -1.220000  587 0.433000 
0.835000  -1.500000  588 0.433000 
0.775000  -1.490000  589 0.433000 
0.215000  -1.300000  590 0.433000 
0.530000  -1.240000  591 0.433000 
0.780000  -1.520000  592 0.433000 
0.840000  -1.550000  593 0.433000 
0.450000  -1.030000  594 0.433000 
0.650000  -1.390000  595 0.433000 
0.705000  -1.390000  596 0.433000 
0.540000  -1.290000  597 0.433000 
0.765000  -1.370000  598 0.433000 
0.850000  -1.510000  599 0.433000 
0.115000  -1.120000  600 0.433000 
-0.610000  -1.360000  601 0.433000 
-0.725000  -1.440000  602 0.433000 
-0.780000  -1.420000  603 0.433000 
-0.585000  -1.400000  604 0.433000 
-0.115000  -1.090000  605 0.433000 
0.835000  -1.620000  606 0.433000 
0.785000  -1.470000  607 0.433000 
0.420000  -1.290000  608 0.433000 
0.360000  -0.980000  609 0.433000 
0.255000  -1.380000  610 0.433000 
-0.550000  -1.370000  611 0.433000 
-0.295000  -1.180000  612 0.433000 
-0.700000  -1.520000  613 0.433000 
-0.785000  -1.520000  614 0.433000 
-0.655000  -1.380000  615 0.433000 
-0.805000  -1.620000  616 0.433000 
-0.860000  -1.610000  617 0.433000 
-0.450000  -1.330000  618 0.433000 
-0.805000  -1.510000  619 0.433000 
-0.585000  -1.230000  620 0.433000 
-0.395000  -1.240000  621 0.433000 
-0.185000  -1.080000  622 0.433000 
-0.660000  -1.360000  623 0.433000 
-0.815000  -1.530000  624 0.433000 
-0.335000  -1.250000  625 0.433000 
-0.810000  -1.470000  626 0.433000 
-0.760000  -1.510000  627 0.433000 
-0.350000  -1.150000  628 0.433000 
-0.855000  -1.590000  629 0.433000 
-0.590000  -1.290000  630 0.433000 
-0.790000  -1.560000  631 0.433000 
-0.345000  -1.210000  632 0.433000 
-0.720000  -1.380000  633 0.433000 
-0.645000  -1.350000  634 0.433000 
-0.820000  -1.610000  635 0.433000 
-0.805000  -1.500000  636 0.433000 
-0.855000  -1.590000  637 0.433000 
-0.550000  -1.400000  638 0.433000 
-0.485000  -1.240000  639 0.433000 
0.525000  -1.330000  640 0.433000 
-0.020000  -1.240000  641 0.433000 
0.810000  -1.470000  642 0.433000 
0.565000  -1.220000  643 0.433000 
0.760000  -1.550000  644 0.433000 
0.310000  -1.140000  645 0.433000 
0.470000  -1.260000  646 0.433000 
-0.825000  -1.520000  647 0.433000 
0.260000  -1.050000  648 0.433000 
0.765000  -1.430000  649 0.433000 
0.495000  -1.240000  650 0.433000 
0.570000  -1.350000  651 0.433000 
0.905000  -1.710000  652 0.433000 
0.605000  -1.280000  653 0.433000 
0.195000  -1.080000  654 0.433000 
0.655000  -1.400000  655 0.433000 
0.670000  -1.220000  656 0.433000 
0.655000  -1.220000  657 0.433000 
0.095000  -1.330000  658 0.433000 
0.090000  -1.350000  659 0.433000 
0.530000  -1.420000  660 0.433000 
-0.160000  -1.190000  661 0.433000 
0.345000  -1.150000  662 0.433000 
-0.085000  -1.100000  663 0.433000 
-0.845000  -1.590000  664 0.433000 
-0.800000  -1.500000  665 0.433000 
-0.525000  -1.260000  666 0.433000 
-0.740000  -1.470000  667 0.433000 
-0.745000  -1.370000  668 0.433000 
-0.465000  -1.370000  669 0.433000 
-0.755000  -1.480000  670 0.433000 
-0.280000  -1.330000  671 0.433000 
0.370000  -0.940000  672 0.433000 
0.790000  -1.490000  673 0.433000 
0.305000  -1.370000  674 0.433000 
0.515000  -1.390000  675 0.433000 
0.730000  -1.400000  676 0.433000 
0.690000  -1.350000  677 0.433000 
0.655000  -1.380000  678 0.433000 
0.815000  -1.530000  679 0.433000 
0.750000  -1.280000  680 0.433000 
0.675000  -1.230000  681 0.433000 
0.920000  -1.740000  682 0.433000 
0.785000  -1.550000  683 0.433000 
0.370000  -1.220000  684 0.433000 
0.440000  -1.220000  685 0.433000 
0.695000  -1.400000  686 0.433000 
0.810000  -1.500000  687 0.433000 
0.575000  -1.380000  688 0.433000 
0.715000  -1.380000  689 0.433000 
0.815000  -1.460000  690 0.433000 
0.385000  -1.180000  691 0.433000 
0.715000  -1.430000  692 0.433000 
0.660000  -1.340000  693 0.433000 
0.680000  -1.530000  694 0.433000 
0.535000  -1.360000  695 0.433000 
0.615000  -1.360000  696 0.433000 
0.810000  -1.430000  697 0.433000 
0.510000  -1.280000  698 0.433000 
0.895000  -1.740000  699 0.433000 
0.285000  -1.260000  700 0.433000 
0.240000  -1.170000  701 0.433000 
0.520000  -1.230000  702 0.433000 
0.480000  -1.130000  703 0.433000 
0.775000  -1.450000  704 0.433000 
0.650000  -1.420000  705 0.433000 
0.450000  -1.270000  706 0.433000 
0.805000  -1.480000  707 0.433000 
0.755000  -1.420000  708 0.433000 
0.705000  -1.420000  709 0.433000 
0.850000  -1.600000  710 0.433000 
0.790000  -1.470000  711 0.433000 
0.425000  -1.240000  712 0.433000 
0.815000  -1.620000  713 0.433000 
0.680000  -1.290000  714 0.433000 
0.785000  -1.520000  715 0.433000 
0.035000  -1.310000  716 0.433000 
0.310000  -1.260000  717 0.433000 
-0.725000  -1.310000  718 0.433000 
-0.690000  -1.400000  719 0.433000 
-0.815000  -1.490000  720 0.433000 
-0.665000  -1.270000  721 0.433000 
-0.790000  -1.570000  722 0.433000 
-0.680000  -1.300000  723 0.433000 
-0.705000  -1.390000  724 0.433000 
-0.255000  -1.190000  725 0.433000 
-0.865000  -1.620000  726 0.433000 
-0.570000  -1.210000  727 0.433000 
-0.730000  -1.410000  728 0.433000 
-0.855000  -1.610000  729 0.433000 
-0.715000  -1.550000  730 0.433000 
-0.765000  -1.390000  731 0.433000 
-0.820000  -1.590000  732 0.433000 
-0.480000  -1.460000  733 0.433000 
-0.850000  -1.580000  734 0.433000 
-0.830000  -1.520000  735 0.433000 
-0.425000  -1.210000  736 0.433000 
-0.895000  -1.660000  737 0.433000 
-0.650000  -1.330000  738 0.433000 
-0.635000  -1.470000  739 0.433000 
-0.890000  -1.680000  740 0.433000 
-0.740000  -1.420000  741 0.433000 
-0.760000  -1.410000  742 0.433000 
-0.870000  -1.560000  743 0.433000 
-0.810000  -1.460000  744 0.433000 
-0.815000  -1.510000  745 0.433000 
-0.655000  -1.250000  746 0.433000 
-0.690000  -1.410000  747 0.433000 
-0.450000  -1.130000  748 0.433000 
-0.800000  -1.500000  749 0.433000 
-0.755000  -1.430000  750 0.433000 
-0.430000  -1.340000  751 0.433000 
-0.720000  -1.350000  752 0.433000 
-0.705000  -1.330000  753 0.433000 
-0.550000  -1.260000  754 0.433000 
-0.635000  -1.420000  755 0.433000 
-0.630000  -1.270000  756 0.433000 
-0.770000  -1.570000  757 0.433000 
-0.855000  -1.570000  758 0.433000 
-0.600000  -1.390000  759 0.433000 
-0.770000  -1.430000  760 0.433000 
-0.865000  -1.600000  761 0.433000 
-0.235000  -1.180000  762 0.433000 
-0.385000  -1.190000  763 0.433000 
-0.655000  -1.240000  764 0.433000 
-0.890000  -1.720000  765 0.433000 
-0.415000  -1.300000  766 0.433000 
-0.315000  -1.110000  767 0.433000 
0.335000  -1.180000  768 0.433000 
0.370000  -1.230000  769 0.433000 
0.815000  -1.470000  770 0.433000 
0.775000  -1.340000  771 0.433000 
0.845000  -1.560000  772 0.433000 
0.660000  -1.240000  773 0.433000 
0.730000  -1.470000  774 0.433000 
0.730000  -1.410000  775 0.433000 
0.830000  -1.450000  776 0.433000 
0.655000  -1.290000  777 0.433000 
0.830000  -1.500000  778 0.433000 
0.310000  -1.110000  779 0.433000 
-0.530000  -1.310000  780 0.433000 
-0.335000  -0.960000  781 0.433000 
-0.635000  -1.240000  782 0.433000 
-0.765000  -1.500000  783 0.433000 
-0.695000  -1.460000  784 0.433000 
-0.780000  -1.500000  785 0.433000 
-0.715000  -1.430000  786 0.433000 
-0.700000  -1.370000  787 0.433000 
-0.775000  -1.470000  788 0.433000 
-0.865000  -1.690000  789 0.433000 
-0.825000  -1.540000  790 0.433000 
-0.885000  -1.640000  791 0.433000 
-0.845000  -1.690000  792 0.433000 
-0.410000  -1.270000  793 0.433000 
-0.515000  -1.170000  794 0.433000 
-0.690000  -1.410000  795 0.433000 
-0.420000  -1.280000  796 0.433000 
-0.780000  -1.600000  797 0.433000 
-0.705000  -1.430000  798 0.433000 
-0.800000  -1.500000  799 0.433000 
-0.615000  -1.600000  800 0.433000 
-0.455000  -1.100000  801 0.433000 
0.020000  -1.150000  802 0.433000 
-0.025000  -1.220000  803 0.433000 
-0.195000  -1.170000  804 0.433000 
0.555000  -1.180000  805 0.433000 
0.575000  -1.230000  806 0.433000 
0.760000  -1.470000  807 0.433000 
0.800000  -1.520000  808 0.433000 
0.805000  -1.460000  809 0.433000 
0.720000  -1.450000  810 0.433000 
0.755000  -1.380000  811 0.433000 
-0.315000  -1.330000  812 0.433000 
-0.320000  -1.170000  813 0.433000 
-0.695000  -1.330000  814 0.433000 
-0.365000  -1.310000  815 0.433000 
-0.155000  -1.160000  816 0.433000 
-0.780000  -1.490000  817 0.433000 
-0.640000  -1.370000  818 0.433000 
-0.795000  -1.410000  819 0.433000 
-0.860000  -1.640000  820 0.433000 
-0.460000  -1.110000  821 0.433000 
-0.820000  -1.560000  822 0.433000 
-0.720000  -1.360000  823 0.433000 
-0.680000  -1.220000  824 0.433000 
-0.695000  -1.430000  825 0.433000 
-0.465000  -1.240000  826 0.433000 
-0.685000  -1.430000  827 0.433000 
0.230000  -1.020000  828 0.433000 
0.620000  -1.390000  829 0.433000 
0.730000  -1.460000  830 0.433000 
0.195000  -1.270000  831 0.433000 
0.710000  -1.480000  832 0.433000 
0.730000  -1.410000  833 0.433000 
0.785000  -1.540000  834 0.433000 
0.805000  -1.480000  835 0.433000 
0.650000  -1.510000  836 0.433000 
0.750000  -1.390000  837 0.433000 
0.805000  -1.570000  838 0.433000 
0.615000  -1.410000  839 0.433000 
0.550000  -1.260000  840 0.433000 
0.825000  -1.530000  841 0.433000 
0.845000  -1.530000  842 0.433000 
0.610000  -1.390000  843 0.433000 
-0.435000  -1.390000  844 0.433000 
0.125000  -1.210000  845 0.433000 
0.575000  -1.370000  846 0.433000 
0.495000  -1.230000  847 0.433000 
0.625000  -1.370000  848 0.433000 
-0.265000  -1.320000  849 0.433000 
-0.620000  -1.190000  850 0.433000 
-0.525000  -1.360000  851 0.433000 
-0.720000  -1.360000  852 0.433000 
0.690000  -1.460000  853 0.433000 
0.795000  -1.540000  854 0.433000 
0.785000  -1.540000  855 0.433000 
0.605000  -1.260000  856 0.433000 
0.585000  -1.340000  857 0.433000 
0.800000  -1.550000  858 0.433000 
0.655000  -1.250000  859 0.433000 
0.610000  -1.310000  860 0.433000 
-0.010000  -1.040000  861 0.433000 
0.080000  -1.230000  862 0.433000 
0.185000  -1.160000  863 0.433000 
-0.005000  -1.200000  864 0.433000 
0.345000  -1.210000  865 0.433000 
0.475000  -1.020000  866 0.433000 
0.600000  -1.240000  867 0.433000 
0.810000  -1.460000  868 0.433000 
0.715000  -1.330000  869 0.433000 
0.475000  -1.220000  870 0.433000 
0.825000  -1.540000  871 0.433000 
0.370000  -1.160000  872 0.433000 
0.420000  -1.210000  873 0.433000 
0.245000  -1.090000  874 0.433000 
0.745000  -1.480000  875 0.433000 
0.680000  -1.420000  876 0.433000 
0.135000  -1.310000  877 0.433000 
0.000000  -1.050000  878 0.433000 
-0.140000  -1.290000  879 0.433000 
-0.015000  -1.260000  880 0.433000 
0.565000  -1.270000  881 0.433000 
0.665000  -1.310000  882 0.433000 
0.850000  -1.560000  883 0.433000 
0.805000  -1.570000  884 0.433000 
0.900000  -1.680000  885 0.433000 
0.775000  -1.520000  886 0.433000 
0.695000  -1.390000  887 0.433000 
0.820000  -1.470000  888 0.433000 
0.460000  -1.050000  889 0.433000 
0.480000  -1.450000  890 0.433000 
0.745000  -1.440000  891 0.433000 
0.580000  -1.270000  892 0.433000 
0.630000  -1.450000  893 0.433000 
0.300000  -1.430000  894 0.433000 
0.710000  -1.420000  895 0.433000 
0.740000  -1.430000  896 0.433000 
0.810000  -1.510000  897 0.433000 
0.825000  -1.510000  898 0.433000 
0.490000  -1.040000  899 0.433000 
0.315000  -1.190000  900 0.433000 
0.090000  -1.070000  901 0.433000 
-0.070000  -1.310000  902 0.433000 
-0.130000  -1.070000  903 0.433000 
0.705000  -1.430000  904 0.433000 
0.810000  -1.590000  905 0.433000 
0.550000  -1.220000  906 0.433000 
0.495000  -1.220000  907 0.433000 
0.595000  -1.270000  908 0.433000 
0.405000  -1.180000  909 0.433000 
0.710000  -1.370000  910 0.433000 
0.765000  -1.440000  911 0.433000 
0.645000  -1.290000  912 0.433000 
0.605000  -1.420000  913 0.433000 
0.805000  -1.590000  914 0.433000 
0.750000  -1.430000  915 0.433000 
0.820000  -1.560000  916 0.433000 
0.845000  -1.580000  917 0.433000 
0.655000  -1.410000  918 0.433000 
0.710000  -1.420000  919 0.433000 
0.740000  -1.400000  920 0.433000 
0.640000  -1.380000  921 0.433000 
0.800000  -1.480000  922 0.433000 
0.830000  -1.490000  923 0.433000 
0.775000  -1.510000  924 0.433000 
0.855000  -1.570000  925 0.433000 
0.720000  -1.420000  926 0.433000 
0.415000  -1.300000  927 0.433000 
0.330000  -1.200000  928 0.433000 
0.730000  -1.380000  929 0.433000 
0.755000  -1.470000  930 0.433000 
0.740000  -1.480000  931 0.433000 
0.685000  -1.460000  932 0.433000 
0.325000  -1.150000  933 0.433000 
0.065000  -1.210000  934 0.433000 
0.760000  -1.390000  935 0.433000 
0.805000  -1.550000  936 0.433000 
0.885000  -1.650000  937 0.433000 
0.700000  -1.430000  938 0.433000 
0.780000  -1.420000  939 0.433000 
0.550000  -1.390000  940 0.433000 
0.875000  -1.590000  941 0.433000 
0.660000  -1.250000  942 0.433000 
0.635000  -1.350000  943 0.433000 
0.605000  -1.250000  944 0.433000 
0.770000  -1.430000  945 0.433000 
0.730000  -1.350000  946 0.433000 
0.640000  -1.320000  947 0.433000 
0.505000  -1.240000  948 0.433000 
0.555000  -1.270000  949 0.433000 
-0.040000  -1.190000  950 0.433000 
-0.220000  -1.150000  951 0.433000 
-0.555000  -1.260000  952 0.433000 
-0.705000  -1.410000  953 0.433000 
-0.540000  -1.420000  954 0.433000 
-0.555000  -1.270000  955 0.433000 
-0.720000  -1.470000  956 0.433000 
-0.725000  -1.400000  957 0.433000 
-0.725000  -1.370000  958 0.433000 
-0.670000  -1.220000  959 0.433000 
-0.490000  -1.130000  960 0.433000 
-0.560000  -1.530000  961 0.433000 
-0.830000  -1.580000  962 0.433000 
-0.615000  -1.310000  963 0.433000 
-0.485000  -1.320000  964 0.433000 
-0.695000  -1.320000  965 0.433000 
-0.705000  -1.320000  966 0.433000 
-0.665000  -1.350000  967 0.433000 
-0.480000  -1.160000  968 0.433000 
-0.780000  -1.420000  969 0.433000 
-0.810000  -1.520000  970 0.433000 
-0.840000  -1.490000  971 0.433000 
-0.540000  -1.330000  972 0.433000 
0.020000  -1.170000  973 0.433000 
0.160000  -1.140000  974 0.433000 
-0.715000  -1.410000  975 0.433000 
-0.710000  -1.360000  976 0.433000 
-0.775000  -1.400000  977 0.433000 
-0.645000  -1.340000  978 0.433000 
-0.605000  -1.260000  979 0.433000 
-0.800000  -1.480000  980 0.433000 
-0.235000  -1.240000  981 0.433000 
-0.830000  -1.620000  982 0.433000 
-0.800000  -1.480000  983 0.433000 
-0.705000  -1.440000  984 0.433000 
-0.590000  -1.370000  985 0.433000 
-0.585000  -1.180000  986 0.433000 
-0.585000  -1.290000  987 0.433000 
-0.645000  -1.250000  988 0.433000 
-0.575000  -1.380000  989 0.433000 
0.515000  -1.320000  990 0.433000 
-0.185000  -1.090000  991 0.433000 
-0.655000  -1.300000  992 0.433000 
-0.615000  -1.400000  993 0.433000 
-0.480000  -1.260000  994 0.433000 
-0.815000  -1.470000  995 0.433000 
-0.730000  -1.370000  996 0.433000 
-0.720000  -1.450000  997 0.433000 
-0.540000  -1.090000  998 0.433000 
-0.750000  -1.430000  999 0.433000 
