0.910000  -1.720000  0 0.500000 
0.890000  -1.670000  1 0.500000 
0.970000  -1.900000  2 0.500000 
0.920000  -1.740000  3 0.500000 
0.895000  -1.680000  4 0.500000 
0.920000  -1.710000  5 0.500000 
0.885000  -1.720000  6 0.500000 
0.945000  -1.790000  7 0.500000 
0.930000  -1.800000  8 0.500000 
0.905000  -1.690000  9 0.500000 
0.860000  -1.620000  10 0.500000 
0.955000  -1.850000  11 0.500000 
0.950000  -1.860000  12 0.500000 
0.915000  -1.750000  13 0.500000 
0.955000  -1.850000  14 0.500000 
0.970000  -1.900000  15 0.500000 
0.905000  -1.800000  16 0.500000 
0.925000  -1.790000  17 0.500000 
0.960000  -1.850000  18 0.500000 
0.940000  -1.800000  19 0.500000 
0.915000  -1.770000  20 0.500000 
0.925000  -1.800000  21 0.500000 
0.880000  -1.710000  22 0.500000 
0.865000  -1.620000  23 0.500000 
0.915000  -1.770000  24 0.500000 
0.935000  -1.800000  25 0.500000 
0.925000  -1.750000  26 0.500000 
0.930000  -1.800000  27 0.500000 
0.965000  -1.870000  28 0.500000 
0.955000  -1.850000  29 0.500000 
0.940000  -1.790000  30 0.500000 
0.900000  -1.630000  31 0.500000 
0.925000  -1.780000  32 0.500000 
0.725000  -1.470000  33 0.500000 
0.875000  -1.680000  34 0.500000 
0.730000  -1.590000  35 0.500000 
0.950000  -1.840000  36 0.500000 
0.845000  -1.600000  37 0.500000 
0.905000  -1.680000  38 0.500000 
0.865000  -1.640000  39 0.500000 
0.810000  -1.550000  40 0.500000 
0.975000  -1.900000  41 0.500000 
0.845000  -1.580000  42 0.500000 
0.955000  -1.840000  43 0.500000 
0.915000  -1.760000  44 0.500000 
0.920000  -1.750000  45 0.500000 
0.905000  -1.820000  46 0.500000 
0.945000  -1.800000  47 0.500000 
0.950000  -1.860000  48 0.500000 
0.910000  -1.700000  49 0.500000 
0.925000  -1.740000  50 0.500000 
0.920000  -1.770000  51 0.500000 
0.925000  -1.800000  52 0.500000 
0.925000  -1.730000  53 0.500000 
0.940000  -1.820000  54 0.500000 
0.900000  -1.730000  55 0.500000 
0.965000  -1.870000  56 0.500000 
0.915000  -1.730000  57 0.500000 
0.955000  -1.870000  58 0.500000 
0.910000  -1.750000  59 0.500000 
0.950000  -1.830000  60 0.500000 
0.920000  -1.750000  61 0.500000 
0.905000  -1.730000  62 0.500000 
0.945000  -1.790000  63 0.500000 
0.895000  -1.690000  64 0.500000 
0.920000  -1.720000  65 0.500000 
0.875000  -1.740000  66 0.500000 
0.885000  -1.690000  67 0.500000 
0.885000  -1.680000  68 0.500000 
0.915000  -1.700000  69 0.500000 
0.945000  -1.810000  70 0.500000 
0.915000  -1.740000  71 0.500000 
0.875000  -1.690000  72 0.500000 
0.940000  -1.830000  73 0.500000 
0.930000  -1.800000  74 0.500000 
0.935000  -1.780000  75 0.500000 
0.915000  -1.720000  76 0.500000 
0.915000  -1.850000  77 0.500000 
0.920000  -1.750000  78 0.500000 
0.915000  -1.740000  79 0.500000 
0.940000  -1.810000  80 0.500000 
0.915000  -1.720000  81 0.500000 
0.910000  -1.710000  82 0.500000 
0.885000  -1.640000  83 0.500000 
0.945000  -1.820000  84 0.500000 
0.815000  -1.600000  85 0.500000 
0.850000  -1.580000  86 0.500000 
0.930000  -1.780000  87 0.500000 
0.915000  -1.730000  88 0.500000 
0.945000  -1.810000  89 0.500000 
0.920000  -1.720000  90 0.500000 
0.800000  -1.650000  91 0.500000 
0.920000  -1.750000  92 0.500000 
0.940000  -1.820000  93 0.500000 
0.885000  -1.680000  94 0.500000 
0.960000  -1.870000  95 0.500000 
0.920000  -1.710000  96 0.500000 
0.905000  -1.680000  97 0.500000 
0.900000  -1.710000  98 0.500000 
0.840000  -1.620000  99 0.500000 
0.915000  -1.730000  100 0.500000 
0.950000  -1.810000  101 0.500000 
0.835000  -1.680000  102 0.500000 
0.905000  -1.750000  103 0.500000 
0.960000  -1.860000  104 0.500000 
0.925000  -1.790000  105 0.500000 
0.960000  -1.850000  106 0.500000 
0.915000  -1.720000  107 0.500000 
0.950000  -1.820000  108 0.500000 
0.925000  -1.790000  109 0.500000 
0.945000  -1.790000  110 0.500000 
0.970000  -1.900000  111 0.500000 
0.950000  -1.810000  112 0.500000 
0.925000  -1.800000  113 0.500000 
0.940000  -1.860000  114 0.500000 
0.945000  -1.820000  115 0.500000 
0.935000  -1.830000  116 0.500000 
0.945000  -1.810000  117 0.500000 
0.910000  -1.710000  118 0.500000 
0.940000  -1.830000  119 0.500000 
0.840000  -1.590000  120 0.500000 
0.940000  -1.800000  121 0.500000 
0.855000  -1.650000  122 0.500000 
0.955000  -1.840000  123 0.500000 
0.950000  -1.840000  124 0.500000 
0.940000  -1.800000  125 0.500000 
0.950000  -1.810000  126 0.500000 
0.925000  -1.760000  127 0.500000 
0.925000  -1.780000  128 0.500000 
0.935000  -1.770000  129 0.500000 
0.915000  -1.780000  130 0.500000 
0.935000  -1.780000  131 0.500000 
0.935000  -1.770000  132 0.500000 
0.955000  -1.830000  133 0.500000 
0.910000  -1.760000  134 0.500000 
0.895000  -1.670000  135 0.500000 
0.935000  -1.790000  136 0.500000 
0.865000  -1.700000  137 0.500000 
0.975000  -1.910000  138 0.500000 
0.935000  -1.810000  139 0.500000 
0.940000  -1.800000  140 0.500000 
0.940000  -1.790000  141 0.500000 
0.895000  -1.700000  142 0.500000 
0.915000  -1.700000  143 0.500000 
0.915000  -1.750000  144 0.500000 
0.935000  -1.830000  145 0.500000 
0.925000  -1.790000  146 0.500000 
0.880000  -1.700000  147 0.500000 
0.860000  -1.740000  148 0.500000 
0.920000  -1.740000  149 0.500000 
0.930000  -1.770000  150 0.500000 
0.880000  -1.700000  151 0.500000 
0.975000  -1.900000  152 0.500000 
0.880000  -1.620000  153 0.500000 
0.850000  -1.610000  154 0.500000 
0.800000  -1.550000  155 0.500000 
0.895000  -1.710000  156 0.500000 
0.930000  -1.770000  157 0.500000 
0.915000  -1.700000  158 0.500000 
0.865000  -1.590000  159 0.500000 
0.860000  -1.640000  160 0.500000 
0.945000  -1.820000  161 0.500000 
0.935000  -1.780000  162 0.500000 
0.900000  -1.740000  163 0.500000 
0.925000  -1.770000  164 0.500000 
0.920000  -1.760000  165 0.500000 
0.905000  -1.690000  166 0.500000 
0.930000  -1.750000  167 0.500000 
0.915000  -1.760000  168 0.500000 
0.950000  -1.830000  169 0.500000 
0.940000  -1.820000  170 0.500000 
0.860000  -1.590000  171 0.500000 
0.920000  -1.780000  172 0.500000 
0.885000  -1.630000  173 0.500000 
0.905000  -1.700000  174 0.500000 
0.935000  -1.780000  175 0.500000 
0.945000  -1.800000  176 0.500000 
0.870000  -1.680000  177 0.500000 
0.865000  -1.720000  178 0.500000 
0.860000  -1.720000  179 0.500000 
0.755000  -1.680000  180 0.500000 
0.910000  -1.760000  181 0.500000 
0.875000  -1.640000  182 0.500000 
0.955000  -1.830000  183 0.500000 
0.810000  -1.590000  184 0.500000 
0.930000  -1.770000  185 0.500000 
0.955000  -1.850000  186 0.500000 
0.935000  -1.830000  187 0.500000 
0.925000  -1.740000  188 0.500000 
0.920000  -1.740000  189 0.500000 
0.885000  -1.720000  190 0.500000 
0.890000  -1.750000  191 0.500000 
0.935000  -1.810000  192 0.500000 
0.905000  -1.690000  193 0.500000 
0.905000  -1.700000  194 0.500000 
0.940000  -1.830000  195 0.500000 
0.935000  -1.780000  196 0.500000 
0.930000  -1.770000  197 0.500000 
0.925000  -1.750000  198 0.500000 
0.820000  -1.620000  199 0.500000 
0.890000  -1.730000  200 0.500000 
0.955000  -1.830000  201 0.500000 
0.850000  -1.680000  202 0.500000 
0.955000  -1.830000  203 0.500000 
0.915000  -1.780000  204 0.500000 
0.875000  -1.610000  205 0.500000 
0.895000  -1.670000  206 0.500000 
0.920000  -1.740000  207 0.500000 
0.925000  -1.780000  208 0.500000 
0.935000  -1.780000  209 0.500000 
0.930000  -1.760000  210 0.500000 
0.905000  -1.730000  211 0.500000 
0.920000  -1.820000  212 0.500000 
0.925000  -1.730000  213 0.500000 
0.935000  -1.790000  214 0.500000 
0.960000  -1.850000  215 0.500000 
0.940000  -1.820000  216 0.500000 
0.945000  -1.820000  217 0.500000 
0.910000  -1.710000  218 0.500000 
0.925000  -1.780000  219 0.500000 
0.950000  -1.820000  220 0.500000 
0.945000  -1.820000  221 0.500000 
0.930000  -1.790000  222 0.500000 
0.845000  -1.590000  223 0.500000 
0.915000  -1.690000  224 0.500000 
0.925000  -1.760000  225 0.500000 
0.835000  -1.550000  226 0.500000 
0.950000  -1.830000  227 0.500000 
0.920000  -1.710000  228 0.500000 
0.820000  -1.600000  229 0.500000 
0.940000  -1.800000  230 0.500000 
0.915000  -1.760000  231 0.500000 
0.900000  -1.700000  232 0.500000 
0.855000  -1.650000  233 0.500000 
0.880000  -1.660000  234 0.500000 
0.985000  -1.940000  235 0.500000 
0.965000  -1.860000  236 0.500000 
0.900000  -1.710000  237 0.500000 
0.890000  -1.660000  238 0.500000 
0.860000  -1.570000  239 0.500000 
0.945000  -1.820000  240 0.500000 
0.820000  -1.560000  241 0.500000 
0.930000  -1.750000  242 0.500000 
0.880000  -1.700000  243 0.500000 
0.955000  -1.860000  244 0.500000 
0.905000  -1.730000  245 0.500000 
0.945000  -1.880000  246 0.500000 
0.925000  -1.750000  247 0.500000 
0.930000  -1.820000  248 0.500000 
0.890000  -1.680000  249 0.500000 
0.940000  -1.830000  250 0.500000 
0.945000  -1.820000  251 0.500000 
0.900000  -1.720000  252 0.500000 
0.965000  -1.870000  253 0.500000 
0.970000  -1.890000  254 0.500000 
0.930000  -1.750000  255 0.500000 
0.915000  -1.730000  256 0.500000 
0.920000  -1.710000  257 0.500000 
0.910000  -1.750000  258 0.500000 
0.945000  -1.810000  259 0.500000 
0.920000  -1.770000  260 0.500000 
0.980000  -1.920000  261 0.500000 
0.965000  -1.860000  262 0.500000 
0.915000  -1.730000  263 0.500000 
0.920000  -1.730000  264 0.500000 
0.895000  -1.670000  265 0.500000 
0.920000  -1.730000  266 0.500000 
0.935000  -1.790000  267 0.500000 
0.920000  -1.730000  268 0.500000 
0.890000  -1.650000  269 0.500000 
0.935000  -1.770000  270 0.500000 
0.925000  -1.780000  271 0.500000 
0.885000  -1.660000  272 0.500000 
0.920000  -1.770000  273 0.500000 
0.900000  -1.720000  274 0.500000 
0.910000  -1.710000  275 0.500000 
0.910000  -1.740000  276 0.500000 
0.950000  -1.810000  277 0.500000 
0.895000  -1.700000  278 0.500000 
0.865000  -1.640000  279 0.500000 
0.920000  -1.740000  280 0.500000 
0.965000  -1.870000  281 0.500000 
0.940000  -1.810000  282 0.500000 
0.955000  -1.840000  283 0.500000 
0.950000  -1.800000  284 0.500000 
0.865000  -1.690000  285 0.500000 
0.855000  -1.640000  286 0.500000 
0.940000  -1.780000  287 0.500000 
0.920000  -1.740000  288 0.500000 
0.890000  -1.730000  289 0.500000 
0.935000  -1.790000  290 0.500000 
0.825000  -1.600000  291 0.500000 
0.935000  -1.770000  292 0.500000 
0.975000  -1.910000  293 0.500000 
0.835000  -1.690000  294 0.500000 
0.955000  -1.850000  295 0.500000 
0.920000  -1.750000  296 0.500000 
0.980000  -1.920000  297 0.500000 
0.940000  -1.810000  298 0.500000 
0.910000  -1.680000  299 0.500000 
0.900000  -1.690000  300 0.500000 
0.950000  -1.840000  301 0.500000 
0.955000  -1.820000  302 0.500000 
0.815000  -1.540000  303 0.500000 
0.950000  -1.840000  304 0.500000 
0.915000  -1.770000  305 0.500000 
0.915000  -1.760000  306 0.500000 
0.925000  -1.780000  307 0.500000 
0.940000  -1.780000  308 0.500000 
0.875000  -1.650000  309 0.500000 
0.970000  -1.880000  310 0.500000 
0.920000  -1.750000  311 0.500000 
0.915000  -1.700000  312 0.500000 
0.925000  -1.760000  313 0.500000 
0.895000  -1.700000  314 0.500000 
0.920000  -1.800000  315 0.500000 
0.935000  -1.810000  316 0.500000 
0.880000  -1.620000  317 0.500000 
0.970000  -1.890000  318 0.500000 
0.945000  -1.800000  319 0.500000 
0.935000  -1.760000  320 0.500000 
0.935000  -1.770000  321 0.500000 
0.890000  -1.680000  322 0.500000 
0.930000  -1.800000  323 0.500000 
0.920000  -1.740000  324 0.500000 
0.920000  -1.740000  325 0.500000 
0.705000  -1.710000  326 0.500000 
0.910000  -1.750000  327 0.500000 
0.940000  -1.830000  328 0.500000 
0.920000  -1.770000  329 0.500000 
0.890000  -1.740000  330 0.500000 
0.920000  -1.750000  331 0.500000 
0.895000  -1.690000  332 0.500000 
0.920000  -1.720000  333 0.500000 
0.895000  -1.710000  334 0.500000 
0.860000  -1.620000  335 0.500000 
0.945000  -1.800000  336 0.500000 
0.945000  -1.810000  337 0.500000 
0.950000  -1.810000  338 0.500000 
0.950000  -1.810000  339 0.500000 
0.905000  -1.730000  340 0.500000 
0.970000  -1.890000  341 0.500000 
0.930000  -1.770000  342 0.500000 
0.925000  -1.780000  343 0.500000 
0.975000  -1.910000  344 0.500000 
0.835000  -1.770000  345 0.500000 
0.930000  -1.770000  346 0.500000 
0.895000  -1.670000  347 0.500000 
0.970000  -1.890000  348 0.500000 
0.830000  -1.500000  349 0.500000 
0.885000  -1.690000  350 0.500000 
0.910000  -1.710000  351 0.500000 
0.970000  -1.890000  352 0.500000 
0.905000  -1.710000  353 0.500000 
0.960000  -1.850000  354 0.500000 
0.985000  -1.940000  355 0.500000 
0.955000  -1.840000  356 0.500000 
0.865000  -1.810000  357 0.500000 
0.820000  -1.560000  358 0.500000 
0.945000  -1.790000  359 0.500000 
0.920000  -1.740000  360 0.500000 
0.910000  -1.740000  361 0.500000 
0.900000  -1.720000  362 0.500000 
0.895000  -1.700000  363 0.500000 
0.940000  -1.820000  364 0.500000 
0.890000  -1.750000  365 0.500000 
0.955000  -1.840000  366 0.500000 
0.930000  -1.740000  367 0.500000 
0.800000  -1.620000  368 0.500000 
0.945000  -1.790000  369 0.500000 
0.880000  -1.690000  370 0.500000 
0.910000  -1.720000  371 0.500000 
0.945000  -1.810000  372 0.500000 
0.930000  -1.780000  373 0.500000 
0.820000  -1.630000  374 0.500000 
0.955000  -1.880000  375 0.500000 
0.935000  -1.820000  376 0.500000 
0.905000  -1.750000  377 0.500000 
0.910000  -1.700000  378 0.500000 
0.815000  -1.710000  379 0.500000 
0.960000  -1.850000  380 0.500000 
0.875000  -1.640000  381 0.500000 
0.910000  -1.680000  382 0.500000 
0.920000  -1.830000  383 0.500000 
0.935000  -1.770000  384 0.500000 
0.910000  -1.680000  385 0.500000 
0.960000  -1.850000  386 0.500000 
0.890000  -1.780000  387 0.500000 
0.970000  -1.910000  388 0.500000 
0.925000  -1.770000  389 0.500000 
0.910000  -1.740000  390 0.500000 
0.930000  -1.750000  391 0.500000 
0.790000  -1.550000  392 0.500000 
0.895000  -1.760000  393 0.500000 
0.910000  -1.730000  394 0.500000 
0.950000  -1.830000  395 0.500000 
0.925000  -1.730000  396 0.500000 
0.955000  -1.840000  397 0.500000 
0.825000  -1.610000  398 0.500000 
0.915000  -1.750000  399 0.500000 
0.900000  -1.700000  400 0.500000 
0.875000  -1.650000  401 0.500000 
0.910000  -1.710000  402 0.500000 
0.935000  -1.820000  403 0.500000 
0.885000  -1.680000  404 0.500000 
0.930000  -1.790000  405 0.500000 
0.945000  -1.800000  406 0.500000 
0.900000  -1.670000  407 0.500000 
0.900000  -1.710000  408 0.500000 
0.905000  -1.710000  409 0.500000 
0.940000  -1.770000  410 0.500000 
0.930000  -1.760000  411 0.500000 
0.925000  -1.740000  412 0.500000 
0.915000  -1.720000  413 0.500000 
0.835000  -1.630000  414 0.500000 
0.900000  -1.670000  415 0.500000 
0.905000  -1.740000  416 0.500000 
0.930000  -1.770000  417 0.500000 
0.920000  -1.730000  418 0.500000 
0.950000  -1.830000  419 0.500000 
0.885000  -1.670000  420 0.500000 
0.855000  -1.660000  421 0.500000 
0.885000  -1.630000  422 0.500000 
0.920000  -1.730000  423 0.500000 
0.715000  -1.660000  424 0.500000 
0.895000  -1.710000  425 0.500000 
0.950000  -1.850000  426 0.500000 
0.910000  -1.750000  427 0.500000 
0.945000  -1.830000  428 0.500000 
0.930000  -1.810000  429 0.500000 
0.950000  -1.850000  430 0.500000 
0.940000  -1.770000  431 0.500000 
0.970000  -1.880000  432 0.500000 
0.915000  -1.760000  433 0.500000 
0.910000  -1.720000  434 0.500000 
0.825000  -1.580000  435 0.500000 
0.935000  -1.760000  436 0.500000 
0.965000  -1.890000  437 0.500000 
0.970000  -1.880000  438 0.500000 
0.865000  -1.710000  439 0.500000 
0.915000  -1.710000  440 0.500000 
0.895000  -1.700000  441 0.500000 
0.900000  -1.730000  442 0.500000 
0.930000  -1.780000  443 0.500000 
0.910000  -1.700000  444 0.500000 
0.955000  -1.820000  445 0.500000 
0.940000  -1.810000  446 0.500000 
0.865000  -1.680000  447 0.500000 
0.885000  -1.650000  448 0.500000 
0.955000  -1.840000  449 0.500000 
0.935000  -1.820000  450 0.500000 
0.910000  -1.760000  451 0.500000 
0.935000  -1.820000  452 0.500000 
0.925000  -1.720000  453 0.500000 
0.910000  -1.720000  454 0.500000 
0.910000  -1.770000  455 0.500000 
0.885000  -1.700000  456 0.500000 
0.945000  -1.800000  457 0.500000 
0.900000  -1.720000  458 0.500000 
0.845000  -1.520000  459 0.500000 
0.970000  -1.890000  460 0.500000 
0.960000  -1.850000  461 0.500000 
0.945000  -1.810000  462 0.500000 
0.905000  -1.760000  463 0.500000 
0.975000  -1.900000  464 0.500000 
0.950000  -1.850000  465 0.500000 
0.955000  -1.830000  466 0.500000 
0.840000  -1.560000  467 0.500000 
0.890000  -1.710000  468 0.500000 
0.925000  -1.710000  469 0.500000 
0.945000  -1.820000  470 0.500000 
0.925000  -1.730000  471 0.500000 
0.910000  -1.710000  472 0.500000 
0.930000  -1.770000  473 0.500000 
0.865000  -1.610000  474 0.500000 
0.905000  -1.680000  475 0.500000 
0.900000  -1.700000  476 0.500000 
0.920000  -1.710000  477 0.500000 
0.965000  -1.880000  478 0.500000 
0.870000  -1.600000  479 0.500000 
0.945000  -1.800000  480 0.500000 
0.910000  -1.750000  481 0.500000 
0.890000  -1.690000  482 0.500000 
0.830000  -1.500000  483 0.500000 
0.810000  -1.490000  484 0.500000 
0.815000  -1.640000  485 0.500000 
0.905000  -1.680000  486 0.500000 
0.915000  -1.820000  487 0.500000 
0.955000  -1.860000  488 0.500000 
0.930000  -1.780000  489 0.500000 
0.945000  -1.800000  490 0.500000 
0.895000  -1.730000  491 0.500000 
0.830000  -1.640000  492 0.500000 
0.935000  -1.780000  493 0.500000 
0.925000  -1.790000  494 0.500000 
0.915000  -1.710000  495 0.500000 
0.870000  -1.650000  496 0.500000 
0.910000  -1.740000  497 0.500000 
0.940000  -1.810000  498 0.500000 
0.945000  -1.790000  499 0.500000 
0.885000  -1.710000  500 0.500000 
0.905000  -1.770000  501 0.500000 
0.890000  -1.660000  502 0.500000 
0.800000  -1.680000  503 0.500000 
0.895000  -1.670000  504 0.500000 
0.900000  -1.740000  505 0.500000 
0.880000  -1.630000  506 0.500000 
0.895000  -1.730000  507 0.500000 
0.910000  -1.710000  508 0.500000 
0.920000  -1.770000  509 0.500000 
0.930000  -1.780000  510 0.500000 
0.880000  -1.630000  511 0.500000 
0.835000  -1.690000  512 0.500000 
0.915000  -1.700000  513 0.500000 
0.955000  -1.840000  514 0.500000 
0.775000  -1.600000  515 0.500000 
0.935000  -1.810000  516 0.500000 
0.925000  -1.750000  517 0.500000 
0.910000  -1.720000  518 0.500000 
0.965000  -1.880000  519 0.500000 
0.905000  -1.710000  520 0.500000 
0.965000  -1.870000  521 0.500000 
0.935000  -1.820000  522 0.500000 
0.860000  -1.690000  523 0.500000 
0.885000  -1.710000  524 0.500000 
0.915000  -1.700000  525 0.500000 
0.825000  -1.580000  526 0.500000 
0.940000  -1.770000  527 0.500000 
0.955000  -1.830000  528 0.500000 
0.920000  -1.730000  529 0.500000 
0.920000  -1.790000  530 0.500000 
0.960000  -1.850000  531 0.500000 
0.905000  -1.720000  532 0.500000 
0.835000  -1.580000  533 0.500000 
0.905000  -1.700000  534 0.500000 
0.965000  -1.860000  535 0.500000 
0.880000  -1.720000  536 0.500000 
0.930000  -1.770000  537 0.500000 
0.895000  -1.690000  538 0.500000 
0.930000  -1.750000  539 0.500000 
0.950000  -1.830000  540 0.500000 
0.940000  -1.830000  541 0.500000 
0.945000  -1.810000  542 0.500000 
0.935000  -1.750000  543 0.500000 
0.925000  -1.770000  544 0.500000 
0.910000  -1.740000  545 0.500000 
0.855000  -1.630000  546 0.500000 
0.940000  -1.790000  547 0.500000 
0.925000  -1.780000  548 0.500000 
0.925000  -1.740000  549 0.500000 
0.915000  -1.740000  550 0.500000 
0.965000  -1.880000  551 0.500000 
0.975000  -1.910000  552 0.500000 
0.940000  -1.810000  553 0.500000 
0.930000  -1.780000  554 0.500000 
0.945000  -1.790000  555 0.500000 
0.920000  -1.720000  556 0.500000 
0.885000  -1.630000  557 0.500000 
0.950000  -1.810000  558 0.500000 
0.965000  -1.870000  559 0.500000 
0.960000  -1.850000  560 0.500000 
0.920000  -1.750000  561 0.500000 
0.935000  -1.770000  562 0.500000 
0.910000  -1.720000  563 0.500000 
0.905000  -1.750000  564 0.500000 
0.925000  -1.750000  565 0.500000 
0.970000  -1.880000  566 0.500000 
0.890000  -1.690000  567 0.500000 
0.945000  -1.800000  568 0.500000 
0.920000  -1.790000  569 0.500000 
0.885000  -1.660000  570 0.500000 
0.860000  -1.670000  571 0.500000 
0.980000  -1.920000  572 0.500000 
0.940000  -1.790000  573 0.500000 
0.920000  -1.700000  574 0.500000 
0.935000  -1.790000  575 0.500000 
0.785000  -1.560000  576 0.500000 
0.940000  -1.840000  577 0.500000 
0.905000  -1.680000  578 0.500000 
0.930000  -1.760000  579 0.500000 
0.920000  -1.720000  580 0.500000 
0.845000  -1.570000  581 0.500000 
0.905000  -1.730000  582 0.500000 
0.930000  -1.790000  583 0.500000 
0.955000  -1.820000  584 0.500000 
0.840000  -1.600000  585 0.500000 
0.965000  -1.860000  586 0.500000 
0.935000  -1.780000  587 0.500000 
0.925000  -1.780000  588 0.500000 
0.955000  -1.840000  589 0.500000 
0.940000  -1.810000  590 0.500000 
0.920000  -1.720000  591 0.500000 
0.945000  -1.800000  592 0.500000 
0.875000  -1.730000  593 0.500000 
0.930000  -1.740000  594 0.500000 
0.935000  -1.770000  595 0.500000 
0.855000  -1.540000  596 0.500000 
0.920000  -1.720000  597 0.500000 
0.920000  -1.730000  598 0.500000 
0.905000  -1.730000  599 0.500000 
0.920000  -1.740000  600 0.500000 
0.920000  -1.770000  601 0.500000 
0.955000  -1.850000  602 0.500000 
0.845000  -1.590000  603 0.500000 
0.835000  -1.540000  604 0.500000 
0.915000  -1.720000  605 0.500000 
0.830000  -1.590000  606 0.500000 
0.880000  -1.650000  607 0.500000 
0.910000  -1.760000  608 0.500000 
0.885000  -1.680000  609 0.500000 
0.895000  -1.670000  610 0.500000 
0.940000  -1.810000  611 0.500000 
0.925000  -1.730000  612 0.500000 
0.905000  -1.700000  613 0.500000 
0.940000  -1.810000  614 0.500000 
0.865000  -1.610000  615 0.500000 
0.930000  -1.750000  616 0.500000 
0.920000  -1.780000  617 0.500000 
0.950000  -1.820000  618 0.500000 
0.880000  -1.690000  619 0.500000 
0.930000  -1.740000  620 0.500000 
0.950000  -1.820000  621 0.500000 
0.880000  -1.760000  622 0.500000 
0.950000  -1.820000  623 0.500000 
0.940000  -1.790000  624 0.500000 
0.895000  -1.730000  625 0.500000 
0.935000  -1.800000  626 0.500000 
0.940000  -1.780000  627 0.500000 
0.935000  -1.780000  628 0.500000 
0.940000  -1.800000  629 0.500000 
0.890000  -1.690000  630 0.500000 
0.890000  -1.640000  631 0.500000 
0.875000  -1.690000  632 0.500000 
0.905000  -1.700000  633 0.500000 
0.940000  -1.810000  634 0.500000 
0.905000  -1.670000  635 0.500000 
0.820000  -1.650000  636 0.500000 
0.850000  -1.580000  637 0.500000 
0.935000  -1.780000  638 0.500000 
0.900000  -1.670000  639 0.500000 
0.910000  -1.810000  640 0.500000 
0.865000  -1.680000  641 0.500000 
0.950000  -1.830000  642 0.500000 
0.905000  -1.710000  643 0.500000 
0.900000  -1.680000  644 0.500000 
0.950000  -1.810000  645 0.500000 
0.925000  -1.770000  646 0.500000 
0.915000  -1.710000  647 0.500000 
0.950000  -1.810000  648 0.500000 
0.870000  -1.610000  649 0.500000 
0.920000  -1.760000  650 0.500000 
0.955000  -1.830000  651 0.500000 
0.895000  -1.660000  652 0.500000 
0.850000  -1.610000  653 0.500000 
0.890000  -1.690000  654 0.500000 
0.910000  -1.730000  655 0.500000 
0.875000  -1.660000  656 0.500000 
0.955000  -1.870000  657 0.500000 
0.950000  -1.830000  658 0.500000 
0.860000  -1.650000  659 0.500000 
0.895000  -1.690000  660 0.500000 
0.905000  -1.710000  661 0.500000 
0.900000  -1.720000  662 0.500000 
0.935000  -1.770000  663 0.500000 
0.955000  -1.830000  664 0.500000 
0.955000  -1.850000  665 0.500000 
0.920000  -1.770000  666 0.500000 
0.950000  -1.820000  667 0.500000 
0.845000  -1.650000  668 0.500000 
0.905000  -1.740000  669 0.500000 
0.915000  -1.710000  670 0.500000 
0.935000  -1.830000  671 0.500000 
0.925000  -1.750000  672 0.500000 
0.960000  -1.860000  673 0.500000 
0.945000  -1.800000  674 0.500000 
0.935000  -1.800000  675 0.500000 
0.960000  -1.860000  676 0.500000 
0.955000  -1.870000  677 0.500000 
0.985000  -1.940000  678 0.500000 
0.940000  -1.810000  679 0.500000 
0.935000  -1.770000  680 0.500000 
0.955000  -1.850000  681 0.500000 
0.875000  -1.720000  682 0.500000 
0.905000  -1.690000  683 0.500000 
0.950000  -1.830000  684 0.500000 
0.945000  -1.820000  685 0.500000 
0.875000  -1.640000  686 0.500000 
0.675000  -1.580000  687 0.500000 
0.875000  -1.650000  688 0.500000 
0.895000  -1.670000  689 0.500000 
0.875000  -1.570000  690 0.500000 
0.925000  -1.750000  691 0.500000 
0.935000  -1.790000  692 0.500000 
0.880000  -1.660000  693 0.500000 
0.930000  -1.770000  694 0.500000 
0.870000  -1.650000  695 0.500000 
0.870000  -1.640000  696 0.500000 
0.945000  -1.800000  697 0.500000 
0.825000  -1.700000  698 0.500000 
0.925000  -1.750000  699 0.500000 
0.905000  -1.720000  700 0.500000 
0.930000  -1.790000  701 0.500000 
0.955000  -1.840000  702 0.500000 
0.920000  -1.730000  703 0.500000 
0.770000  -1.540000  704 0.500000 
0.935000  -1.760000  705 0.500000 
0.880000  -1.640000  706 0.500000 
0.920000  -1.750000  707 0.500000 
0.895000  -1.740000  708 0.500000 
0.865000  -1.720000  709 0.500000 
0.925000  -1.760000  710 0.500000 
0.895000  -1.680000  711 0.500000 
0.935000  -1.860000  712 0.500000 
0.930000  -1.750000  713 0.500000 
0.880000  -1.650000  714 0.500000 
0.885000  -1.790000  715 0.500000 
0.885000  -1.640000  716 0.500000 
0.830000  -1.660000  717 0.500000 
0.920000  -1.720000  718 0.500000 
0.895000  -1.660000  719 0.500000 
0.920000  -1.750000  720 0.500000 
0.910000  -1.770000  721 0.500000 
0.950000  -1.820000  722 0.500000 
0.905000  -1.690000  723 0.500000 
0.905000  -1.750000  724 0.500000 
0.925000  -1.740000  725 0.500000 
0.950000  -1.850000  726 0.500000 
0.905000  -1.730000  727 0.500000 
0.955000  -1.840000  728 0.500000 
0.935000  -1.770000  729 0.500000 
0.950000  -1.820000  730 0.500000 
0.885000  -1.720000  731 0.500000 
0.915000  -1.740000  732 0.500000 
0.910000  -1.760000  733 0.500000 
0.965000  -1.870000  734 0.500000 
0.950000  -1.820000  735 0.500000 
0.880000  -1.640000  736 0.500000 
0.950000  -1.840000  737 0.500000 
0.975000  -1.930000  738 0.500000 
0.825000  -1.590000  739 0.500000 
0.930000  -1.750000  740 0.500000 
0.935000  -1.790000  741 0.500000 
0.915000  -1.700000  742 0.500000 
0.910000  -1.750000  743 0.500000 
0.950000  -1.800000  744 0.500000 
0.935000  -1.790000  745 0.500000 
0.875000  -1.790000  746 0.500000 
0.945000  -1.810000  747 0.500000 
0.880000  -1.680000  748 0.500000 
0.900000  -1.660000  749 0.500000 
0.900000  -1.680000  750 0.500000 
0.945000  -1.800000  751 0.500000 
0.935000  -1.780000  752 0.500000 
0.910000  -1.730000  753 0.500000 
0.935000  -1.780000  754 0.500000 
0.970000  -1.880000  755 0.500000 
0.940000  -1.820000  756 0.500000 
0.810000  -1.610000  757 0.500000 
0.945000  -1.800000  758 0.500000 
0.900000  -1.680000  759 0.500000 
0.880000  -1.640000  760 0.500000 
0.950000  -1.860000  761 0.500000 
0.890000  -1.720000  762 0.500000 
0.785000  -1.630000  763 0.500000 
0.910000  -1.720000  764 0.500000 
0.870000  -1.650000  765 0.500000 
0.930000  -1.780000  766 0.500000 
0.910000  -1.710000  767 0.500000 
0.895000  -1.710000  768 0.500000 
0.945000  -1.800000  769 0.500000 
0.860000  -1.570000  770 0.500000 
0.890000  -1.690000  771 0.500000 
0.940000  -1.790000  772 0.500000 
0.955000  -1.860000  773 0.500000 
0.880000  -1.670000  774 0.500000 
0.905000  -1.770000  775 0.500000 
0.900000  -1.680000  776 0.500000 
0.945000  -1.820000  777 0.500000 
0.935000  -1.750000  778 0.500000 
0.915000  -1.770000  779 0.500000 
0.965000  -1.870000  780 0.500000 
0.865000  -1.640000  781 0.500000 
0.900000  -1.670000  782 0.500000 
0.930000  -1.780000  783 0.500000 
0.935000  -1.790000  784 0.500000 
0.895000  -1.680000  785 0.500000 
0.845000  -1.670000  786 0.500000 
0.935000  -1.780000  787 0.500000 
0.950000  -1.820000  788 0.500000 
0.925000  -1.740000  789 0.500000 
0.975000  -1.910000  790 0.500000 
0.945000  -1.800000  791 0.500000 
0.885000  -1.710000  792 0.500000 
0.945000  -1.800000  793 0.500000 
0.920000  -1.720000  794 0.500000 
0.870000  -1.690000  795 0.500000 
0.860000  -1.660000  796 0.500000 
0.960000  -1.880000  797 0.500000 
0.830000  -1.630000  798 0.500000 
0.820000  -1.560000  799 0.500000 
0.755000  -1.510000  800 0.500000 
0.910000  -1.700000  801 0.500000 
0.895000  -1.660000  802 0.500000 
0.920000  -1.730000  803 0.500000 
0.900000  -1.680000  804 0.500000 
0.875000  -1.640000  805 0.500000 
0.950000  -1.810000  806 0.500000 
0.940000  -1.790000  807 0.500000 
0.880000  -1.720000  808 0.500000 
0.945000  -1.850000  809 0.500000 
0.955000  -1.830000  810 0.500000 
0.895000  -1.730000  811 0.500000 
0.880000  -1.690000  812 0.500000 
0.885000  -1.690000  813 0.500000 
0.905000  -1.730000  814 0.500000 
0.885000  -1.780000  815 0.500000 
0.930000  -1.760000  816 0.500000 
0.975000  -1.920000  817 0.500000 
0.920000  -1.760000  818 0.500000 
0.880000  -1.690000  819 0.500000 
0.940000  -1.780000  820 0.500000 
0.925000  -1.730000  821 0.500000 
0.950000  -1.830000  822 0.500000 
0.910000  -1.710000  823 0.500000 
0.920000  -1.730000  824 0.500000 
0.970000  -1.890000  825 0.500000 
0.900000  -1.710000  826 0.500000 
0.920000  -1.740000  827 0.500000 
0.895000  -1.700000  828 0.500000 
0.915000  -1.730000  829 0.500000 
0.890000  -1.650000  830 0.500000 
0.950000  -1.810000  831 0.500000 
0.925000  -1.740000  832 0.500000 
0.860000  -1.640000  833 0.500000 
0.905000  -1.730000  834 0.500000 
0.935000  -1.780000  835 0.500000 
0.880000  -1.690000  836 0.500000 
0.905000  -1.720000  837 0.500000 
0.935000  -1.800000  838 0.500000 
0.930000  -1.770000  839 0.500000 
0.950000  -1.820000  840 0.500000 
0.955000  -1.840000  841 0.500000 
0.915000  -1.710000  842 0.500000 
0.850000  -1.680000  843 0.500000 
0.915000  -1.760000  844 0.500000 
0.970000  -1.890000  845 0.500000 
0.970000  -1.880000  846 0.500000 
0.865000  -1.620000  847 0.500000 
0.870000  -1.600000  848 0.500000 
0.945000  -1.790000  849 0.500000 
0.935000  -1.780000  850 0.500000 
0.965000  -1.880000  851 0.500000 
0.840000  -1.630000  852 0.500000 
0.945000  -1.840000  853 0.500000 
0.915000  -1.760000  854 0.500000 
0.970000  -1.880000  855 0.500000 
0.910000  -1.730000  856 0.500000 
0.910000  -1.730000  857 0.500000 
0.890000  -1.720000  858 0.500000 
0.930000  -1.780000  859 0.500000 
0.910000  -1.760000  860 0.500000 
0.870000  -1.690000  861 0.500000 
0.965000  -1.860000  862 0.500000 
0.860000  -1.660000  863 0.500000 
0.945000  -1.800000  864 0.500000 
0.885000  -1.680000  865 0.500000 
0.905000  -1.680000  866 0.500000 
0.925000  -1.760000  867 0.500000 
0.910000  -1.710000  868 0.500000 
0.900000  -1.700000  869 0.500000 
0.945000  -1.810000  870 0.500000 
0.950000  -1.810000  871 0.500000 
0.955000  -1.830000  872 0.500000 
0.970000  -1.880000  873 0.500000 
0.880000  -1.670000  874 0.500000 
0.900000  -1.680000  875 0.500000 
0.940000  -1.800000  876 0.500000 
0.885000  -1.740000  877 0.500000 
0.940000  -1.790000  878 0.500000 
0.875000  -1.650000  879 0.500000 
0.920000  -1.780000  880 0.500000 
0.905000  -1.670000  881 0.500000 
0.870000  -1.600000  882 0.500000 
0.905000  -1.760000  883 0.500000 
0.935000  -1.770000  884 0.500000 
0.940000  -1.800000  885 0.500000 
0.950000  -1.800000  886 0.500000 
0.925000  -1.740000  887 0.500000 
0.905000  -1.780000  888 0.500000 
0.935000  -1.780000  889 0.500000 
0.935000  -1.800000  890 0.500000 
0.950000  -1.860000  891 0.500000 
0.920000  -1.740000  892 0.500000 
0.860000  -1.650000  893 0.500000 
0.940000  -1.770000  894 0.500000 
0.745000  -1.590000  895 0.500000 
0.940000  -1.820000  896 0.500000 
0.925000  -1.770000  897 0.500000 
0.870000  -1.690000  898 0.500000 
0.960000  -1.860000  899 0.500000 
0.930000  -1.770000  900 0.500000 
0.930000  -1.740000  901 0.500000 
0.915000  -1.750000  902 0.500000 
0.965000  -1.900000  903 0.500000 
0.920000  -1.780000  904 0.500000 
0.850000  -1.600000  905 0.500000 
0.900000  -1.740000  906 0.500000 
0.820000  -1.580000  907 0.500000 
0.970000  -1.890000  908 0.500000 
0.945000  -1.790000  909 0.500000 
0.915000  -1.720000  910 0.500000 
0.970000  -1.900000  911 0.500000 
0.940000  -1.790000  912 0.500000 
0.770000  -1.630000  913 0.500000 
0.895000  -1.720000  914 0.500000 
0.890000  -1.700000  915 0.500000 
0.900000  -1.670000  916 0.500000 
0.935000  -1.770000  917 0.500000 
0.880000  -1.670000  918 0.500000 
0.885000  -1.690000  919 0.500000 
0.930000  -1.750000  920 0.500000 
0.915000  -1.710000  921 0.500000 
0.845000  -1.540000  922 0.500000 
0.965000  -1.880000  923 0.500000 
0.955000  -1.830000  924 0.500000 
0.950000  -1.830000  925 0.500000 
0.920000  -1.760000  926 0.500000 
0.935000  -1.780000  927 0.500000 
0.935000  -1.790000  928 0.500000 
0.895000  -1.730000  929 0.500000 
0.905000  -1.770000  930 0.500000 
0.900000  -1.730000  931 0.500000 
0.935000  -1.770000  932 0.500000 
0.940000  -1.780000  933 0.500000 
0.900000  -1.680000  934 0.500000 
0.895000  -1.700000  935 0.500000 
0.900000  -1.700000  936 0.500000 
0.885000  -1.700000  937 0.500000 
0.945000  -1.800000  938 0.500000 
0.940000  -1.790000  939 0.500000 
0.945000  -1.800000  940 0.500000 
0.965000  -1.860000  941 0.500000 
0.890000  -1.750000  942 0.500000 
0.965000  -1.900000  943 0.500000 
0.950000  -1.850000  944 0.500000 
0.945000  -1.820000  945 0.500000 
0.925000  -1.750000  946 0.500000 
0.910000  -1.730000  947 0.500000 
0.940000  -1.790000  948 0.500000 
0.845000  -1.650000  949 0.500000 
0.925000  -1.750000  950 0.500000 
0.945000  -1.810000  951 0.500000 
0.845000  -1.560000  952 0.500000 
0.830000  -1.620000  953 0.500000 
0.945000  -1.820000  954 0.500000 
0.955000  -1.840000  955 0.500000 
0.905000  -1.730000  956 0.500000 
0.920000  -1.710000  957 0.500000 
0.920000  -1.730000  958 0.500000 
0.945000  -1.790000  959 0.500000 
0.875000  -1.700000  960 0.500000 
0.960000  -1.860000  961 0.500000 
0.950000  -1.840000  962 0.500000 
0.895000  -1.660000  963 0.500000 
0.860000  -1.630000  964 0.500000 
0.840000  -1.620000  965 0.500000 
0.915000  -1.750000  966 0.500000 
0.885000  -1.640000  967 0.500000 
0.875000  -1.650000  968 0.500000 
0.860000  -1.600000  969 0.500000 
0.950000  -1.860000  970 0.500000 
0.900000  -1.650000  971 0.500000 
0.915000  -1.710000  972 0.500000 
0.775000  -1.560000  973 0.500000 
0.920000  -1.780000  974 0.500000 
0.920000  -1.750000  975 0.500000 
0.885000  -1.700000  976 0.500000 
0.900000  -1.720000  977 0.500000 
0.945000  -1.800000  978 0.500000 
0.830000  -1.690000  979 0.500000 
0.905000  -1.700000  980 0.500000 
0.900000  -1.780000  981 0.500000 
0.945000  -1.820000  982 0.500000 
0.925000  -1.760000  983 0.500000 
0.935000  -1.790000  984 0.500000 
0.935000  -1.860000  985 0.500000 
0.890000  -1.670000  986 0.500000 
0.915000  -1.730000  987 0.500000 
0.865000  -1.630000  988 0.500000 
0.980000  -1.920000  989 0.500000 
0.855000  -1.690000  990 0.500000 
0.935000  -1.770000  991 0.500000 
0.920000  -1.760000  992 0.500000 
0.940000  -1.810000  993 0.500000 
0.935000  -1.780000  994 0.500000 
0.885000  -1.630000  995 0.500000 
0.930000  -1.750000  996 0.500000 
0.965000  -1.870000  997 0.500000 
0.925000  -1.710000  998 0.500000 
0.895000  -1.680000  999 0.500000 
