-0.830000  -1.520000  0 0.448000 
-0.590000  -1.400000  1 0.448000 
-0.855000  -1.540000  2 0.448000 
-0.915000  -1.710000  3 0.448000 
-0.820000  -1.570000  4 0.448000 
-0.810000  -1.500000  5 0.448000 
-0.860000  -1.580000  6 0.448000 
-0.620000  -1.240000  7 0.448000 
-0.765000  -1.430000  8 0.448000 
-0.735000  -1.510000  9 0.448000 
-0.745000  -1.480000  10 0.448000 
-0.800000  -1.580000  11 0.448000 
-0.630000  -1.480000  12 0.448000 
-0.755000  -1.510000  13 0.448000 
-0.770000  -1.540000  14 0.448000 
-0.865000  -1.630000  15 0.448000 
-0.720000  -1.600000  16 0.448000 
-0.900000  -1.670000  17 0.448000 
-0.910000  -1.710000  18 0.448000 
-0.835000  -1.570000  19 0.448000 
-0.835000  -1.620000  20 0.448000 
-0.885000  -1.610000  21 0.448000 
-0.620000  -1.400000  22 0.448000 
-0.655000  -1.420000  23 0.448000 
-0.955000  -1.830000  24 0.448000 
-0.695000  -1.400000  25 0.448000 
-0.640000  -1.380000  26 0.448000 
-0.905000  -1.730000  27 0.448000 
-0.835000  -1.610000  28 0.448000 
-0.830000  -1.520000  29 0.448000 
-0.890000  -1.630000  30 0.448000 
-0.625000  -1.490000  31 0.448000 
-0.885000  -1.680000  32 0.448000 
-0.735000  -1.460000  33 0.448000 
-0.865000  -1.540000  34 0.448000 
-0.675000  -1.380000  35 0.448000 
-0.500000  -1.290000  36 0.448000 
-0.765000  -1.380000  37 0.448000 
-0.820000  -1.580000  38 0.448000 
-0.865000  -1.620000  39 0.448000 
-0.780000  -1.550000  40 0.448000 
-0.895000  -1.660000  41 0.448000 
-0.725000  -1.320000  42 0.448000 
-0.880000  -1.730000  43 0.448000 
-0.515000  -1.500000  44 0.448000 
-0.595000  -1.290000  45 0.448000 
-0.600000  -1.540000  46 0.448000 
-0.545000  -1.390000  47 0.448000 
-0.830000  -1.500000  48 0.448000 
-0.665000  -1.250000  49 0.448000 
-0.900000  -1.680000  50 0.448000 
-0.675000  -1.510000  51 0.448000 
-0.860000  -1.530000  52 0.448000 
-0.635000  -1.430000  53 0.448000 
-0.880000  -1.570000  54 0.448000 
-0.905000  -1.700000  55 0.448000 
-0.805000  -1.450000  56 0.448000 
-0.675000  -1.360000  57 0.448000 
-0.880000  -1.720000  58 0.448000 
-0.795000  -1.520000  59 0.448000 
-0.830000  -1.600000  60 0.448000 
-0.770000  -1.500000  61 0.448000 
-0.785000  -1.460000  62 0.448000 
-0.860000  -1.570000  63 0.448000 
-0.765000  -1.480000  64 0.448000 
-0.875000  -1.630000  65 0.448000 
-0.780000  -1.570000  66 0.448000 
-0.720000  -1.450000  67 0.448000 
-0.895000  -1.650000  68 0.448000 
-0.745000  -1.320000  69 0.448000 
-0.840000  -1.520000  70 0.448000 
-0.835000  -1.520000  71 0.448000 
-0.855000  -1.550000  72 0.448000 
-0.885000  -1.610000  73 0.448000 
-0.850000  -1.560000  74 0.448000 
-0.765000  -1.500000  75 0.448000 
-0.820000  -1.470000  76 0.448000 
-0.720000  -1.550000  77 0.448000 
-0.675000  -1.420000  78 0.448000 
-0.715000  -1.480000  79 0.448000 
-0.720000  -1.480000  80 0.448000 
-0.810000  -1.460000  81 0.448000 
-0.925000  -1.720000  82 0.448000 
-0.790000  -1.550000  83 0.448000 
-0.675000  -1.440000  84 0.448000 
-0.095000  -1.280000  85 0.448000 
0.045000  -1.230000  86 0.448000 
-0.795000  -1.570000  87 0.448000 
-0.725000  -1.400000  88 0.448000 
-0.905000  -1.710000  89 0.448000 
-0.580000  -1.250000  90 0.448000 
-0.860000  -1.580000  91 0.448000 
-0.830000  -1.590000  92 0.448000 
-0.805000  -1.540000  93 0.448000 
-0.900000  -1.720000  94 0.448000 
-0.845000  -1.550000  95 0.448000 
-0.905000  -1.700000  96 0.448000 
-0.740000  -1.500000  97 0.448000 
-0.835000  -1.520000  98 0.448000 
-0.785000  -1.480000  99 0.448000 
-0.780000  -1.510000  100 0.448000 
-0.870000  -1.610000  101 0.448000 
-0.840000  -1.560000  102 0.448000 
-0.900000  -1.710000  103 0.448000 
-0.810000  -1.630000  104 0.448000 
-0.895000  -1.720000  105 0.448000 
-0.785000  -1.510000  106 0.448000 
-0.535000  -1.340000  107 0.448000 
-0.775000  -1.530000  108 0.448000 
-0.610000  -1.420000  109 0.448000 
-0.840000  -1.530000  110 0.448000 
-0.755000  -1.430000  111 0.448000 
-0.875000  -1.670000  112 0.448000 
-0.840000  -1.590000  113 0.448000 
-0.475000  -1.130000  114 0.448000 
-0.800000  -1.520000  115 0.448000 
-0.735000  -1.480000  116 0.448000 
0.100000  -1.300000  117 0.448000 
-0.850000  -1.590000  118 0.448000 
-0.650000  -1.330000  119 0.448000 
-0.310000  -1.230000  120 0.448000 
-0.840000  -1.700000  121 0.448000 
-0.885000  -1.650000  122 0.448000 
-0.790000  -1.510000  123 0.448000 
-0.910000  -1.710000  124 0.448000 
-0.790000  -1.470000  125 0.448000 
-0.615000  -1.270000  126 0.448000 
-0.870000  -1.630000  127 0.448000 
-0.750000  -1.390000  128 0.448000 
-0.710000  -1.420000  129 0.448000 
-0.855000  -1.630000  130 0.448000 
-0.870000  -1.690000  131 0.448000 
-0.810000  -1.520000  132 0.448000 
-0.830000  -1.590000  133 0.448000 
-0.655000  -1.370000  134 0.448000 
-0.935000  -1.770000  135 0.448000 
-0.870000  -1.650000  136 0.448000 
-0.915000  -1.850000  137 0.448000 
-0.795000  -1.500000  138 0.448000 
-0.490000  -1.360000  139 0.448000 
0.035000  -1.320000  140 0.448000 
0.785000  -1.530000  141 0.448000 
0.680000  -1.360000  142 0.448000 
0.760000  -1.510000  143 0.448000 
0.640000  -1.500000  144 0.448000 
0.575000  -1.410000  145 0.448000 
0.870000  -1.600000  146 0.448000 
0.765000  -1.410000  147 0.448000 
0.785000  -1.450000  148 0.448000 
0.815000  -1.570000  149 0.448000 
0.805000  -1.450000  150 0.448000 
0.495000  -1.380000  151 0.448000 
0.900000  -1.630000  152 0.448000 
0.840000  -1.620000  153 0.448000 
0.835000  -1.480000  154 0.448000 
0.820000  -1.500000  155 0.448000 
0.820000  -1.540000  156 0.448000 
0.845000  -1.570000  157 0.448000 
0.800000  -1.520000  158 0.448000 
0.635000  -1.300000  159 0.448000 
0.655000  -1.350000  160 0.448000 
0.705000  -1.410000  161 0.448000 
0.690000  -1.240000  162 0.448000 
0.660000  -1.380000  163 0.448000 
0.865000  -1.660000  164 0.448000 
0.805000  -1.520000  165 0.448000 
0.810000  -1.550000  166 0.448000 
0.770000  -1.420000  167 0.448000 
0.785000  -1.450000  168 0.448000 
0.740000  -1.470000  169 0.448000 
0.810000  -1.440000  170 0.448000 
0.845000  -1.560000  171 0.448000 
0.635000  -1.370000  172 0.448000 
0.645000  -1.490000  173 0.448000 
0.765000  -1.420000  174 0.448000 
0.825000  -1.540000  175 0.448000 
0.830000  -1.560000  176 0.448000 
0.700000  -1.380000  177 0.448000 
0.860000  -1.650000  178 0.448000 
0.815000  -1.540000  179 0.448000 
0.760000  -1.440000  180 0.448000 
0.835000  -1.640000  181 0.448000 
0.775000  -1.530000  182 0.448000 
0.820000  -1.540000  183 0.448000 
0.815000  -1.500000  184 0.448000 
0.805000  -1.570000  185 0.448000 
0.280000  -1.160000  186 0.448000 
0.775000  -1.460000  187 0.448000 
0.670000  -1.380000  188 0.448000 
0.760000  -1.510000  189 0.448000 
0.865000  -1.580000  190 0.448000 
0.695000  -1.350000  191 0.448000 
0.895000  -1.660000  192 0.448000 
0.845000  -1.510000  193 0.448000 
0.710000  -1.400000  194 0.448000 
0.715000  -1.410000  195 0.448000 
0.900000  -1.680000  196 0.448000 
0.740000  -1.550000  197 0.448000 
0.850000  -1.570000  198 0.448000 
0.850000  -1.580000  199 0.448000 
0.800000  -1.460000  200 0.448000 
0.715000  -1.330000  201 0.448000 
0.825000  -1.580000  202 0.448000 
0.865000  -1.590000  203 0.448000 
0.755000  -1.550000  204 0.448000 
0.825000  -1.500000  205 0.448000 
0.775000  -1.450000  206 0.448000 
0.865000  -1.620000  207 0.448000 
0.905000  -1.690000  208 0.448000 
0.665000  -1.290000  209 0.448000 
0.735000  -1.430000  210 0.448000 
0.865000  -1.630000  211 0.448000 
0.815000  -1.530000  212 0.448000 
0.775000  -1.460000  213 0.448000 
0.710000  -1.380000  214 0.448000 
0.855000  -1.610000  215 0.448000 
0.820000  -1.520000  216 0.448000 
0.870000  -1.690000  217 0.448000 
0.575000  -1.390000  218 0.448000 
0.370000  -1.350000  219 0.448000 
0.795000  -1.560000  220 0.448000 
0.830000  -1.580000  221 0.448000 
0.660000  -1.300000  222 0.448000 
0.830000  -1.590000  223 0.448000 
0.610000  -1.480000  224 0.448000 
0.590000  -1.400000  225 0.448000 
0.665000  -1.350000  226 0.448000 
0.565000  -1.350000  227 0.448000 
0.025000  -1.350000  228 0.448000 
0.835000  -1.480000  229 0.448000 
0.595000  -1.290000  230 0.448000 
0.890000  -1.700000  231 0.448000 
0.770000  -1.560000  232 0.448000 
0.920000  -1.730000  233 0.448000 
0.730000  -1.310000  234 0.448000 
0.810000  -1.570000  235 0.448000 
0.770000  -1.500000  236 0.448000 
0.715000  -1.420000  237 0.448000 
0.690000  -1.490000  238 0.448000 
0.910000  -1.730000  239 0.448000 
0.870000  -1.590000  240 0.448000 
0.850000  -1.580000  241 0.448000 
0.700000  -1.380000  242 0.448000 
0.860000  -1.630000  243 0.448000 
0.800000  -1.540000  244 0.448000 
0.635000  -1.300000  245 0.448000 
0.890000  -1.660000  246 0.448000 
0.820000  -1.550000  247 0.448000 
0.840000  -1.540000  248 0.448000 
0.615000  -1.430000  249 0.448000 
0.820000  -1.490000  250 0.448000 
0.655000  -1.450000  251 0.448000 
0.755000  -1.540000  252 0.448000 
0.935000  -1.770000  253 0.448000 
0.860000  -1.580000  254 0.448000 
0.875000  -1.620000  255 0.448000 
0.800000  -1.500000  256 0.448000 
0.835000  -1.550000  257 0.448000 
0.860000  -1.630000  258 0.448000 
0.475000  -1.420000  259 0.448000 
-0.770000  -1.450000  260 0.448000 
-0.830000  -1.580000  261 0.448000 
-0.845000  -1.630000  262 0.448000 
-0.840000  -1.490000  263 0.448000 
-0.755000  -1.450000  264 0.448000 
-0.830000  -1.680000  265 0.448000 
-0.795000  -1.530000  266 0.448000 
-0.595000  -1.370000  267 0.448000 
-0.755000  -1.470000  268 0.448000 
-0.665000  -1.420000  269 0.448000 
-0.750000  -1.450000  270 0.448000 
-0.095000  -1.300000  271 0.448000 
0.720000  -1.530000  272 0.448000 
0.840000  -1.550000  273 0.448000 
0.915000  -1.720000  274 0.448000 
0.890000  -1.640000  275 0.448000 
0.650000  -1.300000  276 0.448000 
0.860000  -1.620000  277 0.448000 
0.690000  -1.410000  278 0.448000 
0.720000  -1.570000  279 0.448000 
0.750000  -1.440000  280 0.448000 
0.855000  -1.630000  281 0.448000 
0.580000  -1.460000  282 0.448000 
0.735000  -1.450000  283 0.448000 
0.685000  -1.300000  284 0.448000 
0.825000  -1.510000  285 0.448000 
0.770000  -1.510000  286 0.448000 
0.865000  -1.660000  287 0.448000 
0.705000  -1.460000  288 0.448000 
0.770000  -1.570000  289 0.448000 
0.860000  -1.680000  290 0.448000 
0.835000  -1.610000  291 0.448000 
0.780000  -1.490000  292 0.448000 
0.820000  -1.530000  293 0.448000 
0.750000  -1.540000  294 0.448000 
0.860000  -1.660000  295 0.448000 
0.675000  -1.440000  296 0.448000 
0.405000  -1.420000  297 0.448000 
0.765000  -1.560000  298 0.448000 
0.845000  -1.570000  299 0.448000 
0.875000  -1.640000  300 0.448000 
0.815000  -1.520000  301 0.448000 
0.835000  -1.530000  302 0.448000 
0.865000  -1.610000  303 0.448000 
0.630000  -1.270000  304 0.448000 
0.865000  -1.570000  305 0.448000 
0.420000  -1.240000  306 0.448000 
0.430000  -1.130000  307 0.448000 
0.530000  -1.430000  308 0.448000 
0.470000  -1.160000  309 0.448000 
-0.275000  -1.330000  310 0.448000 
0.280000  -1.230000  311 0.448000 
0.825000  -1.550000  312 0.448000 
0.540000  -1.270000  313 0.448000 
0.420000  -1.400000  314 0.448000 
0.870000  -1.610000  315 0.448000 
0.880000  -1.610000  316 0.448000 
0.870000  -1.620000  317 0.448000 
0.860000  -1.660000  318 0.448000 
0.685000  -1.390000  319 0.448000 
0.730000  -1.410000  320 0.448000 
0.775000  -1.420000  321 0.448000 
0.865000  -1.570000  322 0.448000 
0.805000  -1.490000  323 0.448000 
0.605000  -1.500000  324 0.448000 
0.875000  -1.590000  325 0.448000 
0.790000  -1.520000  326 0.448000 
0.805000  -1.430000  327 0.448000 
0.785000  -1.440000  328 0.448000 
0.635000  -1.420000  329 0.448000 
0.775000  -1.510000  330 0.448000 
0.730000  -1.560000  331 0.448000 
0.780000  -1.530000  332 0.448000 
0.365000  -1.300000  333 0.448000 
0.765000  -1.620000  334 0.448000 
0.875000  -1.660000  335 0.448000 
0.885000  -1.660000  336 0.448000 
0.415000  -1.370000  337 0.448000 
0.325000  -1.280000  338 0.448000 
0.800000  -1.640000  339 0.448000 
0.655000  -1.380000  340 0.448000 
0.645000  -1.500000  341 0.448000 
0.780000  -1.380000  342 0.448000 
0.720000  -1.480000  343 0.448000 
0.620000  -1.190000  344 0.448000 
0.815000  -1.520000  345 0.448000 
0.750000  -1.400000  346 0.448000 
0.460000  -1.390000  347 0.448000 
0.110000  -1.380000  348 0.448000 
-0.820000  -1.600000  349 0.448000 
-0.875000  -1.610000  350 0.448000 
-0.650000  -1.440000  351 0.448000 
-0.840000  -1.570000  352 0.448000 
-0.930000  -1.750000  353 0.448000 
-0.495000  -1.240000  354 0.448000 
-0.390000  -1.350000  355 0.448000 
-0.815000  -1.510000  356 0.448000 
-0.875000  -1.670000  357 0.448000 
-0.500000  -1.340000  358 0.448000 
-0.705000  -1.500000  359 0.448000 
-0.690000  -1.370000  360 0.448000 
-0.625000  -1.300000  361 0.448000 
0.005000  -1.140000  362 0.448000 
-0.290000  -1.320000  363 0.448000 
-0.760000  -1.370000  364 0.448000 
-0.740000  -1.550000  365 0.448000 
-0.495000  -1.110000  366 0.448000 
-0.810000  -1.480000  367 0.448000 
-0.840000  -1.580000  368 0.448000 
-0.790000  -1.490000  369 0.448000 
-0.815000  -1.580000  370 0.448000 
-0.855000  -1.620000  371 0.448000 
-0.770000  -1.390000  372 0.448000 
-0.775000  -1.450000  373 0.448000 
-0.850000  -1.530000  374 0.448000 
-0.855000  -1.640000  375 0.448000 
-0.705000  -1.510000  376 0.448000 
-0.840000  -1.560000  377 0.448000 
-0.725000  -1.450000  378 0.448000 
-0.695000  -1.380000  379 0.448000 
-0.855000  -1.670000  380 0.448000 
-0.735000  -1.540000  381 0.448000 
-0.785000  -1.430000  382 0.448000 
-0.865000  -1.550000  383 0.448000 
-0.750000  -1.460000  384 0.448000 
-0.755000  -1.500000  385 0.448000 
-0.845000  -1.620000  386 0.448000 
-0.755000  -1.410000  387 0.448000 
-0.860000  -1.640000  388 0.448000 
-0.870000  -1.670000  389 0.448000 
-0.905000  -1.680000  390 0.448000 
-0.840000  -1.560000  391 0.448000 
-0.630000  -1.440000  392 0.448000 
-0.905000  -1.690000  393 0.448000 
-0.900000  -1.690000  394 0.448000 
-0.825000  -1.530000  395 0.448000 
-0.740000  -1.410000  396 0.448000 
-0.725000  -1.370000  397 0.448000 
-0.775000  -1.460000  398 0.448000 
-0.810000  -1.470000  399 0.448000 
-0.785000  -1.540000  400 0.448000 
-0.870000  -1.570000  401 0.448000 
-0.775000  -1.450000  402 0.448000 
-0.485000  -1.360000  403 0.448000 
-0.780000  -1.440000  404 0.448000 
-0.785000  -1.530000  405 0.448000 
-0.805000  -1.570000  406 0.448000 
-0.845000  -1.620000  407 0.448000 
-0.905000  -1.750000  408 0.448000 
-0.645000  -1.430000  409 0.448000 
-0.870000  -1.710000  410 0.448000 
-0.755000  -1.590000  411 0.448000 
-0.775000  -1.460000  412 0.448000 
-0.835000  -1.660000  413 0.448000 
-0.785000  -1.400000  414 0.448000 
-0.915000  -1.750000  415 0.448000 
-0.755000  -1.430000  416 0.448000 
-0.760000  -1.520000  417 0.448000 
-0.650000  -1.430000  418 0.448000 
-0.910000  -1.750000  419 0.448000 
-0.890000  -1.700000  420 0.448000 
-0.775000  -1.570000  421 0.448000 
-0.840000  -1.660000  422 0.448000 
-0.805000  -1.490000  423 0.448000 
-0.655000  -1.440000  424 0.448000 
-0.720000  -1.390000  425 0.448000 
-0.905000  -1.700000  426 0.448000 
-0.840000  -1.600000  427 0.448000 
-0.840000  -1.560000  428 0.448000 
-0.780000  -1.530000  429 0.448000 
-0.755000  -1.540000  430 0.448000 
-0.865000  -1.600000  431 0.448000 
-0.840000  -1.760000  432 0.448000 
-0.650000  -1.520000  433 0.448000 
-0.570000  -1.270000  434 0.448000 
-0.880000  -1.670000  435 0.448000 
-0.925000  -1.750000  436 0.448000 
-0.730000  -1.430000  437 0.448000 
-0.795000  -1.560000  438 0.448000 
-0.885000  -1.670000  439 0.448000 
-0.905000  -1.660000  440 0.448000 
-0.860000  -1.630000  441 0.448000 
-0.815000  -1.530000  442 0.448000 
-0.840000  -1.540000  443 0.448000 
-0.765000  -1.440000  444 0.448000 
-0.770000  -1.590000  445 0.448000 
-0.765000  -1.360000  446 0.448000 
-0.840000  -1.540000  447 0.448000 
-0.730000  -1.480000  448 0.448000 
-0.635000  -1.390000  449 0.448000 
0.350000  -1.180000  450 0.448000 
0.885000  -1.600000  451 0.448000 
0.730000  -1.410000  452 0.448000 
0.825000  -1.520000  453 0.448000 
0.670000  -1.390000  454 0.448000 
0.765000  -1.410000  455 0.448000 
0.790000  -1.480000  456 0.448000 
0.895000  -1.720000  457 0.448000 
0.865000  -1.700000  458 0.448000 
0.740000  -1.410000  459 0.448000 
0.725000  -1.470000  460 0.448000 
0.770000  -1.540000  461 0.448000 
0.725000  -1.450000  462 0.448000 
0.795000  -1.440000  463 0.448000 
0.830000  -1.580000  464 0.448000 
0.065000  -1.240000  465 0.448000 
-0.245000  -1.250000  466 0.448000 
-0.425000  -1.190000  467 0.448000 
-0.335000  -1.420000  468 0.448000 
-0.890000  -1.660000  469 0.448000 
-0.645000  -1.400000  470 0.448000 
-0.765000  -1.550000  471 0.448000 
-0.435000  -1.260000  472 0.448000 
-0.645000  -1.350000  473 0.448000 
-0.810000  -1.580000  474 0.448000 
-0.850000  -1.510000  475 0.448000 
-0.815000  -1.550000  476 0.448000 
-0.835000  -1.560000  477 0.448000 
-0.800000  -1.530000  478 0.448000 
-0.800000  -1.460000  479 0.448000 
-0.605000  -1.350000  480 0.448000 
-0.335000  -1.340000  481 0.448000 
-0.670000  -1.370000  482 0.448000 
-0.725000  -1.450000  483 0.448000 
-0.945000  -1.800000  484 0.448000 
-0.820000  -1.540000  485 0.448000 
-0.825000  -1.570000  486 0.448000 
-0.885000  -1.620000  487 0.448000 
-0.810000  -1.440000  488 0.448000 
-0.770000  -1.570000  489 0.448000 
-0.840000  -1.610000  490 0.448000 
-0.770000  -1.620000  491 0.448000 
-0.895000  -1.650000  492 0.448000 
-0.780000  -1.490000  493 0.448000 
-0.715000  -1.420000  494 0.448000 
-0.585000  -1.390000  495 0.448000 
-0.595000  -1.370000  496 0.448000 
-0.850000  -1.570000  497 0.448000 
-0.785000  -1.460000  498 0.448000 
-0.750000  -1.360000  499 0.448000 
-0.635000  -1.340000  500 0.448000 
-0.865000  -1.600000  501 0.448000 
-0.795000  -1.460000  502 0.448000 
-0.700000  -1.480000  503 0.448000 
-0.805000  -1.530000  504 0.448000 
-0.550000  -1.370000  505 0.448000 
-0.740000  -1.520000  506 0.448000 
-0.700000  -1.470000  507 0.448000 
-0.855000  -1.610000  508 0.448000 
-0.745000  -1.410000  509 0.448000 
-0.835000  -1.610000  510 0.448000 
-0.925000  -1.730000  511 0.448000 
-0.750000  -1.490000  512 0.448000 
-0.710000  -1.530000  513 0.448000 
-0.830000  -1.590000  514 0.448000 
-0.760000  -1.380000  515 0.448000 
-0.830000  -1.610000  516 0.448000 
-0.560000  -1.220000  517 0.448000 
-0.865000  -1.690000  518 0.448000 
-0.770000  -1.380000  519 0.448000 
-0.805000  -1.510000  520 0.448000 
-0.870000  -1.680000  521 0.448000 
-0.800000  -1.490000  522 0.448000 
-0.760000  -1.450000  523 0.448000 
-0.915000  -1.690000  524 0.448000 
-0.925000  -1.730000  525 0.448000 
-0.545000  -1.270000  526 0.448000 
-0.880000  -1.650000  527 0.448000 
-0.850000  -1.650000  528 0.448000 
-0.350000  -1.050000  529 0.448000 
-0.860000  -1.580000  530 0.448000 
-0.705000  -1.340000  531 0.448000 
-0.450000  -1.180000  532 0.448000 
-0.895000  -1.700000  533 0.448000 
-0.535000  -1.320000  534 0.448000 
-0.910000  -1.690000  535 0.448000 
-0.790000  -1.420000  536 0.448000 
-0.715000  -1.420000  537 0.448000 
-0.795000  -1.520000  538 0.448000 
-0.725000  -1.430000  539 0.448000 
-0.840000  -1.590000  540 0.448000 
-0.805000  -1.480000  541 0.448000 
-0.850000  -1.620000  542 0.448000 
-0.840000  -1.540000  543 0.448000 
-0.690000  -1.440000  544 0.448000 
-0.835000  -1.600000  545 0.448000 
-0.860000  -1.610000  546 0.448000 
-0.790000  -1.520000  547 0.448000 
-0.875000  -1.620000  548 0.448000 
-0.795000  -1.570000  549 0.448000 
-0.830000  -1.520000  550 0.448000 
-0.755000  -1.460000  551 0.448000 
-0.780000  -1.480000  552 0.448000 
-0.660000  -1.270000  553 0.448000 
-0.745000  -1.480000  554 0.448000 
-0.780000  -1.570000  555 0.448000 
-0.665000  -1.420000  556 0.448000 
-0.855000  -1.590000  557 0.448000 
-0.745000  -1.450000  558 0.448000 
-0.800000  -1.490000  559 0.448000 
-0.895000  -1.670000  560 0.448000 
-0.710000  -1.310000  561 0.448000 
-0.880000  -1.650000  562 0.448000 
-0.910000  -1.730000  563 0.448000 
-0.840000  -1.510000  564 0.448000 
-0.825000  -1.490000  565 0.448000 
-0.835000  -1.480000  566 0.448000 
-0.630000  -1.420000  567 0.448000 
-0.855000  -1.610000  568 0.448000 
-0.880000  -1.590000  569 0.448000 
-0.845000  -1.560000  570 0.448000 
-0.750000  -1.550000  571 0.448000 
-0.820000  -1.480000  572 0.448000 
-0.590000  -1.320000  573 0.448000 
-0.680000  -1.450000  574 0.448000 
-0.815000  -1.490000  575 0.448000 
-0.180000  -1.010000  576 0.448000 
-0.350000  -1.350000  577 0.448000 
0.165000  -1.310000  578 0.448000 
-0.205000  -1.170000  579 0.448000 
-0.420000  -1.350000  580 0.448000 
-0.490000  -1.470000  581 0.448000 
-0.800000  -1.500000  582 0.448000 
-0.785000  -1.480000  583 0.448000 
-0.830000  -1.660000  584 0.448000 
-0.875000  -1.680000  585 0.448000 
-0.705000  -1.370000  586 0.448000 
-0.790000  -1.520000  587 0.448000 
-0.800000  -1.540000  588 0.448000 
-0.790000  -1.570000  589 0.448000 
-0.760000  -1.460000  590 0.448000 
-0.825000  -1.560000  591 0.448000 
-0.830000  -1.520000  592 0.448000 
-0.795000  -1.420000  593 0.448000 
-0.810000  -1.480000  594 0.448000 
-0.810000  -1.500000  595 0.448000 
-0.630000  -1.290000  596 0.448000 
-0.570000  -1.220000  597 0.448000 
-0.690000  -1.320000  598 0.448000 
-0.765000  -1.510000  599 0.448000 
-0.785000  -1.510000  600 0.448000 
-0.705000  -1.330000  601 0.448000 
-0.870000  -1.660000  602 0.448000 
-0.665000  -1.430000  603 0.448000 
-0.680000  -1.430000  604 0.448000 
-0.840000  -1.550000  605 0.448000 
-0.875000  -1.550000  606 0.448000 
-0.030000  -1.360000  607 0.448000 
-0.880000  -1.640000  608 0.448000 
-0.945000  -1.800000  609 0.448000 
-0.690000  -1.520000  610 0.448000 
-0.850000  -1.580000  611 0.448000 
-0.715000  -1.310000  612 0.448000 
-0.630000  -1.460000  613 0.448000 
-0.745000  -1.360000  614 0.448000 
-0.890000  -1.650000  615 0.448000 
-0.830000  -1.530000  616 0.448000 
-0.950000  -1.840000  617 0.448000 
-0.750000  -1.480000  618 0.448000 
-0.900000  -1.710000  619 0.448000 
-0.725000  -1.440000  620 0.448000 
-0.655000  -1.360000  621 0.448000 
-0.900000  -1.690000  622 0.448000 
-0.600000  -1.440000  623 0.448000 
-0.965000  -1.890000  624 0.448000 
-0.850000  -1.560000  625 0.448000 
-0.675000  -1.300000  626 0.448000 
-0.790000  -1.510000  627 0.448000 
-0.595000  -1.350000  628 0.448000 
-0.695000  -1.320000  629 0.448000 
-0.655000  -1.450000  630 0.448000 
-0.720000  -1.450000  631 0.448000 
-0.880000  -1.630000  632 0.448000 
-0.730000  -1.580000  633 0.448000 
-0.845000  -1.610000  634 0.448000 
-0.895000  -1.690000  635 0.448000 
-0.495000  -1.160000  636 0.448000 
-0.705000  -1.540000  637 0.448000 
-0.440000  -1.240000  638 0.448000 
-0.675000  -1.360000  639 0.448000 
-0.845000  -1.530000  640 0.448000 
-0.865000  -1.600000  641 0.448000 
-0.845000  -1.620000  642 0.448000 
-0.800000  -1.530000  643 0.448000 
-0.810000  -1.560000  644 0.448000 
-0.805000  -1.570000  645 0.448000 
-0.685000  -1.270000  646 0.448000 
-0.840000  -1.620000  647 0.448000 
-0.640000  -1.300000  648 0.448000 
-0.895000  -1.650000  649 0.448000 
-0.835000  -1.550000  650 0.448000 
-0.805000  -1.500000  651 0.448000 
-0.790000  -1.480000  652 0.448000 
-0.855000  -1.600000  653 0.448000 
-0.805000  -1.600000  654 0.448000 
-0.870000  -1.650000  655 0.448000 
-0.740000  -1.410000  656 0.448000 
-0.865000  -1.580000  657 0.448000 
-0.720000  -1.460000  658 0.448000 
-0.895000  -1.640000  659 0.448000 
-0.860000  -1.600000  660 0.448000 
-0.810000  -1.480000  661 0.448000 
-0.400000  -1.300000  662 0.448000 
-0.685000  -1.490000  663 0.448000 
-0.800000  -1.460000  664 0.448000 
-0.765000  -1.470000  665 0.448000 
-0.685000  -1.410000  666 0.448000 
-0.800000  -1.520000  667 0.448000 
-0.750000  -1.520000  668 0.448000 
-0.845000  -1.560000  669 0.448000 
-0.670000  -1.360000  670 0.448000 
-0.910000  -1.670000  671 0.448000 
-0.670000  -1.380000  672 0.448000 
-0.760000  -1.460000  673 0.448000 
-0.750000  -1.390000  674 0.448000 
-0.695000  -1.420000  675 0.448000 
-0.855000  -1.590000  676 0.448000 
-0.710000  -1.540000  677 0.448000 
-0.715000  -1.400000  678 0.448000 
-0.895000  -1.700000  679 0.448000 
-0.750000  -1.470000  680 0.448000 
-0.820000  -1.550000  681 0.448000 
-0.720000  -1.430000  682 0.448000 
-0.900000  -1.660000  683 0.448000 
-0.580000  -1.350000  684 0.448000 
-0.690000  -1.300000  685 0.448000 
-0.875000  -1.600000  686 0.448000 
-0.810000  -1.550000  687 0.448000 
-0.830000  -1.530000  688 0.448000 
-0.715000  -1.430000  689 0.448000 
-0.905000  -1.680000  690 0.448000 
-0.840000  -1.530000  691 0.448000 
-0.840000  -1.560000  692 0.448000 
-0.840000  -1.470000  693 0.448000 
-0.930000  -1.750000  694 0.448000 
-0.765000  -1.430000  695 0.448000 
-0.830000  -1.500000  696 0.448000 
0.095000  -1.360000  697 0.448000 
-0.880000  -1.620000  698 0.448000 
-0.735000  -1.540000  699 0.448000 
-0.230000  -1.240000  700 0.448000 
-0.840000  -1.590000  701 0.448000 
-0.790000  -1.470000  702 0.448000 
-0.710000  -1.530000  703 0.448000 
-0.685000  -1.540000  704 0.448000 
-0.690000  -1.410000  705 0.448000 
-0.885000  -1.630000  706 0.448000 
-0.760000  -1.550000  707 0.448000 
-0.830000  -1.550000  708 0.448000 
-0.780000  -1.590000  709 0.448000 
-0.835000  -1.570000  710 0.448000 
-0.805000  -1.500000  711 0.448000 
-0.305000  -1.230000  712 0.448000 
-0.830000  -1.630000  713 0.448000 
-0.615000  -1.400000  714 0.448000 
-0.865000  -1.600000  715 0.448000 
-0.915000  -1.770000  716 0.448000 
-0.930000  -1.780000  717 0.448000 
-0.875000  -1.680000  718 0.448000 
-0.820000  -1.520000  719 0.448000 
-0.490000  -1.430000  720 0.448000 
-0.645000  -1.490000  721 0.448000 
-0.850000  -1.600000  722 0.448000 
-0.050000  -1.110000  723 0.448000 
-0.845000  -1.530000  724 0.448000 
-0.850000  -1.610000  725 0.448000 
-0.925000  -1.770000  726 0.448000 
-0.825000  -1.540000  727 0.448000 
-0.765000  -1.450000  728 0.448000 
-0.780000  -1.470000  729 0.448000 
-0.935000  -1.760000  730 0.448000 
-0.895000  -1.670000  731 0.448000 
-0.895000  -1.650000  732 0.448000 
-0.890000  -1.640000  733 0.448000 
-0.730000  -1.490000  734 0.448000 
-0.780000  -1.470000  735 0.448000 
-0.825000  -1.600000  736 0.448000 
-0.795000  -1.460000  737 0.448000 
-0.900000  -1.670000  738 0.448000 
-0.820000  -1.580000  739 0.448000 
-0.795000  -1.550000  740 0.448000 
-0.520000  -1.380000  741 0.448000 
-0.840000  -1.660000  742 0.448000 
-0.880000  -1.670000  743 0.448000 
-0.875000  -1.580000  744 0.448000 
-0.840000  -1.620000  745 0.448000 
-0.880000  -1.630000  746 0.448000 
-0.875000  -1.660000  747 0.448000 
-0.615000  -1.510000  748 0.448000 
-0.850000  -1.530000  749 0.448000 
-0.725000  -1.400000  750 0.448000 
-0.865000  -1.630000  751 0.448000 
-0.880000  -1.680000  752 0.448000 
-0.635000  -1.390000  753 0.448000 
-0.845000  -1.660000  754 0.448000 
-0.725000  -1.550000  755 0.448000 
-0.915000  -1.710000  756 0.448000 
-0.870000  -1.580000  757 0.448000 
-0.840000  -1.610000  758 0.448000 
-0.690000  -1.390000  759 0.448000 
-0.780000  -1.490000  760 0.448000 
-0.670000  -1.340000  761 0.448000 
-0.795000  -1.450000  762 0.448000 
-0.840000  -1.570000  763 0.448000 
-0.900000  -1.660000  764 0.448000 
-0.750000  -1.390000  765 0.448000 
-0.855000  -1.560000  766 0.448000 
-0.770000  -1.560000  767 0.448000 
-0.740000  -1.480000  768 0.448000 
-0.630000  -1.500000  769 0.448000 
-0.670000  -1.370000  770 0.448000 
-0.465000  -1.220000  771 0.448000 
-0.600000  -1.370000  772 0.448000 
-0.490000  -1.200000  773 0.448000 
-0.905000  -1.690000  774 0.448000 
-0.865000  -1.610000  775 0.448000 
-0.865000  -1.650000  776 0.448000 
-0.855000  -1.570000  777 0.448000 
-0.630000  -1.440000  778 0.448000 
-0.815000  -1.540000  779 0.448000 
-0.600000  -1.530000  780 0.448000 
-0.845000  -1.640000  781 0.448000 
-0.910000  -1.740000  782 0.448000 
-0.835000  -1.480000  783 0.448000 
-0.860000  -1.750000  784 0.448000 
-0.755000  -1.480000  785 0.448000 
-0.815000  -1.700000  786 0.448000 
-0.910000  -1.700000  787 0.448000 
-0.835000  -1.620000  788 0.448000 
-0.775000  -1.450000  789 0.448000 
-0.845000  -1.560000  790 0.448000 
-0.815000  -1.510000  791 0.448000 
-0.520000  -1.330000  792 0.448000 
-0.390000  -1.090000  793 0.448000 
-0.315000  -1.390000  794 0.448000 
-0.840000  -1.640000  795 0.448000 
-0.690000  -1.470000  796 0.448000 
-0.930000  -1.790000  797 0.448000 
-0.815000  -1.500000  798 0.448000 
-0.820000  -1.570000  799 0.448000 
-0.770000  -1.510000  800 0.448000 
-0.755000  -1.390000  801 0.448000 
-0.745000  -1.450000  802 0.448000 
-0.870000  -1.560000  803 0.448000 
-0.770000  -1.400000  804 0.448000 
-0.700000  -1.590000  805 0.448000 
-0.745000  -1.390000  806 0.448000 
-0.875000  -1.590000  807 0.448000 
-0.880000  -1.610000  808 0.448000 
-0.745000  -1.410000  809 0.448000 
-0.870000  -1.560000  810 0.448000 
-0.745000  -1.480000  811 0.448000 
0.075000  -1.270000  812 0.448000 
0.835000  -1.630000  813 0.448000 
0.850000  -1.620000  814 0.448000 
0.915000  -1.700000  815 0.448000 
0.930000  -1.750000  816 0.448000 
0.865000  -1.630000  817 0.448000 
0.790000  -1.550000  818 0.448000 
0.885000  -1.680000  819 0.448000 
0.865000  -1.640000  820 0.448000 
0.925000  -1.790000  821 0.448000 
0.775000  -1.550000  822 0.448000 
0.790000  -1.490000  823 0.448000 
0.745000  -1.430000  824 0.448000 
0.755000  -1.470000  825 0.448000 
0.765000  -1.500000  826 0.448000 
0.770000  -1.470000  827 0.448000 
0.880000  -1.590000  828 0.448000 
0.715000  -1.380000  829 0.448000 
0.635000  -1.340000  830 0.448000 
0.855000  -1.630000  831 0.448000 
0.450000  -1.460000  832 0.448000 
0.765000  -1.480000  833 0.448000 
0.565000  -1.420000  834 0.448000 
0.835000  -1.640000  835 0.448000 
0.850000  -1.560000  836 0.448000 
0.910000  -1.680000  837 0.448000 
0.290000  -1.270000  838 0.448000 
0.325000  -1.120000  839 0.448000 
0.820000  -1.500000  840 0.448000 
0.765000  -1.370000  841 0.448000 
0.815000  -1.450000  842 0.448000 
0.765000  -1.500000  843 0.448000 
0.925000  -1.770000  844 0.448000 
0.795000  -1.540000  845 0.448000 
0.700000  -1.580000  846 0.448000 
0.610000  -1.340000  847 0.448000 
0.895000  -1.680000  848 0.448000 
0.865000  -1.590000  849 0.448000 
0.885000  -1.650000  850 0.448000 
0.815000  -1.510000  851 0.448000 
0.635000  -1.340000  852 0.448000 
0.895000  -1.710000  853 0.448000 
0.685000  -1.300000  854 0.448000 
0.485000  -1.370000  855 0.448000 
0.930000  -1.750000  856 0.448000 
0.680000  -1.320000  857 0.448000 
0.850000  -1.580000  858 0.448000 
0.780000  -1.480000  859 0.448000 
0.875000  -1.610000  860 0.448000 
0.545000  -1.310000  861 0.448000 
0.870000  -1.630000  862 0.448000 
0.655000  -1.400000  863 0.448000 
0.815000  -1.480000  864 0.448000 
0.890000  -1.740000  865 0.448000 
0.705000  -1.420000  866 0.448000 
0.780000  -1.500000  867 0.448000 
0.660000  -1.380000  868 0.448000 
0.845000  -1.650000  869 0.448000 
0.720000  -1.430000  870 0.448000 
0.725000  -1.280000  871 0.448000 
0.785000  -1.430000  872 0.448000 
0.740000  -1.500000  873 0.448000 
0.645000  -1.430000  874 0.448000 
0.580000  -1.350000  875 0.448000 
0.835000  -1.620000  876 0.448000 
0.765000  -1.550000  877 0.448000 
0.880000  -1.670000  878 0.448000 
0.790000  -1.430000  879 0.448000 
0.905000  -1.670000  880 0.448000 
0.865000  -1.670000  881 0.448000 
0.790000  -1.400000  882 0.448000 
0.765000  -1.500000  883 0.448000 
0.845000  -1.660000  884 0.448000 
0.895000  -1.680000  885 0.448000 
0.900000  -1.640000  886 0.448000 
0.895000  -1.690000  887 0.448000 
0.895000  -1.650000  888 0.448000 
0.875000  -1.620000  889 0.448000 
0.885000  -1.640000  890 0.448000 
0.825000  -1.550000  891 0.448000 
0.830000  -1.580000  892 0.448000 
0.480000  -1.190000  893 0.448000 
0.760000  -1.450000  894 0.448000 
0.740000  -1.450000  895 0.448000 
0.755000  -1.460000  896 0.448000 
0.905000  -1.730000  897 0.448000 
0.590000  -1.210000  898 0.448000 
0.330000  -1.000000  899 0.448000 
0.855000  -1.580000  900 0.448000 
0.855000  -1.570000  901 0.448000 
0.860000  -1.620000  902 0.448000 
0.855000  -1.610000  903 0.448000 
0.815000  -1.520000  904 0.448000 
0.915000  -1.730000  905 0.448000 
0.870000  -1.640000  906 0.448000 
0.895000  -1.700000  907 0.448000 
0.540000  -1.400000  908 0.448000 
0.885000  -1.630000  909 0.448000 
0.855000  -1.590000  910 0.448000 
0.865000  -1.600000  911 0.448000 
0.810000  -1.500000  912 0.448000 
0.860000  -1.580000  913 0.448000 
0.875000  -1.640000  914 0.448000 
0.620000  -1.340000  915 0.448000 
0.880000  -1.630000  916 0.448000 
0.925000  -1.760000  917 0.448000 
0.870000  -1.580000  918 0.448000 
0.745000  -1.420000  919 0.448000 
0.745000  -1.360000  920 0.448000 
0.445000  -1.260000  921 0.448000 
0.410000  -1.300000  922 0.448000 
0.820000  -1.500000  923 0.448000 
0.905000  -1.690000  924 0.448000 
0.830000  -1.590000  925 0.448000 
0.865000  -1.590000  926 0.448000 
0.795000  -1.440000  927 0.448000 
0.915000  -1.710000  928 0.448000 
0.715000  -1.520000  929 0.448000 
0.815000  -1.500000  930 0.448000 
0.760000  -1.420000  931 0.448000 
0.920000  -1.730000  932 0.448000 
0.815000  -1.520000  933 0.448000 
0.820000  -1.520000  934 0.448000 
0.890000  -1.690000  935 0.448000 
0.565000  -1.290000  936 0.448000 
0.705000  -1.580000  937 0.448000 
0.890000  -1.630000  938 0.448000 
0.905000  -1.690000  939 0.448000 
0.820000  -1.590000  940 0.448000 
0.875000  -1.610000  941 0.448000 
0.785000  -1.450000  942 0.448000 
0.905000  -1.670000  943 0.448000 
0.490000  -1.410000  944 0.448000 
0.825000  -1.500000  945 0.448000 
0.760000  -1.480000  946 0.448000 
0.605000  -1.410000  947 0.448000 
0.830000  -1.500000  948 0.448000 
0.890000  -1.710000  949 0.448000 
0.485000  -1.320000  950 0.448000 
0.830000  -1.580000  951 0.448000 
0.925000  -1.800000  952 0.448000 
0.845000  -1.550000  953 0.448000 
0.780000  -1.420000  954 0.448000 
0.695000  -1.530000  955 0.448000 
0.840000  -1.620000  956 0.448000 
0.760000  -1.480000  957 0.448000 
0.820000  -1.580000  958 0.448000 
0.485000  -1.280000  959 0.448000 
0.365000  -1.170000  960 0.448000 
0.775000  -1.400000  961 0.448000 
0.765000  -1.500000  962 0.448000 
0.695000  -1.460000  963 0.448000 
0.645000  -1.340000  964 0.448000 
0.935000  -1.770000  965 0.448000 
0.910000  -1.730000  966 0.448000 
0.840000  -1.600000  967 0.448000 
0.600000  -1.370000  968 0.448000 
0.870000  -1.690000  969 0.448000 
0.805000  -1.530000  970 0.448000 
0.815000  -1.460000  971 0.448000 
0.825000  -1.500000  972 0.448000 
0.750000  -1.470000  973 0.448000 
0.875000  -1.600000  974 0.448000 
0.920000  -1.720000  975 0.448000 
0.940000  -1.790000  976 0.448000 
0.320000  -1.090000  977 0.448000 
0.720000  -1.370000  978 0.448000 
0.800000  -1.580000  979 0.448000 
0.860000  -1.560000  980 0.448000 
0.660000  -1.290000  981 0.448000 
0.735000  -1.410000  982 0.448000 
0.605000  -1.430000  983 0.448000 
0.720000  -1.360000  984 0.448000 
0.890000  -1.660000  985 0.448000 
0.905000  -1.720000  986 0.448000 
0.760000  -1.440000  987 0.448000 
0.700000  -1.430000  988 0.448000 
0.530000  -1.310000  989 0.448000 
0.880000  -1.640000  990 0.448000 
0.890000  -1.670000  991 0.448000 
0.060000  -1.260000  992 0.448000 
0.690000  -1.490000  993 0.448000 
-0.705000  -1.540000  994 0.448000 
-0.885000  -1.660000  995 0.448000 
-0.915000  -1.770000  996 0.448000 
-0.795000  -1.550000  997 0.448000 
-0.790000  -1.590000  998 0.448000 
-0.810000  -1.540000  999 0.448000 
