-0.170000  -0.970000  0 0.380000 
0.095000  -0.990000  1 0.380000 
0.185000  -1.010000  2 0.380000 
0.280000  -1.040000  3 0.380000 
-0.165000  -0.850000  4 0.380000 
0.245000  -0.920000  5 0.380000 
-0.320000  -1.120000  6 0.380000 
-0.060000  -0.940000  7 0.380000 
0.160000  -1.100000  8 0.380000 
-0.245000  -1.090000  9 0.380000 
-0.105000  -1.020000  10 0.380000 
-0.355000  -0.960000  11 0.380000 
0.090000  -0.970000  12 0.380000 
-0.120000  -1.000000  13 0.380000 
-0.170000  -0.980000  14 0.380000 
-0.025000  -0.860000  15 0.380000 
0.040000  -0.920000  16 0.380000 
0.500000  -1.330000  17 0.380000 
0.230000  -1.010000  18 0.380000 
0.290000  -1.070000  19 0.380000 
0.415000  -1.020000  20 0.380000 
0.250000  -1.060000  21 0.380000 
0.340000  -1.060000  22 0.380000 
0.435000  -1.080000  23 0.380000 
0.010000  -0.870000  24 0.380000 
0.105000  -1.240000  25 0.380000 
-0.485000  -1.040000  26 0.380000 
-0.350000  -0.930000  27 0.380000 
-0.115000  -0.830000  28 0.380000 
-0.240000  -0.970000  29 0.380000 
0.315000  -0.920000  30 0.380000 
0.125000  -1.170000  31 0.380000 
-0.100000  -1.100000  32 0.380000 
-0.420000  -0.970000  33 0.380000 
-0.260000  -1.090000  34 0.380000 
0.405000  -1.000000  35 0.380000 
0.565000  -1.130000  36 0.380000 
0.055000  -0.850000  37 0.380000 
0.395000  -1.080000  38 0.380000 
0.190000  -0.970000  39 0.380000 
0.290000  -0.940000  40 0.380000 
0.070000  -0.930000  41 0.380000 
-0.250000  -1.080000  42 0.380000 
-0.340000  -0.890000  43 0.380000 
0.160000  -1.050000  44 0.380000 
0.005000  -0.800000  45 0.380000 
0.145000  -0.920000  46 0.380000 
0.375000  -0.900000  47 0.380000 
0.015000  -1.040000  48 0.380000 
0.690000  -1.260000  49 0.380000 
-0.205000  -0.970000  50 0.380000 
-0.125000  -0.970000  51 0.380000 
0.010000  -0.970000  52 0.380000 
-0.335000  -1.130000  53 0.380000 
-0.580000  -1.240000  54 0.380000 
-0.085000  -1.060000  55 0.380000 
0.150000  -0.910000  56 0.380000 
-0.120000  -0.970000  57 0.380000 
-0.060000  -1.180000  58 0.380000 
0.245000  -1.000000  59 0.380000 
-0.365000  -1.060000  60 0.380000 
-0.220000  -1.100000  61 0.380000 
0.210000  -0.930000  62 0.380000 
-0.185000  -0.870000  63 0.380000 
-0.500000  -1.120000  64 0.380000 
-0.335000  -0.940000  65 0.380000 
-0.110000  -0.930000  66 0.380000 
0.175000  -1.180000  67 0.380000 
-0.480000  -1.120000  68 0.380000 
-0.245000  -0.900000  69 0.380000 
-0.195000  -1.040000  70 0.380000 
0.025000  -1.090000  71 0.380000 
-0.050000  -0.880000  72 0.380000 
0.160000  -1.060000  73 0.380000 
-0.045000  -0.720000  74 0.380000 
0.220000  -0.990000  75 0.380000 
0.055000  -0.980000  76 0.380000 
-0.065000  -0.950000  77 0.380000 
0.215000  -1.180000  78 0.380000 
0.040000  -1.150000  79 0.380000 
0.180000  -0.880000  80 0.380000 
-0.030000  -0.880000  81 0.380000 
0.510000  -1.000000  82 0.380000 
-0.150000  -0.940000  83 0.380000 
0.280000  -0.900000  84 0.380000 
-0.200000  -0.900000  85 0.380000 
-0.475000  -1.150000  86 0.380000 
-0.200000  -1.160000  87 0.380000 
-0.465000  -1.180000  88 0.380000 
0.155000  -0.960000  89 0.380000 
-0.040000  -0.890000  90 0.380000 
0.135000  -0.920000  91 0.380000 
-0.055000  -0.820000  92 0.380000 
0.290000  -1.050000  93 0.380000 
-0.070000  -0.890000  94 0.380000 
0.130000  -0.800000  95 0.380000 
0.275000  -0.980000  96 0.380000 
-0.360000  -1.020000  97 0.380000 
0.015000  -0.930000  98 0.380000 
0.520000  -1.020000  99 0.380000 
0.290000  -1.120000  100 0.380000 
-0.140000  -0.980000  101 0.380000 
-0.090000  -0.830000  102 0.380000 
0.120000  -0.980000  103 0.380000 
0.085000  -0.690000  104 0.380000 
0.065000  -0.950000  105 0.380000 
0.045000  -0.920000  106 0.380000 
0.185000  -1.030000  107 0.380000 
0.195000  -1.110000  108 0.380000 
0.025000  -0.810000  109 0.380000 
0.035000  -0.850000  110 0.380000 
0.255000  -0.990000  111 0.380000 
0.485000  -1.110000  112 0.380000 
0.285000  -0.890000  113 0.380000 
0.030000  -0.890000  114 0.380000 
0.560000  -1.160000  115 0.380000 
-0.040000  -1.110000  116 0.380000 
0.290000  -0.910000  117 0.380000 
-0.430000  -1.060000  118 0.380000 
-0.150000  -0.930000  119 0.380000 
-0.130000  -0.900000  120 0.380000 
0.155000  -0.880000  121 0.380000 
0.065000  -1.030000  122 0.380000 
-0.300000  -1.070000  123 0.380000 
-0.310000  -0.910000  124 0.380000 
-0.255000  -1.030000  125 0.380000 
0.200000  -1.100000  126 0.380000 
-0.090000  -1.070000  127 0.380000 
0.285000  -0.980000  128 0.380000 
0.015000  -0.880000  129 0.380000 
-0.155000  -0.870000  130 0.380000 
0.450000  -1.040000  131 0.380000 
0.185000  -0.880000  132 0.380000 
-0.295000  -1.000000  133 0.380000 
-0.380000  -0.980000  134 0.380000 
-0.205000  -1.070000  135 0.380000 
0.010000  -0.760000  136 0.380000 
0.585000  -1.320000  137 0.380000 
-0.255000  -0.980000  138 0.380000 
-0.055000  -0.980000  139 0.380000 
0.120000  -1.250000  140 0.380000 
-0.305000  -1.080000  141 0.380000 
0.195000  -0.970000  142 0.380000 
0.065000  -0.970000  143 0.380000 
0.145000  -1.070000  144 0.380000 
0.035000  -0.930000  145 0.380000 
-0.420000  -1.280000  146 0.380000 
0.065000  -0.910000  147 0.380000 
0.285000  -0.920000  148 0.380000 
0.255000  -0.960000  149 0.380000 
0.350000  -1.190000  150 0.380000 
-0.365000  -1.100000  151 0.380000 
-0.265000  -1.010000  152 0.380000 
-0.040000  -1.040000  153 0.380000 
0.220000  -0.980000  154 0.380000 
0.145000  -0.870000  155 0.380000 
-0.220000  -1.150000  156 0.380000 
0.140000  -1.070000  157 0.380000 
-0.130000  -1.110000  158 0.380000 
-0.225000  -1.100000  159 0.380000 
-0.205000  -0.840000  160 0.380000 
0.275000  -0.920000  161 0.380000 
0.190000  -0.900000  162 0.380000 
0.245000  -1.080000  163 0.380000 
-0.140000  -1.120000  164 0.380000 
-0.175000  -1.020000  165 0.380000 
0.370000  -1.140000  166 0.380000 
0.425000  -0.980000  167 0.380000 
-0.275000  -0.900000  168 0.380000 
-0.080000  -0.990000  169 0.380000 
-0.110000  -0.990000  170 0.380000 
-0.075000  -0.930000  171 0.380000 
-0.085000  -0.990000  172 0.380000 
0.090000  -0.840000  173 0.380000 
0.180000  -0.970000  174 0.380000 
-0.125000  -1.020000  175 0.380000 
-0.400000  -0.970000  176 0.380000 
-0.005000  -1.020000  177 0.380000 
-0.140000  -1.020000  178 0.380000 
-0.085000  -1.060000  179 0.380000 
-0.140000  -0.810000  180 0.380000 
0.150000  -1.100000  181 0.380000 
0.115000  -1.000000  182 0.380000 
-0.005000  -0.810000  183 0.380000 
-0.050000  -1.210000  184 0.380000 
0.290000  -0.990000  185 0.380000 
0.330000  -1.050000  186 0.380000 
0.055000  -1.000000  187 0.380000 
0.040000  -1.020000  188 0.380000 
0.045000  -0.910000  189 0.380000 
-0.185000  -0.930000  190 0.380000 
0.115000  -0.960000  191 0.380000 
0.285000  -1.140000  192 0.380000 
-0.270000  -1.050000  193 0.380000 
-0.435000  -0.960000  194 0.380000 
0.300000  -1.040000  195 0.380000 
-0.035000  -0.960000  196 0.380000 
0.015000  -1.040000  197 0.380000 
-0.170000  -1.080000  198 0.380000 
-0.245000  -0.980000  199 0.380000 
0.125000  -0.810000  200 0.380000 
0.350000  -1.030000  201 0.380000 
0.090000  -1.040000  202 0.380000 
0.310000  -0.980000  203 0.380000 
-0.220000  -1.050000  204 0.380000 
-0.160000  -0.930000  205 0.380000 
-0.270000  -1.020000  206 0.380000 
-0.055000  -0.840000  207 0.380000 
-0.530000  -1.110000  208 0.380000 
-0.025000  -1.110000  209 0.380000 
-0.185000  -1.040000  210 0.380000 
0.405000  -0.930000  211 0.380000 
0.035000  -0.840000  212 0.380000 
0.350000  -1.160000  213 0.380000 
0.165000  -0.930000  214 0.380000 
0.385000  -0.960000  215 0.380000 
-0.180000  -1.040000  216 0.380000 
0.320000  -1.080000  217 0.380000 
0.315000  -1.110000  218 0.380000 
0.090000  -0.910000  219 0.380000 
-0.460000  -1.040000  220 0.380000 
0.125000  -1.070000  221 0.380000 
-0.470000  -0.950000  222 0.380000 
0.170000  -1.100000  223 0.380000 
0.415000  -0.950000  224 0.380000 
0.580000  -1.180000  225 0.380000 
-0.080000  -1.010000  226 0.380000 
0.310000  -0.870000  227 0.380000 
-0.405000  -1.140000  228 0.380000 
0.290000  -1.030000  229 0.380000 
0.250000  -1.080000  230 0.380000 
-0.070000  -1.170000  231 0.380000 
-0.195000  -1.050000  232 0.380000 
0.570000  -1.230000  233 0.380000 
0.040000  -0.850000  234 0.380000 
-0.170000  -0.910000  235 0.380000 
0.320000  -1.200000  236 0.380000 
0.730000  -1.380000  237 0.380000 
0.505000  -1.070000  238 0.380000 
0.215000  -1.060000  239 0.380000 
0.360000  -0.980000  240 0.380000 
0.090000  -1.170000  241 0.380000 
-0.380000  -1.170000  242 0.380000 
-0.530000  -1.140000  243 0.380000 
0.200000  -0.940000  244 0.380000 
-0.030000  -0.870000  245 0.380000 
-0.055000  -0.940000  246 0.380000 
0.095000  -1.010000  247 0.380000 
0.010000  -0.980000  248 0.380000 
0.375000  -1.080000  249 0.380000 
-0.090000  -0.960000  250 0.380000 
0.000000  -1.000000  251 0.380000 
-0.060000  -1.100000  252 0.380000 
0.310000  -1.050000  253 0.380000 
0.050000  -1.090000  254 0.380000 
-0.350000  -0.950000  255 0.380000 
0.175000  -0.980000  256 0.380000 
0.115000  -1.130000  257 0.380000 
0.530000  -1.120000  258 0.380000 
0.575000  -1.090000  259 0.380000 
-0.010000  -0.800000  260 0.380000 
0.460000  -1.060000  261 0.380000 
-0.095000  -0.920000  262 0.380000 
-0.300000  -1.130000  263 0.380000 
-0.320000  -0.830000  264 0.380000 
0.250000  -1.090000  265 0.380000 
0.145000  -0.910000  266 0.380000 
-0.200000  -1.080000  267 0.380000 
-0.135000  -0.990000  268 0.380000 
0.210000  -1.020000  269 0.380000 
0.050000  -0.930000  270 0.380000 
0.400000  -1.040000  271 0.380000 
-0.290000  -1.220000  272 0.380000 
-0.365000  -1.100000  273 0.380000 
-0.315000  -1.060000  274 0.380000 
0.320000  -1.130000  275 0.380000 
0.265000  -1.020000  276 0.380000 
-0.215000  -0.820000  277 0.380000 
0.085000  -0.920000  278 0.380000 
0.000000  -0.880000  279 0.380000 
-0.020000  -1.160000  280 0.380000 
0.140000  -0.960000  281 0.380000 
-0.100000  -1.120000  282 0.380000 
-0.140000  -0.980000  283 0.380000 
-0.120000  -0.900000  284 0.380000 
0.260000  -0.930000  285 0.380000 
0.270000  -1.090000  286 0.380000 
0.295000  -1.090000  287 0.380000 
0.050000  -1.010000  288 0.380000 
-0.175000  -1.040000  289 0.380000 
-0.225000  -1.170000  290 0.380000 
0.035000  -0.960000  291 0.380000 
0.110000  -0.960000  292 0.380000 
0.305000  -0.940000  293 0.380000 
-0.285000  -1.010000  294 0.380000 
-0.470000  -1.050000  295 0.380000 
-0.420000  -1.050000  296 0.380000 
0.300000  -1.070000  297 0.380000 
0.055000  -0.950000  298 0.380000 
-0.030000  -0.960000  299 0.380000 
0.040000  -0.920000  300 0.380000 
-0.220000  -1.050000  301 0.380000 
-0.445000  -0.940000  302 0.380000 
-0.335000  -1.030000  303 0.380000 
-0.165000  -0.940000  304 0.380000 
-0.185000  -1.100000  305 0.380000 
0.280000  -0.960000  306 0.380000 
-0.525000  -1.200000  307 0.380000 
0.390000  -1.210000  308 0.380000 
-0.190000  -0.770000  309 0.380000 
0.265000  -0.940000  310 0.380000 
0.695000  -1.250000  311 0.380000 
-0.255000  -0.960000  312 0.380000 
0.205000  -0.990000  313 0.380000 
-0.070000  -1.140000  314 0.380000 
-0.145000  -0.970000  315 0.380000 
-0.110000  -1.040000  316 0.380000 
0.220000  -1.070000  317 0.380000 
0.030000  -1.180000  318 0.380000 
-0.055000  -1.030000  319 0.380000 
0.225000  -1.070000  320 0.380000 
-0.100000  -0.970000  321 0.380000 
0.225000  -1.020000  322 0.380000 
0.415000  -1.090000  323 0.380000 
-0.110000  -0.970000  324 0.380000 
-0.355000  -0.790000  325 0.380000 
0.250000  -0.770000  326 0.380000 
0.245000  -0.910000  327 0.380000 
-0.130000  -1.090000  328 0.380000 
0.060000  -0.990000  329 0.380000 
0.055000  -1.010000  330 0.380000 
0.055000  -0.840000  331 0.380000 
0.065000  -1.060000  332 0.380000 
-0.145000  -1.010000  333 0.380000 
-0.110000  -1.000000  334 0.380000 
0.220000  -0.920000  335 0.380000 
-0.415000  -1.070000  336 0.380000 
0.060000  -1.020000  337 0.380000 
-0.030000  -0.920000  338 0.380000 
-0.135000  -1.090000  339 0.380000 
0.045000  -1.170000  340 0.380000 
-0.005000  -0.940000  341 0.380000 
0.060000  -0.920000  342 0.380000 
0.065000  -1.090000  343 0.380000 
0.050000  -0.970000  344 0.380000 
-0.170000  -0.970000  345 0.380000 
0.195000  -0.900000  346 0.380000 
0.210000  -1.170000  347 0.380000 
-0.365000  -0.980000  348 0.380000 
-0.475000  -1.190000  349 0.380000 
-0.580000  -1.080000  350 0.380000 
-0.190000  -1.000000  351 0.380000 
0.235000  -0.890000  352 0.380000 
0.190000  -0.790000  353 0.380000 
-0.290000  -1.000000  354 0.380000 
0.115000  -1.130000  355 0.380000 
-0.025000  -0.870000  356 0.380000 
0.190000  -1.010000  357 0.380000 
0.145000  -0.890000  358 0.380000 
-0.010000  -1.080000  359 0.380000 
0.095000  -0.990000  360 0.380000 
0.055000  -0.800000  361 0.380000 
0.005000  -0.840000  362 0.380000 
-0.545000  -1.200000  363 0.380000 
0.020000  -0.950000  364 0.380000 
-0.400000  -1.050000  365 0.380000 
0.135000  -0.810000  366 0.380000 
-0.180000  -0.950000  367 0.380000 
-0.365000  -1.020000  368 0.380000 
0.125000  -1.110000  369 0.380000 
-0.035000  -1.030000  370 0.380000 
-0.630000  -1.200000  371 0.380000 
-0.120000  -1.270000  372 0.380000 
-0.020000  -0.910000  373 0.380000 
0.560000  -1.260000  374 0.380000 
0.635000  -1.190000  375 0.380000 
-0.120000  -0.940000  376 0.380000 
0.235000  -0.800000  377 0.380000 
-0.005000  -1.090000  378 0.380000 
0.475000  -1.040000  379 0.380000 
0.115000  -1.020000  380 0.380000 
-0.180000  -0.880000  381 0.380000 
0.250000  -0.980000  382 0.380000 
0.240000  -0.780000  383 0.380000 
0.350000  -1.160000  384 0.380000 
-0.075000  -1.000000  385 0.380000 
-0.335000  -1.050000  386 0.380000 
0.590000  -1.120000  387 0.380000 
0.195000  -1.080000  388 0.380000 
-0.085000  -0.960000  389 0.380000 
-0.440000  -0.990000  390 0.380000 
0.165000  -0.940000  391 0.380000 
0.050000  -1.140000  392 0.380000 
-0.285000  -1.150000  393 0.380000 
0.335000  -0.960000  394 0.380000 
0.040000  -0.720000  395 0.380000 
-0.505000  -1.110000  396 0.380000 
-0.360000  -0.930000  397 0.380000 
-0.245000  -0.930000  398 0.380000 
-0.100000  -0.840000  399 0.380000 
0.130000  -0.790000  400 0.380000 
-0.360000  -1.010000  401 0.380000 
0.170000  -0.880000  402 0.380000 
0.080000  -1.180000  403 0.380000 
-0.140000  -0.890000  404 0.380000 
-0.080000  -0.760000  405 0.380000 
0.230000  -0.900000  406 0.380000 
-0.145000  -1.040000  407 0.380000 
0.025000  -0.910000  408 0.380000 
-0.250000  -1.120000  409 0.380000 
-0.380000  -1.020000  410 0.380000 
0.445000  -1.030000  411 0.380000 
0.335000  -0.970000  412 0.380000 
0.285000  -0.880000  413 0.380000 
0.220000  -1.020000  414 0.380000 
-0.140000  -1.060000  415 0.380000 
-0.515000  -1.290000  416 0.380000 
0.515000  -1.130000  417 0.380000 
0.185000  -0.980000  418 0.380000 
-0.155000  -0.910000  419 0.380000 
0.245000  -1.180000  420 0.380000 
0.010000  -0.930000  421 0.380000 
-0.105000  -1.230000  422 0.380000 
-0.465000  -1.140000  423 0.380000 
-0.140000  -1.160000  424 0.380000 
0.295000  -1.050000  425 0.380000 
-0.045000  -0.960000  426 0.380000 
-0.035000  -1.150000  427 0.380000 
-0.010000  -0.840000  428 0.380000 
0.010000  -1.090000  429 0.380000 
0.375000  -1.180000  430 0.380000 
0.400000  -0.940000  431 0.380000 
0.185000  -0.920000  432 0.380000 
-0.200000  -0.970000  433 0.380000 
0.370000  -0.990000  434 0.380000 
0.180000  -0.920000  435 0.380000 
-0.105000  -1.000000  436 0.380000 
-0.145000  -0.880000  437 0.380000 
0.415000  -1.110000  438 0.380000 
-0.040000  -0.790000  439 0.380000 
-0.325000  -1.070000  440 0.380000 
-0.245000  -1.060000  441 0.380000 
0.105000  -0.870000  442 0.380000 
-0.175000  -1.100000  443 0.380000 
-0.450000  -1.070000  444 0.380000 
0.315000  -1.180000  445 0.380000 
0.345000  -1.000000  446 0.380000 
-0.035000  -1.240000  447 0.380000 
-0.200000  -0.990000  448 0.380000 
-0.295000  -1.120000  449 0.380000 
-0.130000  -1.000000  450 0.380000 
-0.450000  -1.040000  451 0.380000 
0.230000  -1.020000  452 0.380000 
-0.215000  -0.820000  453 0.380000 
-0.365000  -0.980000  454 0.380000 
0.395000  -1.160000  455 0.380000 
0.000000  -1.070000  456 0.380000 
-0.420000  -0.960000  457 0.380000 
-0.640000  -1.160000  458 0.380000 
-0.085000  -1.010000  459 0.380000 
-0.025000  -0.990000  460 0.380000 
-0.615000  -1.200000  461 0.380000 
-0.105000  -0.930000  462 0.380000 
0.105000  -0.860000  463 0.380000 
-0.005000  -0.840000  464 0.380000 
0.475000  -0.980000  465 0.380000 
0.140000  -0.990000  466 0.380000 
-0.540000  -1.070000  467 0.380000 
-0.125000  -1.070000  468 0.380000 
-0.045000  -0.900000  469 0.380000 
0.145000  -0.840000  470 0.380000 
0.050000  -0.900000  471 0.380000 
0.100000  -1.010000  472 0.380000 
0.195000  -1.200000  473 0.380000 
-0.445000  -1.170000  474 0.380000 
0.315000  -0.930000  475 0.380000 
0.265000  -1.190000  476 0.380000 
-0.565000  -1.140000  477 0.380000 
0.050000  -0.920000  478 0.380000 
0.005000  -1.120000  479 0.380000 
-0.110000  -0.930000  480 0.380000 
-0.060000  -0.850000  481 0.380000 
0.295000  -0.980000  482 0.380000 
-0.160000  -0.940000  483 0.380000 
-0.080000  -1.020000  484 0.380000 
0.335000  -1.080000  485 0.380000 
-0.010000  -0.880000  486 0.380000 
0.175000  -0.930000  487 0.380000 
0.090000  -1.130000  488 0.380000 
-0.695000  -1.230000  489 0.380000 
0.140000  -1.070000  490 0.380000 
0.200000  -0.970000  491 0.380000 
-0.015000  -1.070000  492 0.380000 
-0.440000  -1.160000  493 0.380000 
0.085000  -0.880000  494 0.380000 
0.060000  -0.850000  495 0.380000 
-0.485000  -1.060000  496 0.380000 
-0.610000  -1.250000  497 0.380000 
0.320000  -0.810000  498 0.380000 
-0.335000  -1.230000  499 0.380000 
-0.180000  -0.820000  500 0.380000 
0.135000  -0.980000  501 0.380000 
-0.035000  -1.020000  502 0.380000 
-0.220000  -0.930000  503 0.380000 
-0.265000  -0.920000  504 0.380000 
0.010000  -0.940000  505 0.380000 
0.340000  -1.090000  506 0.380000 
0.170000  -1.070000  507 0.380000 
0.140000  -0.910000  508 0.380000 
-0.545000  -1.140000  509 0.380000 
0.245000  -1.180000  510 0.380000 
0.000000  -0.970000  511 0.380000 
0.065000  -0.780000  512 0.380000 
-0.405000  -0.960000  513 0.380000 
-0.200000  -0.990000  514 0.380000 
-0.265000  -0.950000  515 0.380000 
-0.470000  -1.240000  516 0.380000 
0.260000  -0.950000  517 0.380000 
0.010000  -0.820000  518 0.380000 
-0.265000  -1.050000  519 0.380000 
-0.280000  -1.080000  520 0.380000 
0.200000  -1.020000  521 0.380000 
0.210000  -0.930000  522 0.380000 
0.040000  -0.800000  523 0.380000 
-0.005000  -1.030000  524 0.380000 
-0.295000  -1.140000  525 0.380000 
-0.180000  -0.870000  526 0.380000 
-0.460000  -1.060000  527 0.380000 
-0.250000  -1.050000  528 0.380000 
0.225000  -1.190000  529 0.380000 
-0.160000  -0.970000  530 0.380000 
0.290000  -1.150000  531 0.380000 
0.195000  -1.060000  532 0.380000 
-0.450000  -1.000000  533 0.380000 
-0.270000  -0.820000  534 0.380000 
0.020000  -0.990000  535 0.380000 
-0.190000  -0.920000  536 0.380000 
0.435000  -1.030000  537 0.380000 
0.310000  -1.050000  538 0.380000 
0.280000  -1.050000  539 0.380000 
-0.415000  -1.030000  540 0.380000 
-0.040000  -1.260000  541 0.380000 
-0.380000  -0.930000  542 0.380000 
0.175000  -0.920000  543 0.380000 
0.005000  -1.170000  544 0.380000 
-0.530000  -1.100000  545 0.380000 
-0.155000  -0.970000  546 0.380000 
-0.115000  -0.940000  547 0.380000 
-0.510000  -1.180000  548 0.380000 
-0.125000  -1.050000  549 0.380000 
0.135000  -0.990000  550 0.380000 
-0.065000  -0.820000  551 0.380000 
0.270000  -1.060000  552 0.380000 
-0.190000  -0.850000  553 0.380000 
-0.030000  -0.970000  554 0.380000 
-0.335000  -0.840000  555 0.380000 
0.225000  -1.070000  556 0.380000 
0.290000  -1.130000  557 0.380000 
-0.105000  -0.840000  558 0.380000 
0.140000  -0.990000  559 0.380000 
-0.365000  -1.040000  560 0.380000 
-0.045000  -1.120000  561 0.380000 
-0.120000  -0.860000  562 0.380000 
0.000000  -1.060000  563 0.380000 
-0.410000  -0.990000  564 0.380000 
0.160000  -0.910000  565 0.380000 
0.120000  -1.080000  566 0.380000 
0.075000  -0.760000  567 0.380000 
-0.085000  -1.080000  568 0.380000 
-0.320000  -1.080000  569 0.380000 
0.380000  -1.170000  570 0.380000 
0.235000  -1.080000  571 0.380000 
0.360000  -1.010000  572 0.380000 
0.310000  -1.060000  573 0.380000 
-0.465000  -1.170000  574 0.380000 
-0.275000  -1.200000  575 0.380000 
0.315000  -0.840000  576 0.380000 
0.525000  -1.150000  577 0.380000 
0.250000  -0.940000  578 0.380000 
-0.045000  -1.020000  579 0.380000 
-0.220000  -1.060000  580 0.380000 
-0.045000  -0.810000  581 0.380000 
0.460000  -1.120000  582 0.380000 
-0.090000  -0.870000  583 0.380000 
-0.655000  -1.220000  584 0.380000 
-0.480000  -1.080000  585 0.380000 
0.035000  -0.920000  586 0.380000 
-0.085000  -0.960000  587 0.380000 
-0.325000  -0.970000  588 0.380000 
-0.200000  -0.970000  589 0.380000 
-0.260000  -1.000000  590 0.380000 
0.145000  -0.820000  591 0.380000 
0.190000  -1.050000  592 0.380000 
-0.435000  -1.120000  593 0.380000 
0.135000  -0.950000  594 0.380000 
0.415000  -1.030000  595 0.380000 
0.010000  -0.970000  596 0.380000 
-0.210000  -1.100000  597 0.380000 
0.500000  -1.180000  598 0.380000 
0.480000  -1.200000  599 0.380000 
0.310000  -1.240000  600 0.380000 
-0.340000  -1.060000  601 0.380000 
-0.175000  -0.970000  602 0.380000 
-0.250000  -0.920000  603 0.380000 
-0.100000  -0.920000  604 0.380000 
-0.075000  -1.030000  605 0.380000 
0.430000  -1.030000  606 0.380000 
0.450000  -1.060000  607 0.380000 
-0.260000  -0.900000  608 0.380000 
0.580000  -1.180000  609 0.380000 
0.130000  -0.810000  610 0.380000 
0.250000  -1.020000  611 0.380000 
-0.045000  -0.790000  612 0.380000 
0.185000  -0.990000  613 0.380000 
-0.035000  -0.900000  614 0.380000 
0.230000  -1.100000  615 0.380000 
0.060000  -1.000000  616 0.380000 
0.015000  -1.050000  617 0.380000 
-0.140000  -1.080000  618 0.380000 
-0.115000  -1.100000  619 0.380000 
-0.165000  -0.940000  620 0.380000 
0.060000  -1.060000  621 0.380000 
-0.385000  -0.900000  622 0.380000 
0.080000  -0.830000  623 0.380000 
-0.375000  -0.960000  624 0.380000 
-0.575000  -1.010000  625 0.380000 
0.235000  -0.930000  626 0.380000 
0.385000  -1.160000  627 0.380000 
0.110000  -1.140000  628 0.380000 
-0.075000  -0.900000  629 0.380000 
-0.280000  -1.060000  630 0.380000 
0.005000  -0.920000  631 0.380000 
-0.580000  -1.290000  632 0.380000 
-0.095000  -0.890000  633 0.380000 
-0.165000  -1.170000  634 0.380000 
-0.420000  -0.930000  635 0.380000 
0.485000  -1.210000  636 0.380000 
0.245000  -0.910000  637 0.380000 
0.600000  -1.330000  638 0.380000 
-0.285000  -0.790000  639 0.380000 
-0.015000  -1.060000  640 0.380000 
0.015000  -1.190000  641 0.380000 
0.155000  -1.070000  642 0.380000 
-0.155000  -1.030000  643 0.380000 
0.050000  -1.130000  644 0.380000 
-0.245000  -1.030000  645 0.380000 
-0.265000  -0.910000  646 0.380000 
-0.370000  -0.980000  647 0.380000 
-0.520000  -1.140000  648 0.380000 
-0.035000  -0.860000  649 0.380000 
0.455000  -1.070000  650 0.380000 
0.050000  -1.060000  651 0.380000 
-0.125000  -1.160000  652 0.380000 
-0.185000  -1.080000  653 0.380000 
0.060000  -0.910000  654 0.380000 
-0.250000  -1.120000  655 0.380000 
0.285000  -1.020000  656 0.380000 
0.020000  -0.930000  657 0.380000 
-0.295000  -1.060000  658 0.380000 
0.170000  -0.980000  659 0.380000 
-0.370000  -1.050000  660 0.380000 
-0.020000  -0.780000  661 0.380000 
0.310000  -1.170000  662 0.380000 
0.000000  -0.970000  663 0.380000 
0.470000  -1.040000  664 0.380000 
-0.090000  -1.050000  665 0.380000 
-0.050000  -0.910000  666 0.380000 
-0.100000  -1.010000  667 0.380000 
-0.290000  -0.980000  668 0.380000 
0.040000  -0.940000  669 0.380000 
0.400000  -0.810000  670 0.380000 
-0.085000  -0.900000  671 0.380000 
0.125000  -0.940000  672 0.380000 
0.175000  -0.810000  673 0.380000 
0.080000  -0.830000  674 0.380000 
0.305000  -1.110000  675 0.380000 
0.085000  -0.960000  676 0.380000 
0.345000  -0.990000  677 0.380000 
-0.070000  -0.990000  678 0.380000 
0.045000  -0.990000  679 0.380000 
-0.020000  -0.910000  680 0.380000 
0.140000  -0.910000  681 0.380000 
0.025000  -0.960000  682 0.380000 
-0.455000  -1.170000  683 0.380000 
0.480000  -1.090000  684 0.380000 
-0.125000  -0.860000  685 0.380000 
-0.280000  -1.080000  686 0.380000 
-0.655000  -1.330000  687 0.380000 
-0.330000  -0.840000  688 0.380000 
-0.475000  -1.060000  689 0.380000 
0.270000  -0.960000  690 0.380000 
0.015000  -1.040000  691 0.380000 
-0.385000  -0.920000  692 0.380000 
-0.285000  -1.010000  693 0.380000 
-0.185000  -0.880000  694 0.380000 
-0.125000  -0.940000  695 0.380000 
0.010000  -0.990000  696 0.380000 
0.040000  -0.890000  697 0.380000 
0.100000  -0.870000  698 0.380000 
0.130000  -1.060000  699 0.380000 
0.195000  -0.900000  700 0.380000 
-0.040000  -0.920000  701 0.380000 
0.095000  -0.980000  702 0.380000 
0.175000  -1.070000  703 0.380000 
-0.210000  -0.920000  704 0.380000 
0.105000  -0.920000  705 0.380000 
-0.485000  -1.270000  706 0.380000 
-0.360000  -1.040000  707 0.380000 
-0.200000  -1.130000  708 0.380000 
-0.245000  -1.010000  709 0.380000 
-0.200000  -0.980000  710 0.380000 
0.570000  -1.180000  711 0.380000 
0.140000  -0.970000  712 0.380000 
-0.520000  -1.030000  713 0.380000 
-0.395000  -0.870000  714 0.380000 
-0.270000  -0.940000  715 0.380000 
-0.355000  -0.990000  716 0.380000 
-0.295000  -1.090000  717 0.380000 
-0.325000  -0.900000  718 0.380000 
0.085000  -1.070000  719 0.380000 
-0.195000  -0.960000  720 0.380000 
0.080000  -1.120000  721 0.380000 
-0.045000  -0.810000  722 0.380000 
0.435000  -1.160000  723 0.380000 
-0.015000  -0.900000  724 0.380000 
-0.175000  -1.050000  725 0.380000 
-0.150000  -0.910000  726 0.380000 
-0.235000  -0.960000  727 0.380000 
0.085000  -0.930000  728 0.380000 
-0.280000  -1.070000  729 0.380000 
0.335000  -1.020000  730 0.380000 
0.425000  -1.180000  731 0.380000 
0.640000  -1.260000  732 0.380000 
-0.055000  -0.880000  733 0.380000 
0.430000  -1.040000  734 0.380000 
0.195000  -1.070000  735 0.380000 
-0.070000  -1.100000  736 0.380000 
-0.460000  -1.110000  737 0.380000 
-0.550000  -1.080000  738 0.380000 
-0.595000  -1.160000  739 0.380000 
0.250000  -1.080000  740 0.380000 
-0.160000  -1.060000  741 0.380000 
-0.045000  -1.040000  742 0.380000 
0.095000  -0.900000  743 0.380000 
-0.165000  -0.970000  744 0.380000 
0.115000  -0.850000  745 0.380000 
-0.070000  -0.830000  746 0.380000 
-0.265000  -0.940000  747 0.380000 
-0.320000  -0.970000  748 0.380000 
-0.480000  -1.020000  749 0.380000 
-0.215000  -1.000000  750 0.380000 
-0.200000  -0.990000  751 0.380000 
0.070000  -0.830000  752 0.380000 
-0.390000  -1.060000  753 0.380000 
-0.095000  -1.080000  754 0.380000 
-0.060000  -1.040000  755 0.380000 
0.180000  -1.060000  756 0.380000 
-0.005000  -1.070000  757 0.380000 
-0.200000  -0.930000  758 0.380000 
0.190000  -0.930000  759 0.380000 
0.005000  -0.980000  760 0.380000 
-0.335000  -1.140000  761 0.380000 
0.235000  -1.170000  762 0.380000 
0.300000  -0.960000  763 0.380000 
-0.080000  -1.040000  764 0.380000 
-0.035000  -0.990000  765 0.380000 
-0.205000  -0.950000  766 0.380000 
-0.345000  -0.910000  767 0.380000 
0.015000  -0.940000  768 0.380000 
0.125000  -0.840000  769 0.380000 
-0.185000  -1.080000  770 0.380000 
0.245000  -1.020000  771 0.380000 
0.440000  -0.910000  772 0.380000 
0.050000  -0.750000  773 0.380000 
0.440000  -1.210000  774 0.380000 
-0.160000  -0.870000  775 0.380000 
0.150000  -1.010000  776 0.380000 
-0.115000  -0.900000  777 0.380000 
0.130000  -0.980000  778 0.380000 
-0.025000  -0.840000  779 0.380000 
-0.120000  -1.040000  780 0.380000 
-0.310000  -0.950000  781 0.380000 
-0.220000  -0.890000  782 0.380000 
0.065000  -0.880000  783 0.380000 
0.025000  -1.250000  784 0.380000 
-0.375000  -1.080000  785 0.380000 
-0.435000  -1.060000  786 0.380000 
-0.260000  -0.820000  787 0.380000 
0.120000  -0.980000  788 0.380000 
0.435000  -1.060000  789 0.380000 
0.420000  -1.100000  790 0.380000 
-0.195000  -1.060000  791 0.380000 
0.295000  -0.990000  792 0.380000 
-0.420000  -0.960000  793 0.380000 
0.160000  -0.970000  794 0.380000 
-0.140000  -0.960000  795 0.380000 
0.375000  -0.950000  796 0.380000 
-0.165000  -1.100000  797 0.380000 
-0.190000  -0.960000  798 0.380000 
-0.245000  -0.760000  799 0.380000 
0.035000  -0.930000  800 0.380000 
0.230000  -1.030000  801 0.380000 
0.340000  -1.010000  802 0.380000 
-0.100000  -0.910000  803 0.380000 
-0.375000  -1.220000  804 0.380000 
-0.360000  -0.970000  805 0.380000 
0.245000  -1.010000  806 0.380000 
0.155000  -1.080000  807 0.380000 
0.005000  -0.680000  808 0.380000 
-0.105000  -0.890000  809 0.380000 
-0.075000  -1.010000  810 0.380000 
-0.340000  -1.060000  811 0.380000 
-0.175000  -0.860000  812 0.380000 
0.140000  -1.130000  813 0.380000 
0.215000  -1.100000  814 0.380000 
0.355000  -1.000000  815 0.380000 
-0.405000  -1.040000  816 0.380000 
0.545000  -1.230000  817 0.380000 
0.155000  -0.950000  818 0.380000 
-0.045000  -1.030000  819 0.380000 
-0.615000  -1.330000  820 0.380000 
-0.215000  -1.020000  821 0.380000 
0.485000  -1.190000  822 0.380000 
-0.580000  -1.060000  823 0.380000 
-0.330000  -1.090000  824 0.380000 
-0.300000  -1.080000  825 0.380000 
-0.020000  -0.900000  826 0.380000 
0.170000  -0.970000  827 0.380000 
-0.040000  -1.000000  828 0.380000 
0.250000  -0.990000  829 0.380000 
0.255000  -1.000000  830 0.380000 
0.045000  -1.000000  831 0.380000 
0.505000  -1.070000  832 0.380000 
0.595000  -1.040000  833 0.380000 
0.195000  -1.020000  834 0.380000 
0.195000  -0.940000  835 0.380000 
0.425000  -1.090000  836 0.380000 
-0.005000  -0.830000  837 0.380000 
0.445000  -0.900000  838 0.380000 
-0.200000  -1.060000  839 0.380000 
0.135000  -1.090000  840 0.380000 
-0.555000  -1.080000  841 0.380000 
-0.190000  -0.820000  842 0.380000 
0.105000  -1.030000  843 0.380000 
-0.090000  -0.930000  844 0.380000 
0.280000  -0.940000  845 0.380000 
-0.345000  -0.950000  846 0.380000 
-0.270000  -0.930000  847 0.380000 
-0.215000  -0.950000  848 0.380000 
-0.100000  -0.970000  849 0.380000 
0.230000  -1.100000  850 0.380000 
-0.425000  -1.100000  851 0.380000 
0.320000  -1.140000  852 0.380000 
-0.410000  -0.970000  853 0.380000 
-0.080000  -0.950000  854 0.380000 
0.125000  -0.980000  855 0.380000 
0.200000  -0.880000  856 0.380000 
-0.110000  -0.950000  857 0.380000 
0.170000  -1.070000  858 0.380000 
0.250000  -0.990000  859 0.380000 
0.150000  -1.020000  860 0.380000 
0.045000  -0.890000  861 0.380000 
-0.230000  -0.980000  862 0.380000 
-0.005000  -0.860000  863 0.380000 
-0.365000  -0.940000  864 0.380000 
-0.075000  -0.790000  865 0.380000 
0.425000  -1.130000  866 0.380000 
-0.205000  -1.180000  867 0.380000 
-0.540000  -1.100000  868 0.380000 
0.225000  -0.890000  869 0.380000 
0.240000  -1.120000  870 0.380000 
0.195000  -1.150000  871 0.380000 
0.045000  -1.040000  872 0.380000 
0.250000  -1.080000  873 0.380000 
0.605000  -1.180000  874 0.380000 
0.330000  -1.120000  875 0.380000 
-0.005000  -0.980000  876 0.380000 
-0.125000  -1.020000  877 0.380000 
0.140000  -0.950000  878 0.380000 
0.115000  -1.080000  879 0.380000 
0.135000  -0.910000  880 0.380000 
-0.215000  -1.010000  881 0.380000 
-0.295000  -1.100000  882 0.380000 
0.020000  -1.090000  883 0.380000 
0.205000  -1.010000  884 0.380000 
0.070000  -0.920000  885 0.380000 
0.080000  -1.080000  886 0.380000 
0.280000  -1.000000  887 0.380000 
0.345000  -0.890000  888 0.380000 
-0.170000  -0.920000  889 0.380000 
-0.065000  -1.000000  890 0.380000 
-0.195000  -1.100000  891 0.380000 
-0.445000  -1.170000  892 0.380000 
-0.170000  -0.870000  893 0.380000 
-0.240000  -1.010000  894 0.380000 
-0.505000  -1.120000  895 0.380000 
0.215000  -0.940000  896 0.380000 
0.080000  -1.150000  897 0.380000 
-0.260000  -1.130000  898 0.380000 
0.065000  -0.960000  899 0.380000 
-0.060000  -1.030000  900 0.380000 
-0.690000  -1.360000  901 0.380000 
-0.025000  -0.890000  902 0.380000 
-0.315000  -0.960000  903 0.380000 
0.490000  -1.190000  904 0.380000 
0.285000  -1.220000  905 0.380000 
0.450000  -1.080000  906 0.380000 
0.120000  -1.070000  907 0.380000 
0.045000  -0.880000  908 0.380000 
-0.395000  -1.020000  909 0.380000 
-0.430000  -1.080000  910 0.380000 
-0.430000  -1.000000  911 0.380000 
-0.180000  -1.020000  912 0.380000 
-0.055000  -0.950000  913 0.380000 
-0.265000  -1.090000  914 0.380000 
-0.250000  -1.070000  915 0.380000 
0.535000  -1.140000  916 0.380000 
0.080000  -0.860000  917 0.380000 
0.140000  -1.030000  918 0.380000 
0.065000  -0.820000  919 0.380000 
0.130000  -0.960000  920 0.380000 
-0.080000  -0.900000  921 0.380000 
0.055000  -1.000000  922 0.380000 
-0.310000  -0.910000  923 0.380000 
-0.250000  -1.040000  924 0.380000 
-0.050000  -0.890000  925 0.380000 
-0.470000  -1.070000  926 0.380000 
0.485000  -1.000000  927 0.380000 
0.345000  -0.890000  928 0.380000 
-0.125000  -1.050000  929 0.380000 
0.195000  -0.880000  930 0.380000 
0.145000  -0.980000  931 0.380000 
0.040000  -0.960000  932 0.380000 
0.245000  -0.790000  933 0.380000 
0.185000  -0.840000  934 0.380000 
0.270000  -0.900000  935 0.380000 
0.230000  -0.810000  936 0.380000 
0.075000  -0.940000  937 0.380000 
-0.415000  -1.190000  938 0.380000 
-0.035000  -0.960000  939 0.380000 
-0.445000  -1.150000  940 0.380000 
-0.245000  -0.960000  941 0.380000 
-0.055000  -0.960000  942 0.380000 
-0.065000  -0.980000  943 0.380000 
-0.185000  -0.950000  944 0.380000 
0.135000  -0.980000  945 0.380000 
0.620000  -1.090000  946 0.380000 
0.190000  -0.980000  947 0.380000 
0.250000  -0.910000  948 0.380000 
0.225000  -0.950000  949 0.380000 
-0.270000  -1.040000  950 0.380000 
0.135000  -0.870000  951 0.380000 
0.495000  -1.130000  952 0.380000 
-0.280000  -1.050000  953 0.380000 
-0.275000  -0.830000  954 0.380000 
0.465000  -1.100000  955 0.380000 
0.180000  -1.010000  956 0.380000 
0.225000  -0.930000  957 0.380000 
-0.060000  -0.980000  958 0.380000 
0.455000  -1.090000  959 0.380000 
0.095000  -1.030000  960 0.380000 
-0.075000  -0.830000  961 0.380000 
-0.080000  -0.800000  962 0.380000 
-0.035000  -0.960000  963 0.380000 
0.445000  -1.110000  964 0.380000 
0.245000  -0.830000  965 0.380000 
-0.420000  -1.140000  966 0.380000 
0.030000  -1.200000  967 0.380000 
0.015000  -1.000000  968 0.380000 
-0.025000  -0.920000  969 0.380000 
-0.165000  -0.970000  970 0.380000 
0.240000  -1.030000  971 0.380000 
0.390000  -1.030000  972 0.380000 
-0.485000  -1.130000  973 0.380000 
0.180000  -1.210000  974 0.380000 
-0.425000  -1.040000  975 0.380000 
0.015000  -0.860000  976 0.380000 
-0.530000  -1.130000  977 0.380000 
0.040000  -0.890000  978 0.380000 
0.205000  -1.010000  979 0.380000 
0.270000  -0.970000  980 0.380000 
0.525000  -0.960000  981 0.380000 
-0.330000  -0.890000  982 0.380000 
-0.300000  -0.920000  983 0.380000 
-0.225000  -0.870000  984 0.380000 
-0.285000  -0.900000  985 0.380000 
0.265000  -0.900000  986 0.380000 
0.425000  -1.180000  987 0.380000 
-0.175000  -0.950000  988 0.380000 
-0.160000  -1.010000  989 0.380000 
0.300000  -0.960000  990 0.380000 
0.000000  -0.910000  991 0.380000 
-0.035000  -1.030000  992 0.380000 
-0.100000  -0.980000  993 0.380000 
-0.485000  -1.180000  994 0.380000 
-0.500000  -1.060000  995 0.380000 
-0.285000  -1.030000  996 0.380000 
0.220000  -0.960000  997 0.380000 
-0.020000  -0.860000  998 0.380000 
-0.045000  -0.940000  999 0.380000 
