-0.800000  -1.530000  0 0.447000 
-0.805000  -1.500000  1 0.447000 
-0.835000  -1.550000  2 0.447000 
-0.585000  -1.290000  3 0.447000 
-0.870000  -1.590000  4 0.447000 
-0.810000  -1.550000  5 0.447000 
-0.820000  -1.590000  6 0.447000 
-0.745000  -1.440000  7 0.447000 
-0.665000  -1.460000  8 0.447000 
-0.660000  -1.400000  9 0.447000 
-0.715000  -1.560000  10 0.447000 
-0.230000  -1.170000  11 0.447000 
-0.035000  -1.110000  12 0.447000 
0.450000  -1.320000  13 0.447000 
0.850000  -1.530000  14 0.447000 
0.790000  -1.460000  15 0.447000 
0.690000  -1.440000  16 0.447000 
0.840000  -1.580000  17 0.447000 
0.900000  -1.680000  18 0.447000 
0.580000  -1.280000  19 0.447000 
0.710000  -1.510000  20 0.447000 
0.400000  -1.260000  21 0.447000 
0.890000  -1.710000  22 0.447000 
0.745000  -1.470000  23 0.447000 
0.705000  -1.570000  24 0.447000 
0.880000  -1.610000  25 0.447000 
0.745000  -1.460000  26 0.447000 
0.860000  -1.590000  27 0.447000 
0.770000  -1.500000  28 0.447000 
0.875000  -1.680000  29 0.447000 
0.870000  -1.670000  30 0.447000 
0.795000  -1.410000  31 0.447000 
0.530000  -1.310000  32 0.447000 
0.590000  -1.320000  33 0.447000 
0.860000  -1.620000  34 0.447000 
0.800000  -1.500000  35 0.447000 
0.795000  -1.440000  36 0.447000 
0.785000  -1.520000  37 0.447000 
0.790000  -1.460000  38 0.447000 
0.740000  -1.380000  39 0.447000 
0.880000  -1.620000  40 0.447000 
0.885000  -1.630000  41 0.447000 
0.700000  -1.290000  42 0.447000 
0.890000  -1.630000  43 0.447000 
0.900000  -1.680000  44 0.447000 
0.855000  -1.620000  45 0.447000 
0.790000  -1.520000  46 0.447000 
0.570000  -1.440000  47 0.447000 
0.890000  -1.630000  48 0.447000 
0.550000  -1.330000  49 0.447000 
0.520000  -1.260000  50 0.447000 
0.910000  -1.720000  51 0.447000 
0.865000  -1.650000  52 0.447000 
0.750000  -1.490000  53 0.447000 
0.390000  -1.300000  54 0.447000 
0.575000  -1.350000  55 0.447000 
0.775000  -1.440000  56 0.447000 
0.665000  -1.440000  57 0.447000 
0.550000  -1.290000  58 0.447000 
0.700000  -1.380000  59 0.447000 
0.395000  -1.240000  60 0.447000 
0.495000  -1.390000  61 0.447000 
0.720000  -1.490000  62 0.447000 
0.785000  -1.560000  63 0.447000 
0.925000  -1.730000  64 0.447000 
0.880000  -1.640000  65 0.447000 
0.865000  -1.600000  66 0.447000 
0.885000  -1.640000  67 0.447000 
0.895000  -1.650000  68 0.447000 
0.890000  -1.630000  69 0.447000 
0.730000  -1.370000  70 0.447000 
0.615000  -1.390000  71 0.447000 
0.780000  -1.540000  72 0.447000 
0.800000  -1.490000  73 0.447000 
0.765000  -1.490000  74 0.447000 
0.855000  -1.560000  75 0.447000 
0.815000  -1.520000  76 0.447000 
0.720000  -1.400000  77 0.447000 
0.770000  -1.410000  78 0.447000 
0.860000  -1.580000  79 0.447000 
0.815000  -1.480000  80 0.447000 
0.845000  -1.580000  81 0.447000 
0.805000  -1.510000  82 0.447000 
0.750000  -1.490000  83 0.447000 
0.765000  -1.450000  84 0.447000 
0.380000  -1.240000  85 0.447000 
0.900000  -1.740000  86 0.447000 
0.740000  -1.440000  87 0.447000 
0.835000  -1.630000  88 0.447000 
0.840000  -1.550000  89 0.447000 
0.795000  -1.500000  90 0.447000 
0.685000  -1.500000  91 0.447000 
0.705000  -1.430000  92 0.447000 
0.840000  -1.550000  93 0.447000 
0.830000  -1.480000  94 0.447000 
0.740000  -1.470000  95 0.447000 
0.890000  -1.720000  96 0.447000 
0.840000  -1.610000  97 0.447000 
0.895000  -1.630000  98 0.447000 
0.690000  -1.390000  99 0.447000 
0.810000  -1.580000  100 0.447000 
0.645000  -1.250000  101 0.447000 
0.705000  -1.380000  102 0.447000 
0.635000  -1.420000  103 0.447000 
0.665000  -1.490000  104 0.447000 
0.870000  -1.640000  105 0.447000 
0.820000  -1.530000  106 0.447000 
0.805000  -1.470000  107 0.447000 
0.510000  -1.470000  108 0.447000 
0.845000  -1.590000  109 0.447000 
0.740000  -1.470000  110 0.447000 
0.870000  -1.630000  111 0.447000 
0.760000  -1.510000  112 0.447000 
0.860000  -1.580000  113 0.447000 
0.790000  -1.500000  114 0.447000 
0.630000  -1.340000  115 0.447000 
0.875000  -1.610000  116 0.447000 
0.575000  -1.300000  117 0.447000 
0.885000  -1.640000  118 0.447000 
0.895000  -1.650000  119 0.447000 
0.895000  -1.670000  120 0.447000 
0.860000  -1.620000  121 0.447000 
0.795000  -1.600000  122 0.447000 
0.795000  -1.620000  123 0.447000 
0.880000  -1.590000  124 0.447000 
0.865000  -1.630000  125 0.447000 
0.900000  -1.710000  126 0.447000 
0.835000  -1.530000  127 0.447000 
0.810000  -1.550000  128 0.447000 
0.660000  -1.450000  129 0.447000 
0.760000  -1.450000  130 0.447000 
0.900000  -1.670000  131 0.447000 
0.820000  -1.610000  132 0.447000 
0.755000  -1.460000  133 0.447000 
0.865000  -1.620000  134 0.447000 
0.610000  -1.350000  135 0.447000 
0.530000  -1.290000  136 0.447000 
-0.205000  -1.240000  137 0.447000 
-0.785000  -1.460000  138 0.447000 
-0.425000  -1.400000  139 0.447000 
-0.490000  -1.270000  140 0.447000 
-0.860000  -1.590000  141 0.447000 
-0.775000  -1.480000  142 0.447000 
-0.775000  -1.420000  143 0.447000 
-0.740000  -1.400000  144 0.447000 
-0.850000  -1.550000  145 0.447000 
-0.870000  -1.620000  146 0.447000 
-0.925000  -1.740000  147 0.447000 
-0.870000  -1.590000  148 0.447000 
-0.775000  -1.510000  149 0.447000 
-0.945000  -1.820000  150 0.447000 
-0.840000  -1.590000  151 0.447000 
-0.555000  -1.270000  152 0.447000 
-0.700000  -1.350000  153 0.447000 
-0.945000  -1.800000  154 0.447000 
-0.910000  -1.730000  155 0.447000 
-0.045000  -1.280000  156 0.447000 
0.395000  -1.310000  157 0.447000 
0.910000  -1.740000  158 0.447000 
0.870000  -1.580000  159 0.447000 
0.865000  -1.610000  160 0.447000 
0.695000  -1.480000  161 0.447000 
0.775000  -1.420000  162 0.447000 
0.670000  -1.320000  163 0.447000 
0.830000  -1.610000  164 0.447000 
0.895000  -1.660000  165 0.447000 
0.600000  -1.420000  166 0.447000 
0.795000  -1.530000  167 0.447000 
0.800000  -1.410000  168 0.447000 
0.755000  -1.460000  169 0.447000 
0.685000  -1.480000  170 0.447000 
0.790000  -1.490000  171 0.447000 
0.345000  -1.390000  172 0.447000 
0.810000  -1.650000  173 0.447000 
0.920000  -1.710000  174 0.447000 
0.795000  -1.600000  175 0.447000 
0.775000  -1.590000  176 0.447000 
0.820000  -1.500000  177 0.447000 
0.880000  -1.610000  178 0.447000 
0.700000  -1.510000  179 0.447000 
0.895000  -1.720000  180 0.447000 
0.860000  -1.660000  181 0.447000 
0.855000  -1.590000  182 0.447000 
0.655000  -1.380000  183 0.447000 
0.835000  -1.490000  184 0.447000 
0.565000  -1.360000  185 0.447000 
0.845000  -1.700000  186 0.447000 
0.810000  -1.450000  187 0.447000 
0.825000  -1.500000  188 0.447000 
0.740000  -1.390000  189 0.447000 
0.810000  -1.510000  190 0.447000 
0.890000  -1.700000  191 0.447000 
0.505000  -1.320000  192 0.447000 
0.835000  -1.600000  193 0.447000 
0.820000  -1.570000  194 0.447000 
0.805000  -1.470000  195 0.447000 
0.740000  -1.340000  196 0.447000 
0.890000  -1.650000  197 0.447000 
0.830000  -1.510000  198 0.447000 
0.865000  -1.620000  199 0.447000 
0.605000  -1.370000  200 0.447000 
0.705000  -1.540000  201 0.447000 
0.380000  -1.190000  202 0.447000 
0.735000  -1.540000  203 0.447000 
0.865000  -1.620000  204 0.447000 
0.900000  -1.670000  205 0.447000 
0.835000  -1.580000  206 0.447000 
0.695000  -1.490000  207 0.447000 
0.745000  -1.370000  208 0.447000 
0.800000  -1.570000  209 0.447000 
0.835000  -1.580000  210 0.447000 
0.795000  -1.450000  211 0.447000 
0.765000  -1.560000  212 0.447000 
0.875000  -1.670000  213 0.447000 
0.775000  -1.390000  214 0.447000 
0.775000  -1.470000  215 0.447000 
0.620000  -1.310000  216 0.447000 
0.860000  -1.590000  217 0.447000 
0.855000  -1.630000  218 0.447000 
0.880000  -1.610000  219 0.447000 
0.790000  -1.460000  220 0.447000 
0.635000  -1.430000  221 0.447000 
0.770000  -1.400000  222 0.447000 
0.625000  -1.430000  223 0.447000 
0.880000  -1.670000  224 0.447000 
0.820000  -1.590000  225 0.447000 
0.845000  -1.520000  226 0.447000 
0.730000  -1.470000  227 0.447000 
0.810000  -1.510000  228 0.447000 
0.685000  -1.540000  229 0.447000 
0.860000  -1.640000  230 0.447000 
0.870000  -1.630000  231 0.447000 
0.800000  -1.590000  232 0.447000 
0.850000  -1.660000  233 0.447000 
0.860000  -1.610000  234 0.447000 
0.430000  -1.270000  235 0.447000 
-0.165000  -1.310000  236 0.447000 
-0.445000  -1.360000  237 0.447000 
-0.660000  -1.370000  238 0.447000 
-0.725000  -1.470000  239 0.447000 
-0.885000  -1.710000  240 0.447000 
-0.880000  -1.680000  241 0.447000 
-0.820000  -1.490000  242 0.447000 
-0.800000  -1.520000  243 0.447000 
-0.770000  -1.470000  244 0.447000 
-0.710000  -1.500000  245 0.447000 
-0.810000  -1.570000  246 0.447000 
-0.850000  -1.570000  247 0.447000 
-0.900000  -1.670000  248 0.447000 
-0.660000  -1.280000  249 0.447000 
-0.925000  -1.740000  250 0.447000 
-0.890000  -1.670000  251 0.447000 
-0.865000  -1.600000  252 0.447000 
-0.695000  -1.390000  253 0.447000 
-0.630000  -1.350000  254 0.447000 
-0.830000  -1.550000  255 0.447000 
-0.780000  -1.410000  256 0.447000 
-0.625000  -1.360000  257 0.447000 
-0.830000  -1.600000  258 0.447000 
-0.710000  -1.420000  259 0.447000 
-0.675000  -1.250000  260 0.447000 
-0.720000  -1.450000  261 0.447000 
-0.810000  -1.500000  262 0.447000 
-0.520000  -1.270000  263 0.447000 
-0.805000  -1.490000  264 0.447000 
-0.795000  -1.520000  265 0.447000 
-0.840000  -1.530000  266 0.447000 
-0.805000  -1.560000  267 0.447000 
-0.525000  -1.260000  268 0.447000 
-0.825000  -1.560000  269 0.447000 
-0.855000  -1.660000  270 0.447000 
-0.785000  -1.510000  271 0.447000 
-0.815000  -1.540000  272 0.447000 
-0.905000  -1.680000  273 0.447000 
-0.785000  -1.430000  274 0.447000 
-0.825000  -1.630000  275 0.447000 
-0.870000  -1.610000  276 0.447000 
-0.810000  -1.520000  277 0.447000 
-0.700000  -1.520000  278 0.447000 
-0.780000  -1.460000  279 0.447000 
-0.775000  -1.400000  280 0.447000 
-0.830000  -1.530000  281 0.447000 
-0.575000  -1.370000  282 0.447000 
-0.770000  -1.480000  283 0.447000 
-0.770000  -1.510000  284 0.447000 
-0.555000  -1.420000  285 0.447000 
-0.895000  -1.720000  286 0.447000 
-0.945000  -1.790000  287 0.447000 
-0.660000  -1.430000  288 0.447000 
-0.845000  -1.530000  289 0.447000 
-0.570000  -1.150000  290 0.447000 
-0.855000  -1.570000  291 0.447000 
-0.870000  -1.640000  292 0.447000 
-0.840000  -1.510000  293 0.447000 
-0.915000  -1.710000  294 0.447000 
-0.845000  -1.580000  295 0.447000 
-0.765000  -1.400000  296 0.447000 
-0.875000  -1.620000  297 0.447000 
-0.790000  -1.470000  298 0.447000 
-0.755000  -1.410000  299 0.447000 
-0.860000  -1.590000  300 0.447000 
-0.840000  -1.620000  301 0.447000 
-0.775000  -1.510000  302 0.447000 
-0.945000  -1.810000  303 0.447000 
-0.865000  -1.610000  304 0.447000 
-0.790000  -1.460000  305 0.447000 
-0.780000  -1.560000  306 0.447000 
-0.320000  -1.330000  307 0.447000 
-0.700000  -1.450000  308 0.447000 
-0.825000  -1.550000  309 0.447000 
-0.780000  -1.460000  310 0.447000 
-0.790000  -1.450000  311 0.447000 
-0.655000  -1.370000  312 0.447000 
-0.830000  -1.590000  313 0.447000 
-0.925000  -1.760000  314 0.447000 
-0.945000  -1.780000  315 0.447000 
-0.925000  -1.730000  316 0.447000 
-0.820000  -1.610000  317 0.447000 
-0.110000  -1.230000  318 0.447000 
-0.685000  -1.440000  319 0.447000 
-0.770000  -1.520000  320 0.447000 
-0.855000  -1.610000  321 0.447000 
-0.765000  -1.540000  322 0.447000 
-0.870000  -1.620000  323 0.447000 
-0.820000  -1.520000  324 0.447000 
-0.700000  -1.390000  325 0.447000 
-0.605000  -1.340000  326 0.447000 
-0.950000  -1.840000  327 0.447000 
-0.790000  -1.440000  328 0.447000 
-0.605000  -1.350000  329 0.447000 
-0.880000  -1.650000  330 0.447000 
-0.740000  -1.480000  331 0.447000 
-0.860000  -1.560000  332 0.447000 
-0.785000  -1.590000  333 0.447000 
-0.895000  -1.680000  334 0.447000 
-0.560000  -1.430000  335 0.447000 
-0.815000  -1.560000  336 0.447000 
-0.635000  -1.430000  337 0.447000 
-0.950000  -1.810000  338 0.447000 
-0.820000  -1.490000  339 0.447000 
-0.705000  -1.460000  340 0.447000 
-0.660000  -1.340000  341 0.447000 
-0.780000  -1.540000  342 0.447000 
-0.655000  -1.400000  343 0.447000 
-0.855000  -1.580000  344 0.447000 
-0.830000  -1.550000  345 0.447000 
-0.845000  -1.570000  346 0.447000 
-0.595000  -1.370000  347 0.447000 
-0.810000  -1.530000  348 0.447000 
-0.870000  -1.590000  349 0.447000 
-0.605000  -1.390000  350 0.447000 
-0.520000  -1.280000  351 0.447000 
-0.805000  -1.510000  352 0.447000 
-0.950000  -1.820000  353 0.447000 
-0.845000  -1.550000  354 0.447000 
-0.660000  -1.320000  355 0.447000 
-0.790000  -1.520000  356 0.447000 
-0.705000  -1.500000  357 0.447000 
-0.840000  -1.590000  358 0.447000 
-0.940000  -1.810000  359 0.447000 
-0.750000  -1.360000  360 0.447000 
-0.855000  -1.590000  361 0.447000 
-0.750000  -1.440000  362 0.447000 
-0.905000  -1.730000  363 0.447000 
-0.820000  -1.590000  364 0.447000 
-0.455000  -1.240000  365 0.447000 
-0.625000  -1.330000  366 0.447000 
-0.770000  -1.530000  367 0.447000 
-0.775000  -1.530000  368 0.447000 
-0.800000  -1.550000  369 0.447000 
-0.700000  -1.290000  370 0.447000 
-0.780000  -1.630000  371 0.447000 
-0.785000  -1.520000  372 0.447000 
-0.840000  -1.540000  373 0.447000 
-0.695000  -1.390000  374 0.447000 
-0.830000  -1.510000  375 0.447000 
-0.620000  -1.340000  376 0.447000 
-0.850000  -1.570000  377 0.447000 
-0.705000  -1.350000  378 0.447000 
-0.865000  -1.600000  379 0.447000 
-0.830000  -1.500000  380 0.447000 
-0.755000  -1.500000  381 0.447000 
-0.620000  -1.330000  382 0.447000 
-0.795000  -1.540000  383 0.447000 
-0.610000  -1.450000  384 0.447000 
-0.905000  -1.690000  385 0.447000 
-0.745000  -1.540000  386 0.447000 
-0.545000  -1.460000  387 0.447000 
-0.725000  -1.400000  388 0.447000 
-0.745000  -1.460000  389 0.447000 
-0.870000  -1.590000  390 0.447000 
-0.900000  -1.660000  391 0.447000 
-0.910000  -1.730000  392 0.447000 
-0.845000  -1.520000  393 0.447000 
-0.850000  -1.560000  394 0.447000 
-0.825000  -1.620000  395 0.447000 
-0.760000  -1.480000  396 0.447000 
-0.800000  -1.540000  397 0.447000 
-0.680000  -1.330000  398 0.447000 
-0.785000  -1.570000  399 0.447000 
-0.770000  -1.500000  400 0.447000 
-0.705000  -1.450000  401 0.447000 
-0.910000  -1.710000  402 0.447000 
-0.590000  -1.280000  403 0.447000 
-0.830000  -1.500000  404 0.447000 
-0.775000  -1.500000  405 0.447000 
-0.505000  -1.230000  406 0.447000 
-0.905000  -1.660000  407 0.447000 
-0.820000  -1.480000  408 0.447000 
-0.810000  -1.480000  409 0.447000 
-0.850000  -1.560000  410 0.447000 
-0.740000  -1.410000  411 0.447000 
-0.835000  -1.550000  412 0.447000 
-0.730000  -1.520000  413 0.447000 
-0.660000  -1.230000  414 0.447000 
-0.670000  -1.610000  415 0.447000 
-0.860000  -1.570000  416 0.447000 
-0.800000  -1.470000  417 0.447000 
-0.745000  -1.440000  418 0.447000 
-0.585000  -1.160000  419 0.447000 
-0.895000  -1.700000  420 0.447000 
-0.505000  -1.330000  421 0.447000 
-0.815000  -1.570000  422 0.447000 
-0.860000  -1.620000  423 0.447000 
-0.850000  -1.550000  424 0.447000 
-0.815000  -1.550000  425 0.447000 
-0.765000  -1.400000  426 0.447000 
-0.825000  -1.570000  427 0.447000 
-0.690000  -1.550000  428 0.447000 
-0.800000  -1.570000  429 0.447000 
-0.770000  -1.520000  430 0.447000 
-0.810000  -1.480000  431 0.447000 
-0.795000  -1.620000  432 0.447000 
-0.675000  -1.280000  433 0.447000 
-0.735000  -1.470000  434 0.447000 
-0.180000  -1.260000  435 0.447000 
0.750000  -1.420000  436 0.447000 
0.785000  -1.540000  437 0.447000 
0.610000  -1.350000  438 0.447000 
0.415000  -1.230000  439 0.447000 
0.685000  -1.330000  440 0.447000 
0.815000  -1.490000  441 0.447000 
0.810000  -1.490000  442 0.447000 
0.645000  -1.420000  443 0.447000 
0.865000  -1.620000  444 0.447000 
0.820000  -1.570000  445 0.447000 
0.700000  -1.460000  446 0.447000 
0.505000  -1.410000  447 0.447000 
0.600000  -1.430000  448 0.447000 
0.815000  -1.470000  449 0.447000 
0.655000  -1.310000  450 0.447000 
0.800000  -1.570000  451 0.447000 
0.885000  -1.670000  452 0.447000 
0.770000  -1.400000  453 0.447000 
0.760000  -1.400000  454 0.447000 
0.895000  -1.680000  455 0.447000 
0.825000  -1.510000  456 0.447000 
0.520000  -1.270000  457 0.447000 
0.775000  -1.480000  458 0.447000 
0.745000  -1.450000  459 0.447000 
0.870000  -1.630000  460 0.447000 
0.865000  -1.600000  461 0.447000 
0.790000  -1.480000  462 0.447000 
0.805000  -1.520000  463 0.447000 
0.880000  -1.650000  464 0.447000 
0.840000  -1.550000  465 0.447000 
0.850000  -1.570000  466 0.447000 
0.865000  -1.630000  467 0.447000 
0.810000  -1.580000  468 0.447000 
0.270000  -1.240000  469 0.447000 
-0.490000  -1.430000  470 0.447000 
-0.775000  -1.470000  471 0.447000 
-0.895000  -1.690000  472 0.447000 
-0.960000  -1.860000  473 0.447000 
-0.825000  -1.480000  474 0.447000 
-0.820000  -1.520000  475 0.447000 
-0.895000  -1.760000  476 0.447000 
-0.515000  -1.320000  477 0.447000 
-0.585000  -1.200000  478 0.447000 
-0.580000  -1.400000  479 0.447000 
-0.865000  -1.600000  480 0.447000 
-0.855000  -1.610000  481 0.447000 
-0.880000  -1.600000  482 0.447000 
-0.830000  -1.500000  483 0.447000 
-0.905000  -1.660000  484 0.447000 
-0.720000  -1.460000  485 0.447000 
-0.785000  -1.510000  486 0.447000 
-0.715000  -1.340000  487 0.447000 
-0.805000  -1.470000  488 0.447000 
-0.585000  -1.200000  489 0.447000 
-0.880000  -1.660000  490 0.447000 
-0.650000  -1.330000  491 0.447000 
-0.655000  -1.400000  492 0.447000 
-0.715000  -1.370000  493 0.447000 
-0.835000  -1.630000  494 0.447000 
-0.850000  -1.520000  495 0.447000 
-0.725000  -1.480000  496 0.447000 
-0.860000  -1.680000  497 0.447000 
-0.825000  -1.560000  498 0.447000 
-0.575000  -1.310000  499 0.447000 
-0.820000  -1.530000  500 0.447000 
-0.905000  -1.730000  501 0.447000 
-0.760000  -1.380000  502 0.447000 
-0.700000  -1.400000  503 0.447000 
-0.530000  -1.260000  504 0.447000 
-0.765000  -1.480000  505 0.447000 
-0.900000  -1.710000  506 0.447000 
-0.640000  -1.380000  507 0.447000 
-0.845000  -1.600000  508 0.447000 
-0.845000  -1.560000  509 0.447000 
-0.750000  -1.340000  510 0.447000 
-0.675000  -1.320000  511 0.447000 
-0.860000  -1.600000  512 0.447000 
-0.840000  -1.520000  513 0.447000 
-0.455000  -1.300000  514 0.447000 
-0.715000  -1.570000  515 0.447000 
-0.675000  -1.390000  516 0.447000 
-0.765000  -1.410000  517 0.447000 
-0.780000  -1.460000  518 0.447000 
-0.840000  -1.570000  519 0.447000 
-0.860000  -1.610000  520 0.447000 
-0.860000  -1.610000  521 0.447000 
-0.695000  -1.490000  522 0.447000 
-0.850000  -1.590000  523 0.447000 
-0.765000  -1.520000  524 0.447000 
-0.640000  -1.250000  525 0.447000 
-0.710000  -1.460000  526 0.447000 
-0.765000  -1.560000  527 0.447000 
-0.925000  -1.770000  528 0.447000 
-0.580000  -1.330000  529 0.447000 
-0.830000  -1.670000  530 0.447000 
-0.835000  -1.560000  531 0.447000 
-0.885000  -1.600000  532 0.447000 
-0.780000  -1.440000  533 0.447000 
-0.770000  -1.430000  534 0.447000 
-0.840000  -1.540000  535 0.447000 
-0.680000  -1.330000  536 0.447000 
-0.805000  -1.470000  537 0.447000 
-0.740000  -1.370000  538 0.447000 
-0.850000  -1.530000  539 0.447000 
-0.835000  -1.540000  540 0.447000 
-0.555000  -1.350000  541 0.447000 
0.090000  -1.310000  542 0.447000 
-0.010000  -1.090000  543 0.447000 
-0.730000  -1.380000  544 0.447000 
-0.680000  -1.500000  545 0.447000 
-0.815000  -1.530000  546 0.447000 
-0.755000  -1.410000  547 0.447000 
-0.725000  -1.490000  548 0.447000 
-0.725000  -1.350000  549 0.447000 
-0.705000  -1.340000  550 0.447000 
-0.870000  -1.540000  551 0.447000 
-0.775000  -1.460000  552 0.447000 
-0.700000  -1.520000  553 0.447000 
-0.755000  -1.410000  554 0.447000 
-0.840000  -1.520000  555 0.447000 
-0.805000  -1.480000  556 0.447000 
-0.770000  -1.410000  557 0.447000 
-0.740000  -1.650000  558 0.447000 
-0.395000  -1.400000  559 0.447000 
-0.760000  -1.420000  560 0.447000 
-0.735000  -1.560000  561 0.447000 
-0.865000  -1.580000  562 0.447000 
-0.825000  -1.500000  563 0.447000 
-0.805000  -1.480000  564 0.447000 
-0.870000  -1.570000  565 0.447000 
-0.815000  -1.540000  566 0.447000 
-0.905000  -1.770000  567 0.447000 
-0.820000  -1.520000  568 0.447000 
-0.795000  -1.520000  569 0.447000 
-0.815000  -1.510000  570 0.447000 
0.620000  -1.490000  571 0.447000 
0.625000  -1.320000  572 0.447000 
0.910000  -1.700000  573 0.447000 
0.910000  -1.730000  574 0.447000 
0.630000  -1.310000  575 0.447000 
0.820000  -1.590000  576 0.447000 
0.835000  -1.550000  577 0.447000 
0.860000  -1.630000  578 0.447000 
0.830000  -1.560000  579 0.447000 
0.800000  -1.490000  580 0.447000 
0.710000  -1.380000  581 0.447000 
0.900000  -1.710000  582 0.447000 
0.845000  -1.590000  583 0.447000 
0.760000  -1.490000  584 0.447000 
0.775000  -1.450000  585 0.447000 
0.800000  -1.530000  586 0.447000 
0.770000  -1.430000  587 0.447000 
0.890000  -1.630000  588 0.447000 
0.775000  -1.500000  589 0.447000 
0.740000  -1.370000  590 0.447000 
0.855000  -1.630000  591 0.447000 
0.735000  -1.470000  592 0.447000 
0.775000  -1.640000  593 0.447000 
0.645000  -1.250000  594 0.447000 
0.775000  -1.550000  595 0.447000 
0.685000  -1.520000  596 0.447000 
0.790000  -1.480000  597 0.447000 
0.840000  -1.680000  598 0.447000 
0.875000  -1.670000  599 0.447000 
0.710000  -1.430000  600 0.447000 
0.895000  -1.650000  601 0.447000 
0.905000  -1.760000  602 0.447000 
0.910000  -1.670000  603 0.447000 
0.850000  -1.600000  604 0.447000 
0.775000  -1.460000  605 0.447000 
0.720000  -1.340000  606 0.447000 
0.745000  -1.420000  607 0.447000 
0.905000  -1.700000  608 0.447000 
0.870000  -1.610000  609 0.447000 
0.775000  -1.450000  610 0.447000 
0.890000  -1.680000  611 0.447000 
0.740000  -1.370000  612 0.447000 
0.745000  -1.460000  613 0.447000 
0.900000  -1.670000  614 0.447000 
0.670000  -1.440000  615 0.447000 
0.740000  -1.510000  616 0.447000 
0.880000  -1.620000  617 0.447000 
0.840000  -1.530000  618 0.447000 
0.725000  -1.380000  619 0.447000 
0.850000  -1.620000  620 0.447000 
0.810000  -1.530000  621 0.447000 
0.830000  -1.470000  622 0.447000 
0.900000  -1.670000  623 0.447000 
0.725000  -1.400000  624 0.447000 
0.715000  -1.410000  625 0.447000 
0.805000  -1.480000  626 0.447000 
0.775000  -1.490000  627 0.447000 
0.780000  -1.560000  628 0.447000 
0.880000  -1.660000  629 0.447000 
0.835000  -1.500000  630 0.447000 
0.800000  -1.540000  631 0.447000 
0.795000  -1.490000  632 0.447000 
0.825000  -1.540000  633 0.447000 
0.725000  -1.330000  634 0.447000 
0.270000  -1.230000  635 0.447000 
0.925000  -1.790000  636 0.447000 
0.690000  -1.360000  637 0.447000 
0.395000  -1.160000  638 0.447000 
0.745000  -1.370000  639 0.447000 
0.905000  -1.710000  640 0.447000 
0.555000  -1.270000  641 0.447000 
0.690000  -1.360000  642 0.447000 
0.855000  -1.590000  643 0.447000 
0.800000  -1.490000  644 0.447000 
0.415000  -1.270000  645 0.447000 
0.810000  -1.480000  646 0.447000 
0.755000  -1.470000  647 0.447000 
0.855000  -1.580000  648 0.447000 
0.795000  -1.530000  649 0.447000 
0.765000  -1.570000  650 0.447000 
0.785000  -1.530000  651 0.447000 
0.440000  -1.400000  652 0.447000 
0.810000  -1.530000  653 0.447000 
0.350000  -1.210000  654 0.447000 
0.680000  -1.280000  655 0.447000 
0.715000  -1.430000  656 0.447000 
0.505000  -1.220000  657 0.447000 
0.820000  -1.540000  658 0.447000 
0.760000  -1.400000  659 0.447000 
0.705000  -1.360000  660 0.447000 
0.875000  -1.640000  661 0.447000 
0.785000  -1.480000  662 0.447000 
0.840000  -1.510000  663 0.447000 
0.890000  -1.670000  664 0.447000 
0.685000  -1.340000  665 0.447000 
0.775000  -1.490000  666 0.447000 
0.745000  -1.450000  667 0.447000 
0.815000  -1.460000  668 0.447000 
0.855000  -1.590000  669 0.447000 
0.840000  -1.600000  670 0.447000 
0.870000  -1.640000  671 0.447000 
0.760000  -1.500000  672 0.447000 
0.765000  -1.380000  673 0.447000 
0.700000  -1.580000  674 0.447000 
0.830000  -1.560000  675 0.447000 
0.840000  -1.540000  676 0.447000 
0.490000  -1.380000  677 0.447000 
0.920000  -1.740000  678 0.447000 
0.800000  -1.480000  679 0.447000 
0.835000  -1.530000  680 0.447000 
0.675000  -1.360000  681 0.447000 
0.875000  -1.600000  682 0.447000 
0.830000  -1.500000  683 0.447000 
0.855000  -1.590000  684 0.447000 
0.690000  -1.370000  685 0.447000 
0.785000  -1.540000  686 0.447000 
0.865000  -1.630000  687 0.447000 
0.900000  -1.740000  688 0.447000 
0.870000  -1.600000  689 0.447000 
0.895000  -1.670000  690 0.447000 
0.825000  -1.560000  691 0.447000 
0.845000  -1.540000  692 0.447000 
0.745000  -1.450000  693 0.447000 
0.405000  -1.250000  694 0.447000 
0.890000  -1.660000  695 0.447000 
0.885000  -1.690000  696 0.447000 
0.810000  -1.460000  697 0.447000 
0.270000  -1.280000  698 0.447000 
-0.195000  -1.220000  699 0.447000 
-0.550000  -1.320000  700 0.447000 
-0.875000  -1.570000  701 0.447000 
-0.835000  -1.530000  702 0.447000 
-0.850000  -1.600000  703 0.447000 
-0.830000  -1.510000  704 0.447000 
-0.840000  -1.540000  705 0.447000 
-0.755000  -1.390000  706 0.447000 
-0.815000  -1.530000  707 0.447000 
-0.895000  -1.700000  708 0.447000 
-0.740000  -1.360000  709 0.447000 
-0.670000  -1.260000  710 0.447000 
-0.775000  -1.480000  711 0.447000 
-0.840000  -1.440000  712 0.447000 
-0.830000  -1.530000  713 0.447000 
-0.715000  -1.380000  714 0.447000 
-0.705000  -1.360000  715 0.447000 
-0.655000  -1.460000  716 0.447000 
-0.820000  -1.540000  717 0.447000 
0.095000  -1.100000  718 0.447000 
-0.185000  -1.230000  719 0.447000 
-0.745000  -1.380000  720 0.447000 
-0.960000  -1.850000  721 0.447000 
-0.800000  -1.530000  722 0.447000 
-0.870000  -1.660000  723 0.447000 
-0.915000  -1.680000  724 0.447000 
-0.820000  -1.530000  725 0.447000 
-0.900000  -1.710000  726 0.447000 
-0.700000  -1.390000  727 0.447000 
-0.800000  -1.530000  728 0.447000 
-0.830000  -1.530000  729 0.447000 
-0.720000  -1.430000  730 0.447000 
-0.795000  -1.540000  731 0.447000 
-0.760000  -1.500000  732 0.447000 
-0.880000  -1.680000  733 0.447000 
-0.790000  -1.460000  734 0.447000 
-0.860000  -1.690000  735 0.447000 
-0.690000  -1.350000  736 0.447000 
-0.800000  -1.670000  737 0.447000 
-0.570000  -1.470000  738 0.447000 
-0.805000  -1.520000  739 0.447000 
-0.930000  -1.770000  740 0.447000 
-0.800000  -1.520000  741 0.447000 
-0.845000  -1.630000  742 0.447000 
-0.410000  -1.230000  743 0.447000 
-0.595000  -1.340000  744 0.447000 
-0.675000  -1.300000  745 0.447000 
-0.755000  -1.430000  746 0.447000 
-0.630000  -1.300000  747 0.447000 
-0.645000  -1.340000  748 0.447000 
-0.730000  -1.430000  749 0.447000 
-0.675000  -1.600000  750 0.447000 
-0.665000  -1.450000  751 0.447000 
-0.590000  -1.390000  752 0.447000 
-0.140000  -1.320000  753 0.447000 
-0.095000  -1.210000  754 0.447000 
-0.810000  -1.480000  755 0.447000 
-0.900000  -1.700000  756 0.447000 
-0.790000  -1.500000  757 0.447000 
-0.815000  -1.490000  758 0.447000 
-0.805000  -1.550000  759 0.447000 
-0.205000  -1.300000  760 0.447000 
-0.150000  -1.420000  761 0.447000 
-0.860000  -1.580000  762 0.447000 
-0.835000  -1.510000  763 0.447000 
-0.845000  -1.540000  764 0.447000 
-0.810000  -1.460000  765 0.447000 
-0.795000  -1.450000  766 0.447000 
-0.625000  -1.310000  767 0.447000 
-0.830000  -1.710000  768 0.447000 
-0.635000  -1.500000  769 0.447000 
-0.770000  -1.530000  770 0.447000 
-0.760000  -1.450000  771 0.447000 
-0.735000  -1.490000  772 0.447000 
-0.610000  -1.470000  773 0.447000 
-0.680000  -1.480000  774 0.447000 
-0.855000  -1.540000  775 0.447000 
-0.665000  -1.400000  776 0.447000 
-0.825000  -1.520000  777 0.447000 
-0.560000  -1.280000  778 0.447000 
-0.710000  -1.370000  779 0.447000 
-0.830000  -1.590000  780 0.447000 
-0.665000  -1.380000  781 0.447000 
-0.775000  -1.650000  782 0.447000 
-0.750000  -1.430000  783 0.447000 
-0.825000  -1.470000  784 0.447000 
-0.925000  -1.770000  785 0.447000 
-0.845000  -1.570000  786 0.447000 
-0.820000  -1.560000  787 0.447000 
-0.780000  -1.540000  788 0.447000 
-0.835000  -1.650000  789 0.447000 
-0.060000  -1.250000  790 0.447000 
-0.445000  -1.220000  791 0.447000 
-0.695000  -1.340000  792 0.447000 
-0.925000  -1.770000  793 0.447000 
-0.755000  -1.410000  794 0.447000 
-0.690000  -1.480000  795 0.447000 
-0.760000  -1.470000  796 0.447000 
-0.835000  -1.570000  797 0.447000 
-0.775000  -1.390000  798 0.447000 
-0.805000  -1.510000  799 0.447000 
-0.760000  -1.470000  800 0.447000 
-0.650000  -1.380000  801 0.447000 
-0.870000  -1.620000  802 0.447000 
-0.795000  -1.460000  803 0.447000 
-0.590000  -1.330000  804 0.447000 
-0.835000  -1.550000  805 0.447000 
-0.585000  -1.330000  806 0.447000 
-0.910000  -1.730000  807 0.447000 
-0.750000  -1.400000  808 0.447000 
-0.870000  -1.660000  809 0.447000 
-0.810000  -1.560000  810 0.447000 
-0.505000  -1.360000  811 0.447000 
-0.815000  -1.610000  812 0.447000 
-0.850000  -1.570000  813 0.447000 
-0.845000  -1.530000  814 0.447000 
-0.770000  -1.530000  815 0.447000 
-0.870000  -1.640000  816 0.447000 
-0.720000  -1.350000  817 0.447000 
-0.870000  -1.570000  818 0.447000 
-0.865000  -1.550000  819 0.447000 
-0.545000  -1.120000  820 0.447000 
-0.715000  -1.340000  821 0.447000 
-0.875000  -1.620000  822 0.447000 
-0.915000  -1.750000  823 0.447000 
-0.880000  -1.640000  824 0.447000 
-0.885000  -1.660000  825 0.447000 
-0.840000  -1.630000  826 0.447000 
-0.780000  -1.500000  827 0.447000 
-0.575000  -1.450000  828 0.447000 
-0.835000  -1.530000  829 0.447000 
-0.745000  -1.550000  830 0.447000 
-0.855000  -1.570000  831 0.447000 
-0.815000  -1.640000  832 0.447000 
-0.800000  -1.630000  833 0.447000 
-0.835000  -1.540000  834 0.447000 
-0.830000  -1.650000  835 0.447000 
-0.930000  -1.760000  836 0.447000 
-0.825000  -1.460000  837 0.447000 
-0.755000  -1.510000  838 0.447000 
-0.815000  -1.560000  839 0.447000 
-0.845000  -1.620000  840 0.447000 
-0.600000  -1.230000  841 0.447000 
-0.690000  -1.310000  842 0.447000 
-0.860000  -1.560000  843 0.447000 
-0.690000  -1.410000  844 0.447000 
-0.795000  -1.460000  845 0.447000 
-0.865000  -1.630000  846 0.447000 
-0.870000  -1.590000  847 0.447000 
-0.840000  -1.490000  848 0.447000 
-0.720000  -1.480000  849 0.447000 
-0.855000  -1.550000  850 0.447000 
-0.915000  -1.700000  851 0.447000 
-0.895000  -1.690000  852 0.447000 
-0.665000  -1.390000  853 0.447000 
-0.670000  -1.310000  854 0.447000 
-0.735000  -1.430000  855 0.447000 
-0.890000  -1.600000  856 0.447000 
-0.660000  -1.290000  857 0.447000 
-0.825000  -1.520000  858 0.447000 
-0.865000  -1.650000  859 0.447000 
-0.585000  -1.310000  860 0.447000 
-0.640000  -1.360000  861 0.447000 
-0.740000  -1.430000  862 0.447000 
-0.785000  -1.530000  863 0.447000 
-0.650000  -1.410000  864 0.447000 
-0.920000  -1.770000  865 0.447000 
-0.685000  -1.430000  866 0.447000 
-0.740000  -1.360000  867 0.447000 
-0.910000  -1.700000  868 0.447000 
-0.940000  -1.800000  869 0.447000 
-0.290000  -1.270000  870 0.447000 
-0.075000  -1.240000  871 0.447000 
-0.715000  -1.430000  872 0.447000 
-0.645000  -1.370000  873 0.447000 
-0.795000  -1.540000  874 0.447000 
-0.380000  -1.340000  875 0.447000 
-0.595000  -1.270000  876 0.447000 
-0.890000  -1.690000  877 0.447000 
-0.845000  -1.640000  878 0.447000 
-0.735000  -1.520000  879 0.447000 
-0.850000  -1.550000  880 0.447000 
-0.800000  -1.450000  881 0.447000 
-0.700000  -1.360000  882 0.447000 
-0.860000  -1.590000  883 0.447000 
-0.875000  -1.650000  884 0.447000 
-0.780000  -1.490000  885 0.447000 
-0.870000  -1.660000  886 0.447000 
-0.820000  -1.580000  887 0.447000 
-0.750000  -1.360000  888 0.447000 
-0.840000  -1.630000  889 0.447000 
-0.885000  -1.650000  890 0.447000 
-0.630000  -1.370000  891 0.447000 
-0.790000  -1.580000  892 0.447000 
-0.805000  -1.400000  893 0.447000 
-0.915000  -1.770000  894 0.447000 
-0.750000  -1.450000  895 0.447000 
-0.595000  -1.270000  896 0.447000 
-0.895000  -1.660000  897 0.447000 
-0.780000  -1.450000  898 0.447000 
-0.805000  -1.630000  899 0.447000 
-0.640000  -1.260000  900 0.447000 
-0.660000  -1.380000  901 0.447000 
-0.805000  -1.630000  902 0.447000 
-0.810000  -1.540000  903 0.447000 
-0.695000  -1.450000  904 0.447000 
-0.550000  -1.290000  905 0.447000 
-0.810000  -1.460000  906 0.447000 
-0.770000  -1.490000  907 0.447000 
-0.765000  -1.460000  908 0.447000 
-0.880000  -1.670000  909 0.447000 
-0.685000  -1.360000  910 0.447000 
-0.855000  -1.610000  911 0.447000 
-0.530000  -1.160000  912 0.447000 
-0.235000  -1.300000  913 0.447000 
-0.365000  -1.260000  914 0.447000 
-0.420000  -1.330000  915 0.447000 
-0.755000  -1.420000  916 0.447000 
-0.805000  -1.530000  917 0.447000 
-0.820000  -1.530000  918 0.447000 
-0.325000  -1.430000  919 0.447000 
-0.695000  -1.420000  920 0.447000 
-0.885000  -1.650000  921 0.447000 
-0.795000  -1.460000  922 0.447000 
-0.825000  -1.530000  923 0.447000 
-0.720000  -1.400000  924 0.447000 
-0.845000  -1.570000  925 0.447000 
-0.860000  -1.560000  926 0.447000 
-0.860000  -1.600000  927 0.447000 
-0.705000  -1.440000  928 0.447000 
-0.905000  -1.730000  929 0.447000 
-0.735000  -1.440000  930 0.447000 
-0.870000  -1.630000  931 0.447000 
-0.855000  -1.540000  932 0.447000 
-0.810000  -1.500000  933 0.447000 
-0.875000  -1.730000  934 0.447000 
-0.745000  -1.500000  935 0.447000 
-0.805000  -1.570000  936 0.447000 
-0.850000  -1.510000  937 0.447000 
-0.630000  -1.510000  938 0.447000 
-0.695000  -1.440000  939 0.447000 
-0.810000  -1.540000  940 0.447000 
-0.865000  -1.580000  941 0.447000 
-0.560000  -1.240000  942 0.447000 
-0.665000  -1.390000  943 0.447000 
-0.635000  -1.280000  944 0.447000 
-0.695000  -1.460000  945 0.447000 
-0.780000  -1.530000  946 0.447000 
-0.810000  -1.470000  947 0.447000 
-0.870000  -1.550000  948 0.447000 
-0.800000  -1.590000  949 0.447000 
-0.635000  -1.300000  950 0.447000 
-0.800000  -1.580000  951 0.447000 
-0.825000  -1.590000  952 0.447000 
-0.755000  -1.380000  953 0.447000 
-0.695000  -1.410000  954 0.447000 
-0.800000  -1.650000  955 0.447000 
-0.900000  -1.690000  956 0.447000 
-0.865000  -1.620000  957 0.447000 
-0.750000  -1.580000  958 0.447000 
-0.195000  -1.220000  959 0.447000 
-0.330000  -1.330000  960 0.447000 
-0.350000  -1.190000  961 0.447000 
-0.675000  -1.360000  962 0.447000 
-0.855000  -1.590000  963 0.447000 
-0.855000  -1.580000  964 0.447000 
-0.720000  -1.390000  965 0.447000 
-0.710000  -1.310000  966 0.447000 
-0.735000  -1.420000  967 0.447000 
-0.870000  -1.640000  968 0.447000 
-0.690000  -1.520000  969 0.447000 
-0.705000  -1.370000  970 0.447000 
-0.900000  -1.650000  971 0.447000 
-0.860000  -1.580000  972 0.447000 
-0.910000  -1.680000  973 0.447000 
-0.450000  -1.310000  974 0.447000 
-0.775000  -1.470000  975 0.447000 
-0.725000  -1.340000  976 0.447000 
-0.875000  -1.590000  977 0.447000 
-0.215000  -1.210000  978 0.447000 
-0.015000  -1.290000  979 0.447000 
-0.760000  -1.470000  980 0.447000 
-0.675000  -1.330000  981 0.447000 
-0.565000  -1.420000  982 0.447000 
-0.850000  -1.540000  983 0.447000 
-0.905000  -1.690000  984 0.447000 
-0.850000  -1.540000  985 0.447000 
-0.730000  -1.400000  986 0.447000 
-0.630000  -1.420000  987 0.447000 
-0.805000  -1.380000  988 0.447000 
-0.730000  -1.410000  989 0.447000 
-0.715000  -1.480000  990 0.447000 
-0.870000  -1.670000  991 0.447000 
-0.910000  -1.720000  992 0.447000 
-0.745000  -1.430000  993 0.447000 
-0.845000  -1.580000  994 0.447000 
-0.700000  -1.370000  995 0.447000 
-0.910000  -1.710000  996 0.447000 
-0.805000  -1.600000  997 0.447000 
-0.875000  -1.690000  998 0.447000 
-0.835000  -1.610000  999 0.447000 
