0.395000  -0.790000  0 0.350000 
-0.365000  -1.100000  1 0.350000 
-0.025000  -0.830000  2 0.350000 
-0.200000  -0.970000  3 0.350000 
-0.230000  -0.900000  4 0.350000 
-0.060000  -0.780000  5 0.350000 
-0.080000  -0.830000  6 0.350000 
-0.165000  -0.910000  7 0.350000 
0.305000  -0.960000  8 0.350000 
0.175000  -0.860000  9 0.350000 
-0.135000  -0.830000  10 0.350000 
-0.120000  -0.780000  11 0.350000 
0.130000  -0.830000  12 0.350000 
-0.035000  -0.910000  13 0.350000 
-0.155000  -0.880000  14 0.350000 
-0.090000  -0.990000  15 0.350000 
0.215000  -0.790000  16 0.350000 
0.055000  -1.050000  17 0.350000 
-0.070000  -0.940000  18 0.350000 
-0.010000  -0.770000  19 0.350000 
-0.360000  -1.030000  20 0.350000 
-0.105000  -0.820000  21 0.350000 
0.360000  -1.030000  22 0.350000 
-0.130000  -0.810000  23 0.350000 
0.155000  -0.820000  24 0.350000 
0.170000  -0.830000  25 0.350000 
0.100000  -0.970000  26 0.350000 
0.025000  -0.860000  27 0.350000 
-0.150000  -0.880000  28 0.350000 
0.425000  -0.950000  29 0.350000 
0.265000  -0.880000  30 0.350000 
-0.140000  -0.810000  31 0.350000 
0.135000  -0.920000  32 0.350000 
0.125000  -0.810000  33 0.350000 
0.225000  -0.800000  34 0.350000 
-0.235000  -0.900000  35 0.350000 
0.195000  -0.980000  36 0.350000 
-0.060000  -0.990000  37 0.350000 
0.165000  -0.940000  38 0.350000 
0.075000  -0.810000  39 0.350000 
0.155000  -0.920000  40 0.350000 
-0.025000  -0.770000  41 0.350000 
0.345000  -0.860000  42 0.350000 
-0.120000  -0.860000  43 0.350000 
-0.190000  -0.880000  44 0.350000 
0.045000  -0.950000  45 0.350000 
0.035000  -0.780000  46 0.350000 
0.040000  -0.940000  47 0.350000 
0.315000  -0.980000  48 0.350000 
0.100000  -0.800000  49 0.350000 
0.070000  -0.840000  50 0.350000 
0.095000  -0.880000  51 0.350000 
-0.550000  -1.080000  52 0.350000 
-0.100000  -0.990000  53 0.350000 
-0.005000  -0.820000  54 0.350000 
0.000000  -0.860000  55 0.350000 
0.395000  -1.090000  56 0.350000 
-0.030000  -0.950000  57 0.350000 
0.160000  -0.890000  58 0.350000 
-0.385000  -1.030000  59 0.350000 
0.070000  -0.850000  60 0.350000 
0.035000  -0.700000  61 0.350000 
0.340000  -0.980000  62 0.350000 
0.290000  -0.860000  63 0.350000 
0.190000  -0.800000  64 0.350000 
-0.215000  -0.820000  65 0.350000 
0.255000  -0.960000  66 0.350000 
0.210000  -0.830000  67 0.350000 
0.140000  -0.820000  68 0.350000 
-0.185000  -0.950000  69 0.350000 
-0.145000  -0.840000  70 0.350000 
0.015000  -0.880000  71 0.350000 
-0.035000  -0.890000  72 0.350000 
-0.020000  -0.830000  73 0.350000 
-0.155000  -0.710000  74 0.350000 
0.130000  -0.830000  75 0.350000 
0.190000  -0.840000  76 0.350000 
0.170000  -0.770000  77 0.350000 
0.425000  -1.060000  78 0.350000 
0.010000  -0.760000  79 0.350000 
-0.485000  -0.880000  80 0.350000 
0.105000  -0.920000  81 0.350000 
-0.200000  -0.940000  82 0.350000 
-0.270000  -0.910000  83 0.350000 
-0.175000  -0.830000  84 0.350000 
-0.095000  -0.780000  85 0.350000 
0.090000  -0.760000  86 0.350000 
-0.160000  -0.910000  87 0.350000 
0.205000  -1.030000  88 0.350000 
0.150000  -0.920000  89 0.350000 
-0.285000  -1.100000  90 0.350000 
-0.015000  -0.740000  91 0.350000 
-0.295000  -0.850000  92 0.350000 
-0.005000  -0.870000  93 0.350000 
0.060000  -0.790000  94 0.350000 
-0.335000  -1.030000  95 0.350000 
0.405000  -0.820000  96 0.350000 
-0.375000  -1.050000  97 0.350000 
0.065000  -0.820000  98 0.350000 
0.055000  -0.690000  99 0.350000 
0.000000  -0.810000  100 0.350000 
0.170000  -0.820000  101 0.350000 
0.015000  -1.080000  102 0.350000 
-0.105000  -0.900000  103 0.350000 
-0.150000  -0.750000  104 0.350000 
0.010000  -0.670000  105 0.350000 
0.170000  -1.020000  106 0.350000 
0.235000  -0.920000  107 0.350000 
-0.335000  -0.780000  108 0.350000 
0.155000  -0.790000  109 0.350000 
-0.095000  -0.910000  110 0.350000 
0.145000  -0.820000  111 0.350000 
-0.105000  -0.960000  112 0.350000 
-0.035000  -0.780000  113 0.350000 
0.125000  -0.790000  114 0.350000 
0.050000  -1.020000  115 0.350000 
-0.165000  -0.780000  116 0.350000 
0.130000  -0.860000  117 0.350000 
-0.330000  -1.000000  118 0.350000 
0.075000  -0.970000  119 0.350000 
-0.040000  -0.930000  120 0.350000 
-0.095000  -0.840000  121 0.350000 
-0.130000  -0.990000  122 0.350000 
-0.035000  -0.740000  123 0.350000 
-0.265000  -0.780000  124 0.350000 
0.020000  -0.730000  125 0.350000 
-0.070000  -0.780000  126 0.350000 
0.255000  -0.890000  127 0.350000 
0.030000  -0.990000  128 0.350000 
0.005000  -0.770000  129 0.350000 
0.150000  -0.930000  130 0.350000 
-0.290000  -0.930000  131 0.350000 
0.080000  -0.910000  132 0.350000 
0.080000  -0.940000  133 0.350000 
-0.325000  -0.840000  134 0.350000 
-0.290000  -0.990000  135 0.350000 
0.055000  -0.820000  136 0.350000 
0.430000  -0.980000  137 0.350000 
-0.265000  -1.050000  138 0.350000 
0.085000  -0.680000  139 0.350000 
-0.220000  -0.830000  140 0.350000 
-0.325000  -1.210000  141 0.350000 
-0.140000  -0.770000  142 0.350000 
-0.245000  -1.010000  143 0.350000 
-0.090000  -0.920000  144 0.350000 
0.060000  -0.920000  145 0.350000 
0.290000  -0.870000  146 0.350000 
0.140000  -0.850000  147 0.350000 
0.440000  -1.000000  148 0.350000 
0.230000  -0.940000  149 0.350000 
0.165000  -1.140000  150 0.350000 
-0.080000  -0.760000  151 0.350000 
-0.055000  -0.970000  152 0.350000 
0.040000  -0.970000  153 0.350000 
0.065000  -0.730000  154 0.350000 
-0.250000  -0.800000  155 0.350000 
0.115000  -0.760000  156 0.350000 
-0.055000  -0.870000  157 0.350000 
0.020000  -1.000000  158 0.350000 
0.045000  -0.860000  159 0.350000 
0.065000  -0.890000  160 0.350000 
0.200000  -1.080000  161 0.350000 
-0.020000  -0.910000  162 0.350000 
0.045000  -0.820000  163 0.350000 
-0.340000  -0.930000  164 0.350000 
0.080000  -0.910000  165 0.350000 
-0.180000  -0.930000  166 0.350000 
0.070000  -0.910000  167 0.350000 
-0.115000  -0.740000  168 0.350000 
0.265000  -0.900000  169 0.350000 
0.245000  -0.950000  170 0.350000 
-0.105000  -0.860000  171 0.350000 
-0.295000  -0.960000  172 0.350000 
-0.070000  -0.850000  173 0.350000 
-0.195000  -0.820000  174 0.350000 
0.000000  -0.840000  175 0.350000 
-0.105000  -0.620000  176 0.350000 
0.150000  -0.860000  177 0.350000 
0.185000  -0.840000  178 0.350000 
0.280000  -1.010000  179 0.350000 
-0.035000  -0.820000  180 0.350000 
-0.105000  -0.830000  181 0.350000 
-0.235000  -0.900000  182 0.350000 
0.380000  -0.830000  183 0.350000 
-0.315000  -0.990000  184 0.350000 
0.125000  -0.830000  185 0.350000 
-0.250000  -0.820000  186 0.350000 
-0.165000  -0.810000  187 0.350000 
-0.030000  -0.840000  188 0.350000 
0.190000  -0.880000  189 0.350000 
-0.240000  -0.920000  190 0.350000 
-0.005000  -0.960000  191 0.350000 
0.095000  -0.930000  192 0.350000 
-0.260000  -0.800000  193 0.350000 
0.310000  -1.030000  194 0.350000 
-0.105000  -0.940000  195 0.350000 
-0.195000  -0.770000  196 0.350000 
0.085000  -0.970000  197 0.350000 
0.035000  -0.940000  198 0.350000 
0.120000  -0.850000  199 0.350000 
-0.160000  -0.940000  200 0.350000 
-0.195000  -0.940000  201 0.350000 
0.060000  -0.800000  202 0.350000 
-0.225000  -0.930000  203 0.350000 
0.310000  -0.950000  204 0.350000 
0.200000  -0.870000  205 0.350000 
-0.330000  -0.930000  206 0.350000 
-0.075000  -0.940000  207 0.350000 
-0.260000  -0.780000  208 0.350000 
0.080000  -0.860000  209 0.350000 
-0.220000  -0.790000  210 0.350000 
-0.385000  -0.840000  211 0.350000 
0.015000  -0.610000  212 0.350000 
-0.240000  -1.020000  213 0.350000 
0.350000  -1.040000  214 0.350000 
0.185000  -0.820000  215 0.350000 
0.050000  -0.820000  216 0.350000 
-0.115000  -0.890000  217 0.350000 
-0.065000  -0.960000  218 0.350000 
-0.085000  -0.950000  219 0.350000 
-0.130000  -0.840000  220 0.350000 
-0.240000  -0.880000  221 0.350000 
-0.345000  -0.940000  222 0.350000 
-0.030000  -0.730000  223 0.350000 
-0.180000  -0.950000  224 0.350000 
0.070000  -0.800000  225 0.350000 
-0.340000  -0.970000  226 0.350000 
0.175000  -0.850000  227 0.350000 
0.275000  -0.900000  228 0.350000 
-0.035000  -0.860000  229 0.350000 
0.320000  -0.830000  230 0.350000 
0.015000  -0.880000  231 0.350000 
-0.055000  -1.000000  232 0.350000 
0.160000  -0.980000  233 0.350000 
-0.040000  -0.830000  234 0.350000 
0.295000  -0.890000  235 0.350000 
-0.120000  -0.870000  236 0.350000 
-0.095000  -0.990000  237 0.350000 
-0.070000  -0.930000  238 0.350000 
-0.075000  -0.850000  239 0.350000 
0.050000  -0.840000  240 0.350000 
0.095000  -0.670000  241 0.350000 
0.070000  -0.810000  242 0.350000 
0.125000  -0.900000  243 0.350000 
0.220000  -0.940000  244 0.350000 
0.190000  -0.860000  245 0.350000 
0.235000  -0.780000  246 0.350000 
-0.160000  -0.980000  247 0.350000 
0.005000  -0.780000  248 0.350000 
-0.175000  -0.810000  249 0.350000 
-0.200000  -0.810000  250 0.350000 
0.060000  -0.990000  251 0.350000 
-0.320000  -0.900000  252 0.350000 
-0.150000  -0.820000  253 0.350000 
0.020000  -0.750000  254 0.350000 
-0.035000  -0.970000  255 0.350000 
-0.200000  -0.870000  256 0.350000 
-0.005000  -1.000000  257 0.350000 
-0.230000  -0.860000  258 0.350000 
0.125000  -0.750000  259 0.350000 
-0.060000  -0.680000  260 0.350000 
-0.145000  -0.920000  261 0.350000 
-0.160000  -0.880000  262 0.350000 
-0.030000  -0.860000  263 0.350000 
0.160000  -0.750000  264 0.350000 
-0.010000  -0.890000  265 0.350000 
-0.070000  -0.880000  266 0.350000 
-0.495000  -0.930000  267 0.350000 
0.020000  -0.850000  268 0.350000 
0.180000  -0.930000  269 0.350000 
0.065000  -0.660000  270 0.350000 
0.115000  -0.910000  271 0.350000 
-0.190000  -0.940000  272 0.350000 
-0.310000  -1.010000  273 0.350000 
-0.380000  -0.970000  274 0.350000 
0.005000  -0.850000  275 0.350000 
-0.370000  -1.080000  276 0.350000 
0.070000  -0.710000  277 0.350000 
0.295000  -0.830000  278 0.350000 
-0.205000  -0.750000  279 0.350000 
0.220000  -1.100000  280 0.350000 
-0.145000  -1.020000  281 0.350000 
-0.150000  -0.690000  282 0.350000 
-0.115000  -1.010000  283 0.350000 
-0.255000  -0.920000  284 0.350000 
-0.315000  -0.900000  285 0.350000 
0.020000  -0.680000  286 0.350000 
0.095000  -0.940000  287 0.350000 
-0.075000  -0.860000  288 0.350000 
-0.060000  -0.880000  289 0.350000 
-0.145000  -0.830000  290 0.350000 
0.165000  -0.780000  291 0.350000 
-0.005000  -1.010000  292 0.350000 
-0.055000  -0.750000  293 0.350000 
0.045000  -0.810000  294 0.350000 
0.235000  -1.010000  295 0.350000 
0.135000  -0.810000  296 0.350000 
0.015000  -0.880000  297 0.350000 
0.085000  -0.900000  298 0.350000 
0.025000  -0.970000  299 0.350000 
-0.055000  -0.840000  300 0.350000 
0.095000  -0.780000  301 0.350000 
-0.045000  -1.130000  302 0.350000 
0.230000  -0.810000  303 0.350000 
0.055000  -0.750000  304 0.350000 
0.085000  -0.640000  305 0.350000 
-0.155000  -1.000000  306 0.350000 
0.030000  -0.840000  307 0.350000 
0.345000  -0.970000  308 0.350000 
0.295000  -1.100000  309 0.350000 
0.145000  -0.910000  310 0.350000 
0.150000  -0.690000  311 0.350000 
0.015000  -0.860000  312 0.350000 
-0.270000  -0.880000  313 0.350000 
-0.475000  -0.930000  314 0.350000 
0.110000  -0.710000  315 0.350000 
0.190000  -0.690000  316 0.350000 
-0.135000  -1.120000  317 0.350000 
0.330000  -0.790000  318 0.350000 
-0.355000  -1.010000  319 0.350000 
0.315000  -0.860000  320 0.350000 
-0.140000  -0.890000  321 0.350000 
0.315000  -0.860000  322 0.350000 
-0.240000  -0.820000  323 0.350000 
-0.055000  -0.870000  324 0.350000 
-0.175000  -0.850000  325 0.350000 
-0.080000  -0.810000  326 0.350000 
-0.195000  -0.860000  327 0.350000 
0.210000  -1.030000  328 0.350000 
0.025000  -1.080000  329 0.350000 
-0.385000  -0.940000  330 0.350000 
0.110000  -0.910000  331 0.350000 
-0.090000  -0.930000  332 0.350000 
-0.105000  -0.780000  333 0.350000 
0.080000  -0.960000  334 0.350000 
-0.015000  -1.000000  335 0.350000 
0.180000  -1.000000  336 0.350000 
0.245000  -0.970000  337 0.350000 
-0.195000  -0.710000  338 0.350000 
-0.140000  -0.980000  339 0.350000 
0.110000  -0.910000  340 0.350000 
-0.140000  -0.890000  341 0.350000 
-0.230000  -0.970000  342 0.350000 
-0.200000  -0.800000  343 0.350000 
-0.140000  -1.040000  344 0.350000 
0.240000  -0.950000  345 0.350000 
-0.050000  -1.060000  346 0.350000 
-0.205000  -1.000000  347 0.350000 
0.355000  -1.140000  348 0.350000 
0.145000  -0.880000  349 0.350000 
-0.015000  -0.860000  350 0.350000 
-0.005000  -0.800000  351 0.350000 
0.220000  -0.990000  352 0.350000 
0.210000  -0.880000  353 0.350000 
-0.230000  -0.770000  354 0.350000 
0.030000  -0.830000  355 0.350000 
0.320000  -0.990000  356 0.350000 
-0.165000  -0.900000  357 0.350000 
0.430000  -0.930000  358 0.350000 
-0.225000  -0.990000  359 0.350000 
-0.165000  -0.790000  360 0.350000 
0.060000  -0.820000  361 0.350000 
0.325000  -0.960000  362 0.350000 
-0.015000  -0.980000  363 0.350000 
0.000000  -0.870000  364 0.350000 
-0.065000  -0.810000  365 0.350000 
0.175000  -0.820000  366 0.350000 
0.165000  -1.030000  367 0.350000 
-0.280000  -1.170000  368 0.350000 
-0.130000  -0.900000  369 0.350000 
0.135000  -0.960000  370 0.350000 
0.270000  -0.950000  371 0.350000 
-0.275000  -1.070000  372 0.350000 
0.095000  -0.820000  373 0.350000 
-0.270000  -1.070000  374 0.350000 
0.430000  -1.070000  375 0.350000 
0.515000  -1.190000  376 0.350000 
0.230000  -0.790000  377 0.350000 
0.050000  -0.570000  378 0.350000 
-0.235000  -0.850000  379 0.350000 
0.000000  -0.680000  380 0.350000 
-0.405000  -1.120000  381 0.350000 
0.015000  -0.820000  382 0.350000 
0.035000  -0.940000  383 0.350000 
-0.090000  -0.880000  384 0.350000 
0.080000  -0.800000  385 0.350000 
-0.135000  -0.990000  386 0.350000 
-0.225000  -0.940000  387 0.350000 
-0.185000  -0.900000  388 0.350000 
0.040000  -0.740000  389 0.350000 
-0.200000  -0.910000  390 0.350000 
-0.215000  -0.950000  391 0.350000 
-0.185000  -0.880000  392 0.350000 
-0.190000  -0.800000  393 0.350000 
0.185000  -0.850000  394 0.350000 
0.175000  -0.780000  395 0.350000 
0.360000  -1.100000  396 0.350000 
-0.140000  -0.920000  397 0.350000 
0.220000  -0.780000  398 0.350000 
0.215000  -0.710000  399 0.350000 
-0.195000  -0.760000  400 0.350000 
-0.405000  -0.890000  401 0.350000 
0.030000  -0.770000  402 0.350000 
-0.145000  -1.000000  403 0.350000 
0.015000  -0.850000  404 0.350000 
0.025000  -0.890000  405 0.350000 
-0.175000  -0.760000  406 0.350000 
-0.140000  -0.710000  407 0.350000 
-0.125000  -0.750000  408 0.350000 
0.060000  -0.790000  409 0.350000 
-0.005000  -0.920000  410 0.350000 
0.305000  -0.840000  411 0.350000 
-0.060000  -0.830000  412 0.350000 
-0.065000  -0.800000  413 0.350000 
-0.090000  -0.780000  414 0.350000 
0.485000  -1.090000  415 0.350000 
0.060000  -0.840000  416 0.350000 
-0.030000  -0.840000  417 0.350000 
0.255000  -0.900000  418 0.350000 
0.360000  -0.870000  419 0.350000 
-0.115000  -0.980000  420 0.350000 
0.010000  -0.870000  421 0.350000 
0.105000  -1.020000  422 0.350000 
0.290000  -0.840000  423 0.350000 
-0.130000  -0.740000  424 0.350000 
-0.075000  -0.730000  425 0.350000 
-0.465000  -1.060000  426 0.350000 
0.170000  -0.660000  427 0.350000 
-0.025000  -0.890000  428 0.350000 
0.015000  -0.650000  429 0.350000 
0.190000  -0.730000  430 0.350000 
-0.230000  -1.040000  431 0.350000 
0.090000  -0.970000  432 0.350000 
0.260000  -0.750000  433 0.350000 
-0.025000  -0.810000  434 0.350000 
0.450000  -1.030000  435 0.350000 
-0.095000  -0.860000  436 0.350000 
-0.005000  -0.910000  437 0.350000 
-0.095000  -0.900000  438 0.350000 
-0.150000  -0.750000  439 0.350000 
0.070000  -0.990000  440 0.350000 
-0.025000  -0.750000  441 0.350000 
0.030000  -0.720000  442 0.350000 
0.215000  -0.810000  443 0.350000 
-0.210000  -0.780000  444 0.350000 
0.250000  -0.900000  445 0.350000 
-0.020000  -0.800000  446 0.350000 
-0.055000  -0.790000  447 0.350000 
-0.095000  -0.810000  448 0.350000 
0.105000  -0.890000  449 0.350000 
0.110000  -1.050000  450 0.350000 
0.025000  -0.810000  451 0.350000 
0.130000  -1.000000  452 0.350000 
-0.185000  -0.880000  453 0.350000 
-0.205000  -0.730000  454 0.350000 
0.050000  -0.760000  455 0.350000 
0.270000  -0.880000  456 0.350000 
-0.090000  -0.770000  457 0.350000 
0.170000  -0.930000  458 0.350000 
-0.360000  -1.080000  459 0.350000 
-0.320000  -0.900000  460 0.350000 
-0.350000  -1.050000  461 0.350000 
-0.025000  -0.810000  462 0.350000 
-0.205000  -1.000000  463 0.350000 
-0.055000  -0.920000  464 0.350000 
0.060000  -0.900000  465 0.350000 
0.100000  -0.760000  466 0.350000 
-0.060000  -0.760000  467 0.350000 
-0.085000  -0.950000  468 0.350000 
0.145000  -1.170000  469 0.350000 
-0.165000  -0.880000  470 0.350000 
-0.065000  -1.010000  471 0.350000 
-0.035000  -0.980000  472 0.350000 
0.295000  -0.700000  473 0.350000 
0.140000  -0.890000  474 0.350000 
0.230000  -0.930000  475 0.350000 
-0.035000  -0.840000  476 0.350000 
0.130000  -0.820000  477 0.350000 
-0.040000  -0.940000  478 0.350000 
-0.015000  -0.800000  479 0.350000 
0.000000  -0.950000  480 0.350000 
-0.115000  -0.990000  481 0.350000 
0.005000  -0.780000  482 0.350000 
-0.470000  -0.940000  483 0.350000 
-0.160000  -0.750000  484 0.350000 
0.145000  -0.920000  485 0.350000 
0.070000  -0.740000  486 0.350000 
0.315000  -0.880000  487 0.350000 
0.060000  -0.920000  488 0.350000 
0.155000  -1.060000  489 0.350000 
-0.275000  -0.820000  490 0.350000 
-0.225000  -0.890000  491 0.350000 
-0.235000  -0.920000  492 0.350000 
0.080000  -1.050000  493 0.350000 
-0.035000  -0.820000  494 0.350000 
0.165000  -0.850000  495 0.350000 
0.335000  -0.980000  496 0.350000 
0.080000  -0.900000  497 0.350000 
0.200000  -1.070000  498 0.350000 
0.140000  -0.970000  499 0.350000 
0.115000  -0.900000  500 0.350000 
-0.145000  -0.930000  501 0.350000 
0.005000  -0.950000  502 0.350000 
0.065000  -1.070000  503 0.350000 
0.010000  -0.860000  504 0.350000 
0.210000  -0.870000  505 0.350000 
-0.090000  -0.910000  506 0.350000 
-0.225000  -0.730000  507 0.350000 
-0.035000  -0.680000  508 0.350000 
-0.055000  -0.900000  509 0.350000 
-0.600000  -1.110000  510 0.350000 
0.045000  -0.790000  511 0.350000 
-0.230000  -0.910000  512 0.350000 
0.010000  -0.900000  513 0.350000 
-0.145000  -0.690000  514 0.350000 
0.215000  -1.020000  515 0.350000 
-0.055000  -0.830000  516 0.350000 
0.085000  -0.710000  517 0.350000 
-0.255000  -0.930000  518 0.350000 
-0.100000  -0.820000  519 0.350000 
-0.235000  -0.860000  520 0.350000 
0.200000  -0.840000  521 0.350000 
0.005000  -0.710000  522 0.350000 
-0.125000  -0.890000  523 0.350000 
-0.230000  -0.950000  524 0.350000 
-0.190000  -1.020000  525 0.350000 
0.030000  -0.940000  526 0.350000 
-0.050000  -0.880000  527 0.350000 
0.000000  -0.790000  528 0.350000 
0.440000  -0.960000  529 0.350000 
0.005000  -0.900000  530 0.350000 
-0.105000  -0.840000  531 0.350000 
0.120000  -0.890000  532 0.350000 
0.005000  -0.790000  533 0.350000 
0.185000  -0.750000  534 0.350000 
0.330000  -0.850000  535 0.350000 
-0.185000  -0.810000  536 0.350000 
0.130000  -0.890000  537 0.350000 
0.145000  -0.940000  538 0.350000 
0.060000  -0.740000  539 0.350000 
0.115000  -0.910000  540 0.350000 
0.305000  -0.890000  541 0.350000 
0.025000  -0.970000  542 0.350000 
-0.075000  -0.910000  543 0.350000 
-0.205000  -0.940000  544 0.350000 
0.100000  -0.940000  545 0.350000 
0.200000  -0.890000  546 0.350000 
0.230000  -0.870000  547 0.350000 
-0.140000  -0.930000  548 0.350000 
-0.140000  -0.750000  549 0.350000 
-0.260000  -0.800000  550 0.350000 
-0.120000  -0.950000  551 0.350000 
0.030000  -0.860000  552 0.350000 
-0.050000  -0.860000  553 0.350000 
-0.490000  -0.940000  554 0.350000 
-0.005000  -0.890000  555 0.350000 
0.060000  -0.980000  556 0.350000 
-0.010000  -0.830000  557 0.350000 
-0.290000  -0.790000  558 0.350000 
-0.445000  -1.080000  559 0.350000 
-0.220000  -1.010000  560 0.350000 
0.310000  -0.950000  561 0.350000 
-0.010000  -1.050000  562 0.350000 
0.010000  -0.830000  563 0.350000 
-0.080000  -0.940000  564 0.350000 
0.030000  -0.940000  565 0.350000 
0.095000  -0.770000  566 0.350000 
0.305000  -1.000000  567 0.350000 
0.110000  -0.960000  568 0.350000 
0.030000  -0.850000  569 0.350000 
-0.130000  -1.040000  570 0.350000 
-0.215000  -0.910000  571 0.350000 
-0.175000  -0.880000  572 0.350000 
0.195000  -0.900000  573 0.350000 
-0.335000  -0.710000  574 0.350000 
-0.080000  -0.890000  575 0.350000 
-0.065000  -0.990000  576 0.350000 
0.270000  -1.020000  577 0.350000 
-0.045000  -0.830000  578 0.350000 
0.380000  -1.010000  579 0.350000 
-0.240000  -0.700000  580 0.350000 
0.030000  -0.960000  581 0.350000 
-0.160000  -0.850000  582 0.350000 
0.270000  -0.910000  583 0.350000 
0.550000  -1.090000  584 0.350000 
0.240000  -0.860000  585 0.350000 
-0.185000  -1.000000  586 0.350000 
0.035000  -0.850000  587 0.350000 
-0.095000  -0.720000  588 0.350000 
-0.340000  -0.630000  589 0.350000 
0.075000  -0.990000  590 0.350000 
0.145000  -0.980000  591 0.350000 
0.240000  -1.040000  592 0.350000 
0.185000  -0.950000  593 0.350000 
-0.025000  -0.840000  594 0.350000 
-0.105000  -0.960000  595 0.350000 
-0.080000  -0.800000  596 0.350000 
-0.200000  -0.940000  597 0.350000 
0.090000  -0.900000  598 0.350000 
0.355000  -0.900000  599 0.350000 
0.230000  -1.050000  600 0.350000 
0.035000  -0.760000  601 0.350000 
0.130000  -0.890000  602 0.350000 
0.135000  -0.860000  603 0.350000 
0.020000  -0.810000  604 0.350000 
-0.235000  -0.910000  605 0.350000 
-0.120000  -0.850000  606 0.350000 
0.135000  -0.860000  607 0.350000 
0.110000  -0.990000  608 0.350000 
0.105000  -0.770000  609 0.350000 
-0.060000  -0.970000  610 0.350000 
0.130000  -0.780000  611 0.350000 
0.090000  -0.810000  612 0.350000 
-0.155000  -0.800000  613 0.350000 
-0.100000  -0.840000  614 0.350000 
0.015000  -0.850000  615 0.350000 
0.125000  -0.750000  616 0.350000 
-0.155000  -0.840000  617 0.350000 
0.355000  -1.030000  618 0.350000 
-0.110000  -0.890000  619 0.350000 
-0.500000  -1.050000  620 0.350000 
-0.190000  -0.950000  621 0.350000 
-0.030000  -0.970000  622 0.350000 
0.015000  -0.750000  623 0.350000 
-0.170000  -0.940000  624 0.350000 
-0.270000  -0.860000  625 0.350000 
0.255000  -0.820000  626 0.350000 
0.105000  -0.660000  627 0.350000 
-0.045000  -0.710000  628 0.350000 
0.180000  -0.940000  629 0.350000 
-0.060000  -0.760000  630 0.350000 
0.200000  -1.050000  631 0.350000 
0.095000  -0.800000  632 0.350000 
-0.320000  -0.900000  633 0.350000 
-0.260000  -0.840000  634 0.350000 
0.225000  -0.900000  635 0.350000 
-0.240000  -0.900000  636 0.350000 
0.045000  -0.830000  637 0.350000 
-0.130000  -0.810000  638 0.350000 
-0.085000  -0.780000  639 0.350000 
-0.105000  -0.680000  640 0.350000 
0.115000  -0.920000  641 0.350000 
0.105000  -0.780000  642 0.350000 
-0.225000  -0.790000  643 0.350000 
-0.380000  -1.080000  644 0.350000 
0.025000  -0.730000  645 0.350000 
-0.140000  -0.930000  646 0.350000 
-0.080000  -0.940000  647 0.350000 
0.180000  -0.780000  648 0.350000 
-0.270000  -0.910000  649 0.350000 
0.065000  -1.030000  650 0.350000 
-0.195000  -1.020000  651 0.350000 
0.005000  -0.740000  652 0.350000 
0.135000  -0.810000  653 0.350000 
0.010000  -0.980000  654 0.350000 
-0.245000  -0.770000  655 0.350000 
-0.330000  -1.080000  656 0.350000 
0.365000  -1.050000  657 0.350000 
0.000000  -0.960000  658 0.350000 
0.155000  -1.010000  659 0.350000 
-0.195000  -0.990000  660 0.350000 
0.110000  -0.840000  661 0.350000 
-0.100000  -0.730000  662 0.350000 
0.270000  -0.900000  663 0.350000 
-0.150000  -1.020000  664 0.350000 
-0.295000  -0.810000  665 0.350000 
0.165000  -0.800000  666 0.350000 
-0.045000  -0.800000  667 0.350000 
0.035000  -0.900000  668 0.350000 
-0.065000  -0.850000  669 0.350000 
-0.020000  -0.870000  670 0.350000 
0.305000  -0.980000  671 0.350000 
-0.300000  -0.900000  672 0.350000 
-0.295000  -0.740000  673 0.350000 
-0.265000  -0.810000  674 0.350000 
0.000000  -0.790000  675 0.350000 
-0.060000  -0.870000  676 0.350000 
0.230000  -0.970000  677 0.350000 
0.125000  -0.830000  678 0.350000 
-0.135000  -0.960000  679 0.350000 
-0.140000  -0.860000  680 0.350000 
0.165000  -0.780000  681 0.350000 
0.115000  -0.830000  682 0.350000 
0.250000  -0.970000  683 0.350000 
0.160000  -0.970000  684 0.350000 
-0.290000  -0.830000  685 0.350000 
0.150000  -0.850000  686 0.350000 
-0.110000  -0.850000  687 0.350000 
-0.135000  -1.030000  688 0.350000 
0.075000  -0.650000  689 0.350000 
-0.045000  -0.860000  690 0.350000 
-0.035000  -0.920000  691 0.350000 
0.100000  -0.970000  692 0.350000 
-0.220000  -0.850000  693 0.350000 
0.180000  -0.960000  694 0.350000 
0.305000  -0.850000  695 0.350000 
-0.125000  -0.830000  696 0.350000 
0.050000  -0.780000  697 0.350000 
0.415000  -0.950000  698 0.350000 
-0.080000  -0.840000  699 0.350000 
-0.050000  -0.690000  700 0.350000 
-0.165000  -0.970000  701 0.350000 
-0.025000  -1.080000  702 0.350000 
-0.325000  -0.940000  703 0.350000 
-0.020000  -0.880000  704 0.350000 
-0.185000  -1.000000  705 0.350000 
0.005000  -0.940000  706 0.350000 
0.295000  -0.880000  707 0.350000 
0.115000  -0.720000  708 0.350000 
-0.100000  -0.790000  709 0.350000 
-0.045000  -0.910000  710 0.350000 
-0.155000  -0.890000  711 0.350000 
0.000000  -0.610000  712 0.350000 
-0.090000  -1.040000  713 0.350000 
-0.060000  -0.780000  714 0.350000 
-0.020000  -0.880000  715 0.350000 
-0.315000  -0.930000  716 0.350000 
-0.090000  -0.850000  717 0.350000 
-0.040000  -0.920000  718 0.350000 
-0.025000  -0.970000  719 0.350000 
-0.165000  -0.920000  720 0.350000 
-0.040000  -0.920000  721 0.350000 
-0.075000  -1.110000  722 0.350000 
-0.290000  -0.740000  723 0.350000 
-0.115000  -0.770000  724 0.350000 
0.025000  -0.750000  725 0.350000 
0.105000  -1.100000  726 0.350000 
0.055000  -1.020000  727 0.350000 
0.055000  -0.920000  728 0.350000 
0.070000  -0.810000  729 0.350000 
0.050000  -0.820000  730 0.350000 
-0.065000  -0.960000  731 0.350000 
0.235000  -0.710000  732 0.350000 
0.175000  -0.780000  733 0.350000 
0.035000  -0.930000  734 0.350000 
-0.160000  -0.750000  735 0.350000 
0.325000  -0.950000  736 0.350000 
0.190000  -0.890000  737 0.350000 
0.185000  -1.040000  738 0.350000 
0.190000  -0.880000  739 0.350000 
-0.090000  -0.840000  740 0.350000 
0.315000  -0.980000  741 0.350000 
-0.140000  -0.720000  742 0.350000 
0.045000  -0.790000  743 0.350000 
-0.045000  -1.000000  744 0.350000 
0.435000  -0.920000  745 0.350000 
0.000000  -0.880000  746 0.350000 
-0.225000  -0.980000  747 0.350000 
-0.215000  -0.850000  748 0.350000 
0.240000  -0.840000  749 0.350000 
-0.145000  -0.950000  750 0.350000 
-0.165000  -0.690000  751 0.350000 
-0.425000  -1.100000  752 0.350000 
-0.170000  -0.730000  753 0.350000 
-0.270000  -0.970000  754 0.350000 
0.465000  -1.040000  755 0.350000 
-0.010000  -0.800000  756 0.350000 
0.220000  -0.980000  757 0.350000 
-0.200000  -0.870000  758 0.350000 
0.340000  -0.890000  759 0.350000 
-0.190000  -1.080000  760 0.350000 
0.035000  -0.860000  761 0.350000 
0.040000  -0.840000  762 0.350000 
0.405000  -0.890000  763 0.350000 
0.300000  -0.900000  764 0.350000 
-0.175000  -0.850000  765 0.350000 
0.265000  -0.940000  766 0.350000 
0.020000  -0.860000  767 0.350000 
0.510000  -0.950000  768 0.350000 
0.075000  -0.790000  769 0.350000 
0.035000  -0.860000  770 0.350000 
-0.140000  -0.870000  771 0.350000 
-0.210000  -0.960000  772 0.350000 
0.235000  -0.710000  773 0.350000 
-0.060000  -0.980000  774 0.350000 
0.005000  -0.970000  775 0.350000 
0.255000  -0.950000  776 0.350000 
-0.075000  -0.820000  777 0.350000 
-0.155000  -0.890000  778 0.350000 
-0.110000  -0.850000  779 0.350000 
-0.045000  -0.630000  780 0.350000 
0.080000  -0.780000  781 0.350000 
-0.050000  -0.890000  782 0.350000 
0.090000  -0.760000  783 0.350000 
-0.225000  -0.820000  784 0.350000 
-0.155000  -0.850000  785 0.350000 
-0.030000  -0.960000  786 0.350000 
0.075000  -0.790000  787 0.350000 
0.050000  -0.710000  788 0.350000 
0.350000  -0.830000  789 0.350000 
-0.145000  -0.790000  790 0.350000 
0.365000  -0.890000  791 0.350000 
0.120000  -0.800000  792 0.350000 
0.170000  -0.960000  793 0.350000 
0.055000  -0.810000  794 0.350000 
0.120000  -0.820000  795 0.350000 
0.190000  -1.010000  796 0.350000 
-0.165000  -0.770000  797 0.350000 
0.480000  -1.130000  798 0.350000 
0.245000  -0.830000  799 0.350000 
0.010000  -0.990000  800 0.350000 
-0.005000  -0.830000  801 0.350000 
0.260000  -1.030000  802 0.350000 
-0.120000  -0.900000  803 0.350000 
-0.315000  -1.030000  804 0.350000 
0.130000  -0.880000  805 0.350000 
-0.415000  -0.990000  806 0.350000 
0.265000  -0.880000  807 0.350000 
0.205000  -0.980000  808 0.350000 
0.120000  -0.850000  809 0.350000 
0.080000  -0.830000  810 0.350000 
0.540000  -1.120000  811 0.350000 
0.485000  -1.010000  812 0.350000 
-0.280000  -0.770000  813 0.350000 
0.145000  -0.850000  814 0.350000 
0.265000  -0.880000  815 0.350000 
-0.010000  -0.910000  816 0.350000 
0.250000  -0.920000  817 0.350000 
-0.325000  -0.980000  818 0.350000 
0.320000  -0.970000  819 0.350000 
-0.090000  -0.990000  820 0.350000 
0.000000  -0.840000  821 0.350000 
0.475000  -0.840000  822 0.350000 
0.090000  -0.700000  823 0.350000 
0.035000  -1.000000  824 0.350000 
0.105000  -1.080000  825 0.350000 
-0.375000  -0.990000  826 0.350000 
-0.350000  -1.040000  827 0.350000 
-0.115000  -1.020000  828 0.350000 
0.120000  -0.760000  829 0.350000 
0.210000  -0.900000  830 0.350000 
-0.100000  -0.900000  831 0.350000 
-0.290000  -0.940000  832 0.350000 
0.115000  -0.860000  833 0.350000 
-0.035000  -0.850000  834 0.350000 
-0.040000  -0.860000  835 0.350000 
0.260000  -0.940000  836 0.350000 
0.190000  -0.920000  837 0.350000 
0.020000  -1.000000  838 0.350000 
0.010000  -0.750000  839 0.350000 
0.160000  -0.790000  840 0.350000 
-0.090000  -0.790000  841 0.350000 
-0.220000  -0.730000  842 0.350000 
-0.090000  -0.890000  843 0.350000 
0.005000  -0.910000  844 0.350000 
-0.200000  -0.880000  845 0.350000 
-0.345000  -0.990000  846 0.350000 
-0.055000  -0.770000  847 0.350000 
-0.255000  -1.090000  848 0.350000 
-0.255000  -1.010000  849 0.350000 
-0.105000  -0.800000  850 0.350000 
-0.285000  -0.800000  851 0.350000 
0.020000  -0.980000  852 0.350000 
0.045000  -0.990000  853 0.350000 
0.270000  -0.830000  854 0.350000 
-0.015000  -0.780000  855 0.350000 
-0.390000  -1.040000  856 0.350000 
-0.250000  -0.960000  857 0.350000 
-0.175000  -0.820000  858 0.350000 
0.105000  -0.780000  859 0.350000 
-0.005000  -0.650000  860 0.350000 
0.300000  -0.850000  861 0.350000 
0.110000  -0.790000  862 0.350000 
0.200000  -0.960000  863 0.350000 
-0.075000  -0.850000  864 0.350000 
0.375000  -1.020000  865 0.350000 
0.140000  -0.770000  866 0.350000 
0.440000  -1.040000  867 0.350000 
-0.055000  -0.950000  868 0.350000 
0.250000  -0.870000  869 0.350000 
0.155000  -1.050000  870 0.350000 
-0.105000  -0.950000  871 0.350000 
0.135000  -1.020000  872 0.350000 
0.395000  -0.860000  873 0.350000 
0.085000  -0.760000  874 0.350000 
-0.225000  -0.900000  875 0.350000 
-0.140000  -0.900000  876 0.350000 
-0.115000  -0.810000  877 0.350000 
-0.400000  -1.080000  878 0.350000 
-0.125000  -0.890000  879 0.350000 
-0.120000  -0.930000  880 0.350000 
-0.065000  -0.950000  881 0.350000 
-0.090000  -0.900000  882 0.350000 
0.160000  -0.800000  883 0.350000 
-0.355000  -0.900000  884 0.350000 
-0.250000  -0.940000  885 0.350000 
0.270000  -0.800000  886 0.350000 
-0.195000  -0.760000  887 0.350000 
0.000000  -1.060000  888 0.350000 
-0.140000  -0.980000  889 0.350000 
-0.015000  -1.010000  890 0.350000 
-0.160000  -0.780000  891 0.350000 
0.135000  -0.970000  892 0.350000 
-0.260000  -0.740000  893 0.350000 
-0.280000  -0.960000  894 0.350000 
-0.175000  -0.900000  895 0.350000 
0.280000  -1.050000  896 0.350000 
0.040000  -0.860000  897 0.350000 
-0.005000  -0.900000  898 0.350000 
0.255000  -0.870000  899 0.350000 
0.075000  -0.810000  900 0.350000 
0.095000  -0.930000  901 0.350000 
0.040000  -0.940000  902 0.350000 
0.115000  -0.630000  903 0.350000 
-0.040000  -0.790000  904 0.350000 
0.085000  -0.850000  905 0.350000 
0.185000  -0.880000  906 0.350000 
-0.075000  -0.890000  907 0.350000 
0.190000  -0.860000  908 0.350000 
-0.075000  -1.020000  909 0.350000 
0.265000  -0.990000  910 0.350000 
0.075000  -1.000000  911 0.350000 
0.010000  -0.810000  912 0.350000 
0.365000  -0.850000  913 0.350000 
0.110000  -0.990000  914 0.350000 
0.135000  -1.000000  915 0.350000 
-0.230000  -0.730000  916 0.350000 
-0.115000  -0.990000  917 0.350000 
0.125000  -0.970000  918 0.350000 
0.215000  -0.990000  919 0.350000 
0.375000  -0.990000  920 0.350000 
-0.245000  -0.900000  921 0.350000 
0.240000  -1.030000  922 0.350000 
0.110000  -0.810000  923 0.350000 
-0.080000  -0.710000  924 0.350000 
0.340000  -0.880000  925 0.350000 
-0.155000  -0.840000  926 0.350000 
-0.370000  -0.920000  927 0.350000 
-0.135000  -0.880000  928 0.350000 
-0.055000  -0.900000  929 0.350000 
0.055000  -0.780000  930 0.350000 
-0.060000  -0.720000  931 0.350000 
0.040000  -0.960000  932 0.350000 
0.035000  -0.870000  933 0.350000 
-0.060000  -0.890000  934 0.350000 
-0.250000  -0.730000  935 0.350000 
0.105000  -0.880000  936 0.350000 
-0.115000  -0.960000  937 0.350000 
-0.195000  -0.950000  938 0.350000 
-0.060000  -0.710000  939 0.350000 
-0.165000  -0.740000  940 0.350000 
-0.215000  -0.850000  941 0.350000 
0.095000  -0.800000  942 0.350000 
0.025000  -0.820000  943 0.350000 
-0.080000  -0.750000  944 0.350000 
-0.005000  -0.670000  945 0.350000 
0.235000  -0.960000  946 0.350000 
-0.070000  -0.730000  947 0.350000 
-0.015000  -0.810000  948 0.350000 
0.175000  -0.760000  949 0.350000 
0.155000  -0.620000  950 0.350000 
-0.060000  -0.750000  951 0.350000 
0.115000  -0.880000  952 0.350000 
0.240000  -0.770000  953 0.350000 
0.460000  -1.090000  954 0.350000 
0.380000  -0.890000  955 0.350000 
0.110000  -0.850000  956 0.350000 
0.235000  -0.830000  957 0.350000 
-0.090000  -0.980000  958 0.350000 
-0.195000  -0.890000  959 0.350000 
-0.175000  -0.960000  960 0.350000 
0.005000  -0.970000  961 0.350000 
-0.010000  -0.790000  962 0.350000 
-0.385000  -1.070000  963 0.350000 
-0.225000  -0.820000  964 0.350000 
-0.145000  -0.890000  965 0.350000 
-0.105000  -0.880000  966 0.350000 
-0.185000  -1.020000  967 0.350000 
0.015000  -0.860000  968 0.350000 
0.205000  -0.870000  969 0.350000 
-0.260000  -0.830000  970 0.350000 
-0.170000  -0.920000  971 0.350000 
0.020000  -0.780000  972 0.350000 
0.030000  -0.750000  973 0.350000 
-0.095000  -0.900000  974 0.350000 
0.265000  -1.020000  975 0.350000 
-0.055000  -0.810000  976 0.350000 
-0.275000  -0.850000  977 0.350000 
-0.060000  -0.970000  978 0.350000 
0.170000  -0.990000  979 0.350000 
0.215000  -0.880000  980 0.350000 
0.155000  -1.010000  981 0.350000 
-0.160000  -0.800000  982 0.350000 
0.200000  -0.760000  983 0.350000 
-0.290000  -0.880000  984 0.350000 
-0.105000  -0.870000  985 0.350000 
0.165000  -0.980000  986 0.350000 
-0.040000  -0.970000  987 0.350000 
-0.190000  -0.940000  988 0.350000 
0.050000  -0.940000  989 0.350000 
0.125000  -0.820000  990 0.350000 
-0.490000  -1.100000  991 0.350000 
-0.015000  -0.840000  992 0.350000 
-0.185000  -0.790000  993 0.350000 
0.320000  -0.880000  994 0.350000 
0.105000  -0.840000  995 0.350000 
0.150000  -0.890000  996 0.350000 
0.280000  -0.940000  997 0.350000 
-0.475000  -0.900000  998 0.350000 
-0.135000  -0.940000  999 0.350000 
