0.755000  -1.480000  0 0.434000 
0.680000  -1.370000  1 0.434000 
0.515000  -1.490000  2 0.434000 
0.735000  -1.420000  3 0.434000 
0.745000  -1.340000  4 0.434000 
0.515000  -1.330000  5 0.434000 
0.625000  -1.390000  6 0.434000 
0.730000  -1.570000  7 0.434000 
0.375000  -1.240000  8 0.434000 
0.460000  -1.330000  9 0.434000 
0.750000  -1.410000  10 0.434000 
0.230000  -1.300000  11 0.434000 
0.560000  -1.380000  12 0.434000 
0.735000  -1.410000  13 0.434000 
0.690000  -1.470000  14 0.434000 
0.500000  -1.230000  15 0.434000 
0.820000  -1.480000  16 0.434000 
0.845000  -1.530000  17 0.434000 
0.800000  -1.410000  18 0.434000 
0.680000  -1.200000  19 0.434000 
0.690000  -1.430000  20 0.434000 
0.590000  -1.220000  21 0.434000 
0.880000  -1.660000  22 0.434000 
0.780000  -1.500000  23 0.434000 
0.645000  -1.340000  24 0.434000 
0.485000  -1.440000  25 0.434000 
0.635000  -1.340000  26 0.434000 
0.835000  -1.520000  27 0.434000 
0.760000  -1.610000  28 0.434000 
0.670000  -1.280000  29 0.434000 
0.805000  -1.470000  30 0.434000 
0.795000  -1.450000  31 0.434000 
0.750000  -1.410000  32 0.434000 
0.690000  -1.280000  33 0.434000 
0.820000  -1.520000  34 0.434000 
0.880000  -1.650000  35 0.434000 
0.835000  -1.570000  36 0.434000 
0.685000  -1.420000  37 0.434000 
0.170000  -1.170000  38 0.434000 
0.890000  -1.660000  39 0.434000 
0.750000  -1.380000  40 0.434000 
0.730000  -1.450000  41 0.434000 
0.715000  -1.580000  42 0.434000 
0.810000  -1.510000  43 0.434000 
0.895000  -1.640000  44 0.434000 
0.705000  -1.540000  45 0.434000 
0.665000  -1.490000  46 0.434000 
0.480000  -1.150000  47 0.434000 
0.780000  -1.410000  48 0.434000 
0.445000  -1.350000  49 0.434000 
0.570000  -1.360000  50 0.434000 
0.700000  -1.260000  51 0.434000 
0.505000  -1.160000  52 0.434000 
0.315000  -1.320000  53 0.434000 
0.825000  -1.540000  54 0.434000 
0.855000  -1.540000  55 0.434000 
0.820000  -1.520000  56 0.434000 
0.695000  -1.260000  57 0.434000 
0.695000  -1.350000  58 0.434000 
0.680000  -1.460000  59 0.434000 
0.685000  -1.490000  60 0.434000 
0.725000  -1.570000  61 0.434000 
0.715000  -1.410000  62 0.434000 
0.815000  -1.490000  63 0.434000 
0.830000  -1.530000  64 0.434000 
0.930000  -1.780000  65 0.434000 
0.785000  -1.530000  66 0.434000 
0.730000  -1.390000  67 0.434000 
0.655000  -1.220000  68 0.434000 
0.615000  -1.230000  69 0.434000 
0.645000  -1.410000  70 0.434000 
0.655000  -1.350000  71 0.434000 
0.395000  -1.370000  72 0.434000 
0.600000  -1.310000  73 0.434000 
0.645000  -1.230000  74 0.434000 
0.795000  -1.460000  75 0.434000 
0.670000  -1.350000  76 0.434000 
0.620000  -1.280000  77 0.434000 
0.860000  -1.580000  78 0.434000 
0.785000  -1.470000  79 0.434000 
0.780000  -1.490000  80 0.434000 
0.775000  -1.370000  81 0.434000 
0.465000  -1.210000  82 0.434000 
0.805000  -1.490000  83 0.434000 
0.565000  -1.450000  84 0.434000 
0.815000  -1.470000  85 0.434000 
0.800000  -1.570000  86 0.434000 
0.530000  -1.340000  87 0.434000 
0.625000  -1.200000  88 0.434000 
0.830000  -1.660000  89 0.434000 
0.775000  -1.480000  90 0.434000 
0.625000  -1.360000  91 0.434000 
0.795000  -1.490000  92 0.434000 
0.620000  -1.330000  93 0.434000 
0.445000  -1.380000  94 0.434000 
0.705000  -1.380000  95 0.434000 
0.665000  -1.360000  96 0.434000 
0.320000  -1.270000  97 0.434000 
0.605000  -1.580000  98 0.434000 
0.760000  -1.430000  99 0.434000 
0.670000  -1.270000  100 0.434000 
0.825000  -1.530000  101 0.434000 
0.610000  -1.480000  102 0.434000 
0.755000  -1.430000  103 0.434000 
0.620000  -1.290000  104 0.434000 
0.845000  -1.520000  105 0.434000 
0.880000  -1.610000  106 0.434000 
0.725000  -1.410000  107 0.434000 
0.685000  -1.450000  108 0.434000 
0.690000  -1.400000  109 0.434000 
0.765000  -1.520000  110 0.434000 
0.645000  -1.340000  111 0.434000 
0.800000  -1.510000  112 0.434000 
0.505000  -1.200000  113 0.434000 
0.790000  -1.450000  114 0.434000 
0.880000  -1.700000  115 0.434000 
0.555000  -1.260000  116 0.434000 
0.645000  -1.440000  117 0.434000 
0.735000  -1.470000  118 0.434000 
0.615000  -1.330000  119 0.434000 
0.825000  -1.480000  120 0.434000 
0.220000  -1.340000  121 0.434000 
0.500000  -1.070000  122 0.434000 
0.775000  -1.380000  123 0.434000 
0.410000  -1.220000  124 0.434000 
0.805000  -1.490000  125 0.434000 
0.565000  -1.310000  126 0.434000 
0.905000  -1.710000  127 0.434000 
0.585000  -1.350000  128 0.434000 
-0.005000  -1.250000  129 0.434000 
0.160000  -1.410000  130 0.434000 
0.580000  -1.300000  131 0.434000 
0.625000  -1.300000  132 0.434000 
0.700000  -1.370000  133 0.434000 
0.480000  -1.260000  134 0.434000 
0.940000  -1.820000  135 0.434000 
0.775000  -1.480000  136 0.434000 
0.665000  -1.240000  137 0.434000 
0.430000  -1.130000  138 0.434000 
0.665000  -1.390000  139 0.434000 
0.645000  -1.360000  140 0.434000 
0.555000  -1.250000  141 0.434000 
0.645000  -1.330000  142 0.434000 
0.670000  -1.280000  143 0.434000 
0.700000  -1.380000  144 0.434000 
0.570000  -1.330000  145 0.434000 
0.610000  -1.370000  146 0.434000 
0.055000  -1.170000  147 0.434000 
0.650000  -1.230000  148 0.434000 
0.750000  -1.480000  149 0.434000 
0.485000  -1.430000  150 0.434000 
0.745000  -1.470000  151 0.434000 
0.900000  -1.710000  152 0.434000 
0.925000  -1.760000  153 0.434000 
0.810000  -1.550000  154 0.434000 
0.295000  -1.220000  155 0.434000 
0.490000  -1.410000  156 0.434000 
0.365000  -1.360000  157 0.434000 
0.325000  -1.250000  158 0.434000 
0.775000  -1.510000  159 0.434000 
0.885000  -1.680000  160 0.434000 
0.770000  -1.460000  161 0.434000 
0.725000  -1.450000  162 0.434000 
0.775000  -1.480000  163 0.434000 
0.695000  -1.260000  164 0.434000 
0.720000  -1.480000  165 0.434000 
0.730000  -1.410000  166 0.434000 
0.860000  -1.560000  167 0.434000 
0.760000  -1.420000  168 0.434000 
0.725000  -1.460000  169 0.434000 
0.885000  -1.610000  170 0.434000 
0.805000  -1.580000  171 0.434000 
-0.075000  -1.190000  172 0.434000 
-0.500000  -1.190000  173 0.434000 
-0.435000  -1.350000  174 0.434000 
-0.680000  -1.340000  175 0.434000 
-0.355000  -1.160000  176 0.434000 
-0.465000  -1.150000  177 0.434000 
-0.555000  -1.290000  178 0.434000 
-0.860000  -1.550000  179 0.434000 
-0.800000  -1.470000  180 0.434000 
-0.630000  -1.290000  181 0.434000 
-0.880000  -1.620000  182 0.434000 
-0.335000  -1.390000  183 0.434000 
-0.745000  -1.370000  184 0.434000 
-0.830000  -1.590000  185 0.434000 
-0.840000  -1.590000  186 0.434000 
-0.935000  -1.780000  187 0.434000 
-0.060000  -0.990000  188 0.434000 
0.070000  -1.130000  189 0.434000 
-0.425000  -1.250000  190 0.434000 
-0.740000  -1.450000  191 0.434000 
-0.405000  -1.300000  192 0.434000 
-0.250000  -1.340000  193 0.434000 
-0.860000  -1.560000  194 0.434000 
-0.325000  -1.120000  195 0.434000 
-0.665000  -1.450000  196 0.434000 
-0.470000  -1.040000  197 0.434000 
-0.420000  -1.180000  198 0.434000 
-0.665000  -1.320000  199 0.434000 
-0.780000  -1.480000  200 0.434000 
-0.770000  -1.490000  201 0.434000 
-0.705000  -1.370000  202 0.434000 
-0.840000  -1.570000  203 0.434000 
-0.650000  -1.350000  204 0.434000 
-0.790000  -1.470000  205 0.434000 
-0.615000  -1.280000  206 0.434000 
-0.765000  -1.470000  207 0.434000 
-0.655000  -1.320000  208 0.434000 
-0.780000  -1.540000  209 0.434000 
-0.790000  -1.460000  210 0.434000 
-0.535000  -1.310000  211 0.434000 
-0.915000  -1.740000  212 0.434000 
-0.770000  -1.400000  213 0.434000 
-0.705000  -1.400000  214 0.434000 
-0.740000  -1.440000  215 0.434000 
-0.830000  -1.510000  216 0.434000 
-0.655000  -1.320000  217 0.434000 
-0.725000  -1.390000  218 0.434000 
-0.775000  -1.550000  219 0.434000 
-0.735000  -1.400000  220 0.434000 
-0.865000  -1.610000  221 0.434000 
-0.720000  -1.320000  222 0.434000 
-0.720000  -1.460000  223 0.434000 
-0.785000  -1.470000  224 0.434000 
-0.810000  -1.470000  225 0.434000 
-0.690000  -1.470000  226 0.434000 
-0.755000  -1.360000  227 0.434000 
-0.700000  -1.330000  228 0.434000 
-0.840000  -1.530000  229 0.434000 
-0.885000  -1.690000  230 0.434000 
-0.695000  -1.400000  231 0.434000 
-0.380000  -1.190000  232 0.434000 
-0.845000  -1.490000  233 0.434000 
-0.855000  -1.640000  234 0.434000 
-0.820000  -1.460000  235 0.434000 
-0.770000  -1.470000  236 0.434000 
-0.835000  -1.620000  237 0.434000 
-0.735000  -1.410000  238 0.434000 
-0.720000  -1.420000  239 0.434000 
-0.455000  -1.180000  240 0.434000 
-0.815000  -1.540000  241 0.434000 
-0.745000  -1.330000  242 0.434000 
0.495000  -1.150000  243 0.434000 
0.915000  -1.740000  244 0.434000 
0.590000  -1.260000  245 0.434000 
0.500000  -1.180000  246 0.434000 
0.595000  -1.310000  247 0.434000 
0.380000  -1.270000  248 0.434000 
0.560000  -1.260000  249 0.434000 
0.600000  -1.410000  250 0.434000 
0.570000  -1.400000  251 0.434000 
0.680000  -1.340000  252 0.434000 
0.870000  -1.610000  253 0.434000 
0.770000  -1.540000  254 0.434000 
0.725000  -1.330000  255 0.434000 
0.355000  -1.320000  256 0.434000 
-0.740000  -1.440000  257 0.434000 
-0.810000  -1.460000  258 0.434000 
-0.465000  -1.280000  259 0.434000 
-0.260000  -1.070000  260 0.434000 
0.280000  -1.240000  261 0.434000 
0.560000  -1.360000  262 0.434000 
0.750000  -1.450000  263 0.434000 
0.745000  -1.380000  264 0.434000 
0.200000  -1.120000  265 0.434000 
0.615000  -1.500000  266 0.434000 
0.350000  -1.160000  267 0.434000 
0.795000  -1.490000  268 0.434000 
0.855000  -1.550000  269 0.434000 
0.685000  -1.570000  270 0.434000 
-0.520000  -1.460000  271 0.434000 
-0.805000  -1.560000  272 0.434000 
-0.405000  -1.340000  273 0.434000 
-0.770000  -1.480000  274 0.434000 
-0.415000  -1.140000  275 0.434000 
-0.420000  -1.340000  276 0.434000 
-0.555000  -1.340000  277 0.434000 
-0.805000  -1.520000  278 0.434000 
-0.805000  -1.490000  279 0.434000 
-0.640000  -1.450000  280 0.434000 
-0.810000  -1.480000  281 0.434000 
-0.795000  -1.490000  282 0.434000 
-0.825000  -1.500000  283 0.434000 
-0.705000  -1.390000  284 0.434000 
-0.750000  -1.410000  285 0.434000 
-0.490000  -1.280000  286 0.434000 
-0.340000  -1.160000  287 0.434000 
-0.170000  -1.400000  288 0.434000 
0.565000  -1.390000  289 0.434000 
-0.645000  -1.220000  290 0.434000 
-0.835000  -1.560000  291 0.434000 
-0.775000  -1.360000  292 0.434000 
-0.635000  -1.240000  293 0.434000 
-0.780000  -1.470000  294 0.434000 
-0.885000  -1.670000  295 0.434000 
-0.310000  -1.270000  296 0.434000 
-0.550000  -1.450000  297 0.434000 
-0.810000  -1.530000  298 0.434000 
-0.875000  -1.620000  299 0.434000 
-0.685000  -1.250000  300 0.434000 
-0.720000  -1.340000  301 0.434000 
-0.825000  -1.550000  302 0.434000 
-0.685000  -1.470000  303 0.434000 
-0.645000  -1.370000  304 0.434000 
-0.825000  -1.540000  305 0.434000 
-0.685000  -1.380000  306 0.434000 
-0.815000  -1.620000  307 0.434000 
-0.605000  -1.450000  308 0.434000 
-0.545000  -1.240000  309 0.434000 
-0.395000  -1.340000  310 0.434000 
-0.560000  -1.330000  311 0.434000 
-0.060000  -1.260000  312 0.434000 
-0.690000  -1.360000  313 0.434000 
-0.425000  -1.310000  314 0.434000 
-0.865000  -1.590000  315 0.434000 
-0.535000  -1.300000  316 0.434000 
-0.685000  -1.490000  317 0.434000 
-0.510000  -1.310000  318 0.434000 
-0.630000  -1.310000  319 0.434000 
-0.800000  -1.570000  320 0.434000 
-0.825000  -1.550000  321 0.434000 
-0.620000  -1.240000  322 0.434000 
-0.700000  -1.510000  323 0.434000 
-0.660000  -1.420000  324 0.434000 
-0.360000  -1.390000  325 0.434000 
-0.670000  -1.420000  326 0.434000 
0.055000  -1.280000  327 0.434000 
-0.195000  -1.210000  328 0.434000 
-0.065000  -1.190000  329 0.434000 
-0.015000  -1.060000  330 0.434000 
0.740000  -1.450000  331 0.434000 
0.760000  -1.460000  332 0.434000 
0.820000  -1.490000  333 0.434000 
0.855000  -1.580000  334 0.434000 
0.800000  -1.500000  335 0.434000 
0.775000  -1.470000  336 0.434000 
0.155000  -1.230000  337 0.434000 
0.840000  -1.570000  338 0.434000 
0.730000  -1.420000  339 0.434000 
0.645000  -1.290000  340 0.434000 
0.710000  -1.350000  341 0.434000 
0.550000  -1.390000  342 0.434000 
0.660000  -1.550000  343 0.434000 
0.310000  -1.150000  344 0.434000 
0.635000  -1.500000  345 0.434000 
0.835000  -1.560000  346 0.434000 
0.680000  -1.400000  347 0.434000 
0.750000  -1.480000  348 0.434000 
0.900000  -1.690000  349 0.434000 
0.835000  -1.540000  350 0.434000 
0.735000  -1.460000  351 0.434000 
0.775000  -1.460000  352 0.434000 
0.930000  -1.760000  353 0.434000 
0.900000  -1.670000  354 0.434000 
0.770000  -1.500000  355 0.434000 
0.770000  -1.340000  356 0.434000 
0.670000  -1.360000  357 0.434000 
0.715000  -1.340000  358 0.434000 
0.750000  -1.510000  359 0.434000 
0.770000  -1.410000  360 0.434000 
0.740000  -1.580000  361 0.434000 
0.675000  -1.440000  362 0.434000 
0.645000  -1.370000  363 0.434000 
0.850000  -1.640000  364 0.434000 
0.765000  -1.520000  365 0.434000 
0.685000  -1.330000  366 0.434000 
0.455000  -1.300000  367 0.434000 
0.465000  -1.410000  368 0.434000 
0.805000  -1.480000  369 0.434000 
0.490000  -1.290000  370 0.434000 
0.530000  -1.250000  371 0.434000 
0.785000  -1.630000  372 0.434000 
0.560000  -1.290000  373 0.434000 
0.785000  -1.420000  374 0.434000 
0.815000  -1.480000  375 0.434000 
0.575000  -1.360000  376 0.434000 
0.310000  -1.390000  377 0.434000 
0.220000  -1.300000  378 0.434000 
0.620000  -1.350000  379 0.434000 
0.905000  -1.680000  380 0.434000 
0.760000  -1.480000  381 0.434000 
0.745000  -1.620000  382 0.434000 
0.465000  -1.100000  383 0.434000 
0.675000  -1.460000  384 0.434000 
0.840000  -1.590000  385 0.434000 
0.650000  -1.450000  386 0.434000 
0.670000  -1.330000  387 0.434000 
0.765000  -1.410000  388 0.434000 
0.210000  -1.250000  389 0.434000 
0.360000  -1.090000  390 0.434000 
0.550000  -1.320000  391 0.434000 
0.780000  -1.520000  392 0.434000 
0.765000  -1.510000  393 0.434000 
0.865000  -1.620000  394 0.434000 
0.350000  -1.170000  395 0.434000 
0.690000  -1.390000  396 0.434000 
0.800000  -1.520000  397 0.434000 
0.575000  -1.380000  398 0.434000 
0.730000  -1.530000  399 0.434000 
0.715000  -1.410000  400 0.434000 
0.855000  -1.570000  401 0.434000 
0.685000  -1.290000  402 0.434000 
0.840000  -1.530000  403 0.434000 
0.300000  -1.250000  404 0.434000 
0.190000  -1.250000  405 0.434000 
0.820000  -1.540000  406 0.434000 
0.705000  -1.480000  407 0.434000 
0.605000  -1.110000  408 0.434000 
0.790000  -1.410000  409 0.434000 
0.645000  -1.400000  410 0.434000 
0.790000  -1.520000  411 0.434000 
0.480000  -1.130000  412 0.434000 
0.510000  -1.270000  413 0.434000 
0.785000  -1.430000  414 0.434000 
0.870000  -1.570000  415 0.434000 
0.730000  -1.380000  416 0.434000 
0.580000  -1.310000  417 0.434000 
0.825000  -1.600000  418 0.434000 
0.570000  -1.360000  419 0.434000 
0.800000  -1.520000  420 0.434000 
0.875000  -1.610000  421 0.434000 
0.480000  -1.380000  422 0.434000 
-0.885000  -1.590000  423 0.434000 
-0.560000  -1.250000  424 0.434000 
-0.880000  -1.640000  425 0.434000 
-0.830000  -1.530000  426 0.434000 
-0.695000  -1.450000  427 0.434000 
-0.740000  -1.480000  428 0.434000 
-0.310000  -1.120000  429 0.434000 
-0.700000  -1.370000  430 0.434000 
-0.475000  -1.380000  431 0.434000 
-0.740000  -1.450000  432 0.434000 
-0.470000  -1.310000  433 0.434000 
-0.900000  -1.650000  434 0.434000 
-0.905000  -1.700000  435 0.434000 
0.275000  -1.140000  436 0.434000 
0.355000  -1.220000  437 0.434000 
0.600000  -1.250000  438 0.434000 
0.470000  -1.250000  439 0.434000 
0.785000  -1.490000  440 0.434000 
0.770000  -1.430000  441 0.434000 
0.900000  -1.710000  442 0.434000 
0.730000  -1.360000  443 0.434000 
0.920000  -1.740000  444 0.434000 
0.680000  -1.420000  445 0.434000 
0.870000  -1.580000  446 0.434000 
0.700000  -1.310000  447 0.434000 
0.640000  -1.300000  448 0.434000 
0.720000  -1.450000  449 0.434000 
0.925000  -1.740000  450 0.434000 
0.265000  -1.210000  451 0.434000 
0.865000  -1.610000  452 0.434000 
0.855000  -1.560000  453 0.434000 
0.680000  -1.400000  454 0.434000 
0.670000  -1.390000  455 0.434000 
0.310000  -1.190000  456 0.434000 
0.600000  -1.450000  457 0.434000 
0.860000  -1.650000  458 0.434000 
0.665000  -1.340000  459 0.434000 
0.845000  -1.540000  460 0.434000 
0.770000  -1.470000  461 0.434000 
0.810000  -1.470000  462 0.434000 
0.105000  -1.270000  463 0.434000 
0.640000  -1.290000  464 0.434000 
0.880000  -1.640000  465 0.434000 
0.585000  -1.480000  466 0.434000 
0.705000  -1.380000  467 0.434000 
0.385000  -1.290000  468 0.434000 
0.770000  -1.490000  469 0.434000 
0.880000  -1.630000  470 0.434000 
0.055000  -1.250000  471 0.434000 
0.035000  -1.170000  472 0.434000 
0.745000  -1.440000  473 0.434000 
0.430000  -1.060000  474 0.434000 
0.855000  -1.550000  475 0.434000 
0.855000  -1.580000  476 0.434000 
0.820000  -1.490000  477 0.434000 
0.705000  -1.350000  478 0.434000 
0.810000  -1.460000  479 0.434000 
0.660000  -1.400000  480 0.434000 
0.535000  -1.220000  481 0.434000 
0.410000  -1.210000  482 0.434000 
0.585000  -1.140000  483 0.434000 
0.875000  -1.650000  484 0.434000 
0.670000  -1.270000  485 0.434000 
0.530000  -1.230000  486 0.434000 
0.705000  -1.410000  487 0.434000 
0.720000  -1.470000  488 0.434000 
-0.030000  -1.290000  489 0.434000 
0.220000  -1.230000  490 0.434000 
0.300000  -1.350000  491 0.434000 
0.810000  -1.440000  492 0.434000 
0.905000  -1.750000  493 0.434000 
0.875000  -1.640000  494 0.434000 
0.315000  -1.260000  495 0.434000 
-0.170000  -1.170000  496 0.434000 
-0.635000  -1.470000  497 0.434000 
-0.795000  -1.430000  498 0.434000 
-0.800000  -1.470000  499 0.434000 
-0.720000  -1.390000  500 0.434000 
-0.755000  -1.380000  501 0.434000 
-0.640000  -1.510000  502 0.434000 
-0.880000  -1.670000  503 0.434000 
-0.670000  -1.310000  504 0.434000 
-0.530000  -1.340000  505 0.434000 
-0.610000  -1.360000  506 0.434000 
-0.790000  -1.410000  507 0.434000 
-0.350000  -1.380000  508 0.434000 
-0.785000  -1.500000  509 0.434000 
-0.820000  -1.560000  510 0.434000 
-0.570000  -1.180000  511 0.434000 
-0.550000  -1.370000  512 0.434000 
-0.515000  -1.330000  513 0.434000 
-0.770000  -1.430000  514 0.434000 
-0.635000  -1.460000  515 0.434000 
-0.820000  -1.540000  516 0.434000 
-0.885000  -1.610000  517 0.434000 
-0.805000  -1.540000  518 0.434000 
-0.725000  -1.450000  519 0.434000 
-0.340000  -1.360000  520 0.434000 
-0.825000  -1.540000  521 0.434000 
-0.800000  -1.410000  522 0.434000 
-0.545000  -1.380000  523 0.434000 
-0.615000  -1.340000  524 0.434000 
-0.795000  -1.490000  525 0.434000 
-0.740000  -1.370000  526 0.434000 
-0.300000  -1.200000  527 0.434000 
-0.725000  -1.410000  528 0.434000 
-0.785000  -1.510000  529 0.434000 
-0.765000  -1.410000  530 0.434000 
-0.795000  -1.500000  531 0.434000 
-0.295000  -1.120000  532 0.434000 
0.135000  -1.290000  533 0.434000 
0.880000  -1.670000  534 0.434000 
0.650000  -1.290000  535 0.434000 
0.840000  -1.530000  536 0.434000 
0.745000  -1.490000  537 0.434000 
0.690000  -1.390000  538 0.434000 
0.540000  -1.280000  539 0.434000 
-0.475000  -1.380000  540 0.434000 
0.195000  -1.150000  541 0.434000 
0.255000  -1.350000  542 0.434000 
0.865000  -1.580000  543 0.434000 
0.720000  -1.350000  544 0.434000 
0.705000  -1.500000  545 0.434000 
0.695000  -1.400000  546 0.434000 
0.755000  -1.470000  547 0.434000 
0.770000  -1.450000  548 0.434000 
0.610000  -1.400000  549 0.434000 
0.595000  -1.310000  550 0.434000 
0.850000  -1.590000  551 0.434000 
0.655000  -1.260000  552 0.434000 
0.460000  -1.340000  553 0.434000 
0.805000  -1.430000  554 0.434000 
0.555000  -1.240000  555 0.434000 
0.690000  -1.370000  556 0.434000 
0.765000  -1.560000  557 0.434000 
0.850000  -1.640000  558 0.434000 
0.230000  -1.160000  559 0.434000 
0.725000  -1.380000  560 0.434000 
0.615000  -1.270000  561 0.434000 
0.440000  -1.290000  562 0.434000 
0.755000  -1.400000  563 0.434000 
0.850000  -1.610000  564 0.434000 
0.815000  -1.470000  565 0.434000 
0.755000  -1.570000  566 0.434000 
0.895000  -1.700000  567 0.434000 
0.800000  -1.430000  568 0.434000 
0.830000  -1.510000  569 0.434000 
0.870000  -1.590000  570 0.434000 
0.745000  -1.410000  571 0.434000 
0.740000  -1.420000  572 0.434000 
0.800000  -1.520000  573 0.434000 
0.570000  -1.200000  574 0.434000 
0.700000  -1.320000  575 0.434000 
0.745000  -1.310000  576 0.434000 
0.735000  -1.370000  577 0.434000 
0.490000  -1.130000  578 0.434000 
0.105000  -1.220000  579 0.434000 
-0.070000  -1.260000  580 0.434000 
0.485000  -1.150000  581 0.434000 
0.645000  -1.400000  582 0.434000 
0.825000  -1.530000  583 0.434000 
0.820000  -1.410000  584 0.434000 
0.550000  -1.350000  585 0.434000 
0.690000  -1.380000  586 0.434000 
0.710000  -1.360000  587 0.434000 
0.645000  -1.300000  588 0.434000 
0.800000  -1.520000  589 0.434000 
0.615000  -1.490000  590 0.434000 
0.720000  -1.280000  591 0.434000 
0.645000  -1.340000  592 0.434000 
0.810000  -1.520000  593 0.434000 
0.620000  -1.320000  594 0.434000 
0.605000  -1.390000  595 0.434000 
0.770000  -1.390000  596 0.434000 
0.510000  -1.270000  597 0.434000 
0.725000  -1.490000  598 0.434000 
0.725000  -1.340000  599 0.434000 
0.690000  -1.330000  600 0.434000 
0.635000  -1.250000  601 0.434000 
0.125000  -1.220000  602 0.434000 
0.740000  -1.460000  603 0.434000 
0.855000  -1.700000  604 0.434000 
0.810000  -1.450000  605 0.434000 
0.680000  -1.310000  606 0.434000 
0.535000  -1.310000  607 0.434000 
0.790000  -1.510000  608 0.434000 
0.640000  -1.350000  609 0.434000 
0.665000  -1.480000  610 0.434000 
0.695000  -1.380000  611 0.434000 
0.740000  -1.390000  612 0.434000 
0.175000  -1.180000  613 0.434000 
0.250000  -1.140000  614 0.434000 
-0.025000  -1.180000  615 0.434000 
-0.740000  -1.410000  616 0.434000 
-0.820000  -1.540000  617 0.434000 
-0.805000  -1.510000  618 0.434000 
-0.640000  -1.580000  619 0.434000 
-0.625000  -1.380000  620 0.434000 
-0.720000  -1.380000  621 0.434000 
-0.915000  -1.730000  622 0.434000 
-0.685000  -1.370000  623 0.434000 
-0.800000  -1.460000  624 0.434000 
0.015000  -1.310000  625 0.434000 
0.340000  -1.250000  626 0.434000 
0.795000  -1.420000  627 0.434000 
0.670000  -1.360000  628 0.434000 
0.470000  -1.230000  629 0.434000 
-0.005000  -1.200000  630 0.434000 
-0.100000  -1.180000  631 0.434000 
-0.695000  -1.410000  632 0.434000 
-0.550000  -1.200000  633 0.434000 
0.165000  -1.250000  634 0.434000 
0.660000  -1.290000  635 0.434000 
-0.470000  -1.350000  636 0.434000 
-0.710000  -1.400000  637 0.434000 
-0.660000  -1.460000  638 0.434000 
-0.710000  -1.300000  639 0.434000 
-0.790000  -1.530000  640 0.434000 
-0.860000  -1.610000  641 0.434000 
-0.735000  -1.460000  642 0.434000 
-0.720000  -1.410000  643 0.434000 
-0.840000  -1.560000  644 0.434000 
-0.730000  -1.450000  645 0.434000 
-0.595000  -1.280000  646 0.434000 
-0.295000  -1.140000  647 0.434000 
-0.630000  -1.350000  648 0.434000 
-0.840000  -1.610000  649 0.434000 
-0.825000  -1.590000  650 0.434000 
-0.660000  -1.440000  651 0.434000 
-0.720000  -1.340000  652 0.434000 
-0.725000  -1.310000  653 0.434000 
-0.065000  -1.260000  654 0.434000 
-0.555000  -1.230000  655 0.434000 
-0.185000  -1.090000  656 0.434000 
0.620000  -1.500000  657 0.434000 
0.705000  -1.370000  658 0.434000 
0.340000  -1.140000  659 0.434000 
-0.640000  -1.320000  660 0.434000 
-0.355000  -1.250000  661 0.434000 
-0.835000  -1.580000  662 0.434000 
-0.890000  -1.730000  663 0.434000 
-0.810000  -1.540000  664 0.434000 
-0.770000  -1.450000  665 0.434000 
-0.725000  -1.350000  666 0.434000 
-0.705000  -1.470000  667 0.434000 
-0.795000  -1.460000  668 0.434000 
-0.475000  -1.150000  669 0.434000 
-0.465000  -1.320000  670 0.434000 
-0.675000  -1.300000  671 0.434000 
-0.735000  -1.350000  672 0.434000 
-0.570000  -1.190000  673 0.434000 
-0.610000  -1.420000  674 0.434000 
-0.440000  -1.250000  675 0.434000 
-0.800000  -1.450000  676 0.434000 
-0.725000  -1.400000  677 0.434000 
-0.840000  -1.520000  678 0.434000 
-0.530000  -1.200000  679 0.434000 
-0.810000  -1.500000  680 0.434000 
-0.580000  -1.260000  681 0.434000 
-0.750000  -1.410000  682 0.434000 
-0.790000  -1.380000  683 0.434000 
-0.800000  -1.470000  684 0.434000 
-0.335000  -1.220000  685 0.434000 
-0.775000  -1.420000  686 0.434000 
-0.745000  -1.470000  687 0.434000 
-0.170000  -1.210000  688 0.434000 
0.260000  -1.200000  689 0.434000 
-0.455000  -1.040000  690 0.434000 
0.590000  -1.380000  691 0.434000 
0.550000  -1.360000  692 0.434000 
0.875000  -1.600000  693 0.434000 
0.585000  -1.250000  694 0.434000 
0.840000  -1.570000  695 0.434000 
0.775000  -1.390000  696 0.434000 
0.800000  -1.610000  697 0.434000 
0.685000  -1.310000  698 0.434000 
0.455000  -1.270000  699 0.434000 
0.230000  -0.970000  700 0.434000 
0.635000  -1.480000  701 0.434000 
0.585000  -1.240000  702 0.434000 
0.760000  -1.410000  703 0.434000 
0.355000  -1.230000  704 0.434000 
0.375000  -1.190000  705 0.434000 
0.285000  -1.090000  706 0.434000 
0.775000  -1.410000  707 0.434000 
0.305000  -1.150000  708 0.434000 
0.105000  -1.180000  709 0.434000 
0.545000  -1.380000  710 0.434000 
0.700000  -1.380000  711 0.434000 
0.870000  -1.630000  712 0.434000 
0.570000  -1.260000  713 0.434000 
0.770000  -1.400000  714 0.434000 
0.695000  -1.400000  715 0.434000 
-0.330000  -1.140000  716 0.434000 
-0.250000  -1.270000  717 0.434000 
-0.770000  -1.440000  718 0.434000 
-0.450000  -1.330000  719 0.434000 
-0.400000  -1.340000  720 0.434000 
-0.625000  -1.340000  721 0.434000 
-0.560000  -1.320000  722 0.434000 
-0.855000  -1.630000  723 0.434000 
-0.850000  -1.570000  724 0.434000 
-0.765000  -1.470000  725 0.434000 
-0.885000  -1.630000  726 0.434000 
-0.585000  -1.320000  727 0.434000 
-0.480000  -1.430000  728 0.434000 
-0.850000  -1.560000  729 0.434000 
-0.830000  -1.580000  730 0.434000 
-0.760000  -1.410000  731 0.434000 
-0.820000  -1.520000  732 0.434000 
-0.810000  -1.490000  733 0.434000 
-0.640000  -1.260000  734 0.434000 
-0.790000  -1.460000  735 0.434000 
-0.700000  -1.280000  736 0.434000 
-0.870000  -1.600000  737 0.434000 
-0.585000  -1.340000  738 0.434000 
-0.700000  -1.360000  739 0.434000 
-0.310000  -1.210000  740 0.434000 
-0.745000  -1.430000  741 0.434000 
-0.590000  -1.160000  742 0.434000 
-0.680000  -1.460000  743 0.434000 
-0.775000  -1.470000  744 0.434000 
-0.755000  -1.460000  745 0.434000 
-0.865000  -1.670000  746 0.434000 
-0.880000  -1.610000  747 0.434000 
-0.690000  -1.430000  748 0.434000 
-0.670000  -1.350000  749 0.434000 
-0.900000  -1.670000  750 0.434000 
-0.480000  -1.270000  751 0.434000 
-0.765000  -1.490000  752 0.434000 
0.110000  -1.400000  753 0.434000 
0.795000  -1.420000  754 0.434000 
0.705000  -1.230000  755 0.434000 
0.750000  -1.420000  756 0.434000 
0.520000  -1.280000  757 0.434000 
0.375000  -1.310000  758 0.434000 
0.485000  -1.290000  759 0.434000 
0.265000  -1.240000  760 0.434000 
0.615000  -1.300000  761 0.434000 
0.650000  -1.310000  762 0.434000 
0.580000  -1.260000  763 0.434000 
0.715000  -1.230000  764 0.434000 
0.725000  -1.430000  765 0.434000 
0.880000  -1.620000  766 0.434000 
0.875000  -1.610000  767 0.434000 
0.720000  -1.390000  768 0.434000 
0.790000  -1.440000  769 0.434000 
0.860000  -1.600000  770 0.434000 
0.840000  -1.610000  771 0.434000 
0.720000  -1.350000  772 0.434000 
0.625000  -1.460000  773 0.434000 
0.780000  -1.450000  774 0.434000 
0.765000  -1.510000  775 0.434000 
0.615000  -1.360000  776 0.434000 
0.670000  -1.360000  777 0.434000 
0.445000  -1.160000  778 0.434000 
0.825000  -1.520000  779 0.434000 
0.800000  -1.620000  780 0.434000 
0.560000  -1.250000  781 0.434000 
0.860000  -1.620000  782 0.434000 
0.500000  -1.240000  783 0.434000 
0.915000  -1.740000  784 0.434000 
0.840000  -1.580000  785 0.434000 
0.800000  -1.670000  786 0.434000 
0.815000  -1.470000  787 0.434000 
0.890000  -1.660000  788 0.434000 
0.365000  -1.220000  789 0.434000 
0.630000  -1.230000  790 0.434000 
0.830000  -1.650000  791 0.434000 
0.820000  -1.530000  792 0.434000 
0.845000  -1.590000  793 0.434000 
0.665000  -1.400000  794 0.434000 
0.420000  -1.090000  795 0.434000 
0.400000  -1.220000  796 0.434000 
0.420000  -1.260000  797 0.434000 
0.560000  -1.130000  798 0.434000 
0.690000  -1.330000  799 0.434000 
0.805000  -1.550000  800 0.434000 
0.865000  -1.620000  801 0.434000 
0.800000  -1.360000  802 0.434000 
0.750000  -1.420000  803 0.434000 
0.620000  -1.550000  804 0.434000 
-0.635000  -1.320000  805 0.434000 
-0.725000  -1.450000  806 0.434000 
-0.705000  -1.320000  807 0.434000 
-0.805000  -1.490000  808 0.434000 
-0.240000  -1.280000  809 0.434000 
-0.805000  -1.450000  810 0.434000 
-0.650000  -1.370000  811 0.434000 
-0.820000  -1.590000  812 0.434000 
-0.625000  -1.400000  813 0.434000 
-0.605000  -1.340000  814 0.434000 
-0.730000  -1.510000  815 0.434000 
-0.870000  -1.620000  816 0.434000 
-0.760000  -1.460000  817 0.434000 
-0.515000  -1.260000  818 0.434000 
-0.795000  -1.530000  819 0.434000 
-0.605000  -1.250000  820 0.434000 
-0.070000  -1.120000  821 0.434000 
0.060000  -1.290000  822 0.434000 
-0.325000  -1.250000  823 0.434000 
0.420000  -1.250000  824 0.434000 
0.755000  -1.480000  825 0.434000 
0.785000  -1.440000  826 0.434000 
0.760000  -1.560000  827 0.434000 
0.840000  -1.580000  828 0.434000 
0.635000  -1.340000  829 0.434000 
0.590000  -1.270000  830 0.434000 
0.690000  -1.380000  831 0.434000 
0.695000  -1.430000  832 0.434000 
-0.085000  -1.390000  833 0.434000 
0.350000  -1.150000  834 0.434000 
0.895000  -1.640000  835 0.434000 
0.445000  -1.260000  836 0.434000 
0.360000  -1.350000  837 0.434000 
-0.005000  -1.320000  838 0.434000 
0.685000  -1.350000  839 0.434000 
0.725000  -1.460000  840 0.434000 
0.315000  -1.230000  841 0.434000 
-0.750000  -1.350000  842 0.434000 
-0.795000  -1.520000  843 0.434000 
-0.510000  -1.150000  844 0.434000 
-0.795000  -1.510000  845 0.434000 
-0.810000  -1.480000  846 0.434000 
-0.800000  -1.560000  847 0.434000 
-0.750000  -1.520000  848 0.434000 
-0.580000  -1.420000  849 0.434000 
-0.715000  -1.550000  850 0.434000 
-0.800000  -1.460000  851 0.434000 
-0.650000  -1.380000  852 0.434000 
-0.730000  -1.360000  853 0.434000 
-0.840000  -1.560000  854 0.434000 
-0.740000  -1.500000  855 0.434000 
-0.110000  -1.250000  856 0.434000 
-0.510000  -1.340000  857 0.434000 
-0.845000  -1.670000  858 0.434000 
-0.605000  -1.190000  859 0.434000 
-0.575000  -1.370000  860 0.434000 
-0.615000  -1.380000  861 0.434000 
-0.715000  -1.450000  862 0.434000 
-0.535000  -1.190000  863 0.434000 
-0.260000  -1.100000  864 0.434000 
-0.760000  -1.440000  865 0.434000 
-0.050000  -0.860000  866 0.434000 
-0.350000  -1.200000  867 0.434000 
-0.905000  -1.670000  868 0.434000 
-0.700000  -1.450000  869 0.434000 
-0.765000  -1.570000  870 0.434000 
-0.600000  -1.340000  871 0.434000 
-0.465000  -1.350000  872 0.434000 
0.880000  -1.610000  873 0.434000 
0.805000  -1.570000  874 0.434000 
0.705000  -1.320000  875 0.434000 
0.840000  -1.550000  876 0.434000 
0.290000  -1.160000  877 0.434000 
-0.835000  -1.550000  878 0.434000 
-0.705000  -1.330000  879 0.434000 
-0.835000  -1.590000  880 0.434000 
-0.600000  -1.310000  881 0.434000 
-0.335000  -1.070000  882 0.434000 
-0.070000  -1.220000  883 0.434000 
0.490000  -1.370000  884 0.434000 
0.785000  -1.390000  885 0.434000 
0.760000  -1.470000  886 0.434000 
0.900000  -1.680000  887 0.434000 
0.445000  -1.370000  888 0.434000 
0.150000  -1.370000  889 0.434000 
0.560000  -1.230000  890 0.434000 
0.790000  -1.430000  891 0.434000 
0.825000  -1.680000  892 0.434000 
0.670000  -1.440000  893 0.434000 
0.680000  -1.310000  894 0.434000 
0.870000  -1.640000  895 0.434000 
0.680000  -1.370000  896 0.434000 
0.805000  -1.550000  897 0.434000 
0.590000  -1.250000  898 0.434000 
0.585000  -1.250000  899 0.434000 
0.495000  -1.250000  900 0.434000 
0.485000  -1.090000  901 0.434000 
-0.180000  -1.280000  902 0.434000 
-0.440000  -1.380000  903 0.434000 
-0.620000  -1.320000  904 0.434000 
-0.650000  -1.330000  905 0.434000 
-0.790000  -1.480000  906 0.434000 
-0.760000  -1.490000  907 0.434000 
-0.575000  -1.300000  908 0.434000 
-0.695000  -1.300000  909 0.434000 
-0.550000  -1.270000  910 0.434000 
-0.835000  -1.540000  911 0.434000 
-0.545000  -1.420000  912 0.434000 
-0.775000  -1.540000  913 0.434000 
-0.870000  -1.610000  914 0.434000 
-0.630000  -1.240000  915 0.434000 
-0.745000  -1.490000  916 0.434000 
-0.730000  -1.380000  917 0.434000 
-0.745000  -1.310000  918 0.434000 
-0.965000  -1.890000  919 0.434000 
-0.690000  -1.390000  920 0.434000 
-0.715000  -1.290000  921 0.434000 
-0.735000  -1.340000  922 0.434000 
-0.740000  -1.390000  923 0.434000 
-0.650000  -1.310000  924 0.434000 
-0.435000  -1.180000  925 0.434000 
-0.820000  -1.530000  926 0.434000 
-0.640000  -1.320000  927 0.434000 
-0.750000  -1.400000  928 0.434000 
-0.555000  -1.100000  929 0.434000 
-0.710000  -1.410000  930 0.434000 
-0.180000  -1.140000  931 0.434000 
-0.525000  -1.300000  932 0.434000 
-0.625000  -1.440000  933 0.434000 
-0.955000  -1.850000  934 0.434000 
-0.675000  -1.280000  935 0.434000 
-0.780000  -1.510000  936 0.434000 
-0.090000  -0.990000  937 0.434000 
-0.625000  -1.380000  938 0.434000 
-0.720000  -1.490000  939 0.434000 
-0.620000  -1.250000  940 0.434000 
-0.335000  -1.220000  941 0.434000 
0.215000  -1.330000  942 0.434000 
0.550000  -1.420000  943 0.434000 
0.810000  -1.450000  944 0.434000 
0.705000  -1.430000  945 0.434000 
0.600000  -1.230000  946 0.434000 
0.790000  -1.470000  947 0.434000 
0.720000  -1.500000  948 0.434000 
0.780000  -1.380000  949 0.434000 
0.630000  -1.280000  950 0.434000 
-0.060000  -0.970000  951 0.434000 
-0.740000  -1.480000  952 0.434000 
-0.720000  -1.470000  953 0.434000 
-0.630000  -1.240000  954 0.434000 
-0.240000  -1.070000  955 0.434000 
-0.690000  -1.380000  956 0.434000 
-0.780000  -1.470000  957 0.434000 
-0.660000  -1.230000  958 0.434000 
-0.440000  -1.170000  959 0.434000 
-0.755000  -1.420000  960 0.434000 
-0.825000  -1.450000  961 0.434000 
-0.630000  -1.300000  962 0.434000 
-0.170000  -1.050000  963 0.434000 
0.065000  -1.120000  964 0.434000 
0.455000  -1.310000  965 0.434000 
0.780000  -1.530000  966 0.434000 
0.845000  -1.590000  967 0.434000 
0.615000  -1.270000  968 0.434000 
0.410000  -1.310000  969 0.434000 
0.560000  -1.220000  970 0.434000 
0.515000  -1.210000  971 0.434000 
0.395000  -1.260000  972 0.434000 
0.895000  -1.640000  973 0.434000 
0.780000  -1.470000  974 0.434000 
0.890000  -1.620000  975 0.434000 
0.705000  -1.450000  976 0.434000 
0.715000  -1.490000  977 0.434000 
0.635000  -1.300000  978 0.434000 
0.270000  -1.220000  979 0.434000 
0.435000  -1.130000  980 0.434000 
0.810000  -1.520000  981 0.434000 
0.895000  -1.660000  982 0.434000 
0.645000  -1.390000  983 0.434000 
0.775000  -1.470000  984 0.434000 
0.820000  -1.490000  985 0.434000 
0.805000  -1.550000  986 0.434000 
0.755000  -1.460000  987 0.434000 
0.575000  -1.220000  988 0.434000 
0.770000  -1.430000  989 0.434000 
0.860000  -1.590000  990 0.434000 
0.830000  -1.560000  991 0.434000 
0.830000  -1.470000  992 0.434000 
0.735000  -1.460000  993 0.434000 
0.215000  -1.160000  994 0.434000 
-0.075000  -1.120000  995 0.434000 
0.610000  -1.350000  996 0.434000 
0.735000  -1.360000  997 0.434000 
0.565000  -1.370000  998 0.434000 
0.815000  -1.520000  999 0.434000 
