0.690000  -1.410000  0 0.423000 
-0.190000  -1.160000  1 0.423000 
-0.480000  -1.310000  2 0.423000 
-0.630000  -1.380000  3 0.423000 
-0.685000  -1.250000  4 0.423000 
-0.070000  -1.060000  5 0.423000 
0.625000  -1.330000  6 0.423000 
0.795000  -1.460000  7 0.423000 
0.245000  -1.050000  8 0.423000 
0.795000  -1.460000  9 0.423000 
0.560000  -1.170000  10 0.423000 
0.830000  -1.590000  11 0.423000 
0.570000  -1.330000  12 0.423000 
0.495000  -1.260000  13 0.423000 
0.815000  -1.470000  14 0.423000 
0.450000  -1.170000  15 0.423000 
0.490000  -1.190000  16 0.423000 
-0.325000  -1.300000  17 0.423000 
-0.405000  -1.160000  18 0.423000 
-0.490000  -1.040000  19 0.423000 
0.680000  -1.390000  20 0.423000 
0.615000  -1.270000  21 0.423000 
0.890000  -1.670000  22 0.423000 
0.655000  -1.350000  23 0.423000 
0.385000  -1.170000  24 0.423000 
0.620000  -1.340000  25 0.423000 
0.440000  -1.270000  26 0.423000 
0.580000  -1.220000  27 0.423000 
0.635000  -1.400000  28 0.423000 
0.150000  -1.130000  29 0.423000 
0.085000  -1.100000  30 0.423000 
-0.100000  -1.140000  31 0.423000 
-0.700000  -1.400000  32 0.423000 
-0.355000  -1.100000  33 0.423000 
-0.485000  -1.190000  34 0.423000 
-0.765000  -1.490000  35 0.423000 
-0.200000  -1.230000  36 0.423000 
0.065000  -1.140000  37 0.423000 
0.590000  -1.320000  38 0.423000 
0.840000  -1.560000  39 0.423000 
0.720000  -1.280000  40 0.423000 
0.745000  -1.440000  41 0.423000 
0.630000  -1.420000  42 0.423000 
0.730000  -1.350000  43 0.423000 
0.865000  -1.590000  44 0.423000 
0.690000  -1.400000  45 0.423000 
-0.160000  -1.250000  46 0.423000 
0.140000  -1.040000  47 0.423000 
-0.070000  -1.080000  48 0.423000 
0.530000  -1.250000  49 0.423000 
0.915000  -1.710000  50 0.423000 
0.525000  -1.280000  51 0.423000 
-0.075000  -0.940000  52 0.423000 
0.080000  -1.110000  53 0.423000 
-0.095000  -1.190000  54 0.423000 
0.790000  -1.430000  55 0.423000 
0.800000  -1.470000  56 0.423000 
0.500000  -0.940000  57 0.423000 
-0.030000  -1.060000  58 0.423000 
-0.815000  -1.530000  59 0.423000 
-0.665000  -1.420000  60 0.423000 
-0.675000  -1.450000  61 0.423000 
-0.650000  -1.330000  62 0.423000 
-0.810000  -1.470000  63 0.423000 
-0.845000  -1.590000  64 0.423000 
-0.870000  -1.680000  65 0.423000 
-0.800000  -1.450000  66 0.423000 
-0.750000  -1.380000  67 0.423000 
-0.590000  -1.220000  68 0.423000 
-0.595000  -1.390000  69 0.423000 
-0.190000  -1.170000  70 0.423000 
0.660000  -1.300000  71 0.423000 
0.520000  -1.260000  72 0.423000 
-0.750000  -1.530000  73 0.423000 
-0.175000  -1.280000  74 0.423000 
0.640000  -1.260000  75 0.423000 
0.840000  -1.520000  76 0.423000 
0.765000  -1.380000  77 0.423000 
0.755000  -1.490000  78 0.423000 
0.550000  -1.310000  79 0.423000 
-0.165000  -1.200000  80 0.423000 
-0.345000  -1.080000  81 0.423000 
-0.570000  -1.220000  82 0.423000 
-0.820000  -1.490000  83 0.423000 
-0.570000  -1.300000  84 0.423000 
-0.735000  -1.430000  85 0.423000 
-0.515000  -1.310000  86 0.423000 
-0.460000  -1.310000  87 0.423000 
-0.400000  -1.010000  88 0.423000 
-0.400000  -1.380000  89 0.423000 
-0.710000  -1.410000  90 0.423000 
-0.625000  -1.220000  91 0.423000 
-0.775000  -1.400000  92 0.423000 
-0.540000  -1.240000  93 0.423000 
-0.265000  -1.170000  94 0.423000 
-0.680000  -1.460000  95 0.423000 
-0.660000  -1.320000  96 0.423000 
0.185000  -1.270000  97 0.423000 
0.870000  -1.680000  98 0.423000 
0.355000  -1.140000  99 0.423000 
0.390000  -1.130000  100 0.423000 
0.720000  -1.420000  101 0.423000 
0.475000  -1.260000  102 0.423000 
0.395000  -1.180000  103 0.423000 
0.470000  -1.220000  104 0.423000 
0.275000  -1.040000  105 0.423000 
0.595000  -1.410000  106 0.423000 
0.465000  -1.090000  107 0.423000 
0.195000  -1.280000  108 0.423000 
0.510000  -1.150000  109 0.423000 
0.755000  -1.450000  110 0.423000 
0.570000  -1.210000  111 0.423000 
0.750000  -1.380000  112 0.423000 
0.525000  -1.200000  113 0.423000 
0.735000  -1.350000  114 0.423000 
0.880000  -1.690000  115 0.423000 
0.260000  -1.090000  116 0.423000 
-0.125000  -1.280000  117 0.423000 
-0.390000  -1.140000  118 0.423000 
-0.350000  -1.070000  119 0.423000 
-0.750000  -1.360000  120 0.423000 
-0.045000  -1.270000  121 0.423000 
-0.650000  -1.210000  122 0.423000 
-0.630000  -1.180000  123 0.423000 
-0.595000  -1.300000  124 0.423000 
-0.410000  -1.310000  125 0.423000 
-0.165000  -0.980000  126 0.423000 
0.020000  -1.220000  127 0.423000 
-0.060000  -1.150000  128 0.423000 
0.175000  -1.240000  129 0.423000 
0.480000  -1.330000  130 0.423000 
-0.125000  -1.170000  131 0.423000 
0.185000  -1.110000  132 0.423000 
-0.680000  -1.340000  133 0.423000 
0.370000  -1.230000  134 0.423000 
0.505000  -1.370000  135 0.423000 
0.720000  -1.370000  136 0.423000 
0.450000  -1.160000  137 0.423000 
0.455000  -1.020000  138 0.423000 
0.800000  -1.450000  139 0.423000 
0.845000  -1.580000  140 0.423000 
0.765000  -1.400000  141 0.423000 
0.575000  -1.290000  142 0.423000 
0.340000  -1.220000  143 0.423000 
-0.125000  -1.050000  144 0.423000 
-0.490000  -1.300000  145 0.423000 
-0.535000  -1.180000  146 0.423000 
-0.345000  -1.120000  147 0.423000 
-0.065000  -1.090000  148 0.423000 
-0.195000  -1.150000  149 0.423000 
0.120000  -1.220000  150 0.423000 
0.035000  -1.150000  151 0.423000 
0.585000  -1.410000  152 0.423000 
-0.375000  -1.100000  153 0.423000 
-0.695000  -1.380000  154 0.423000 
-0.705000  -1.320000  155 0.423000 
-0.480000  -1.300000  156 0.423000 
-0.145000  -1.170000  157 0.423000 
-0.210000  -1.170000  158 0.423000 
0.765000  -1.450000  159 0.423000 
0.835000  -1.600000  160 0.423000 
0.550000  -1.290000  161 0.423000 
0.645000  -1.320000  162 0.423000 
0.705000  -1.400000  163 0.423000 
0.240000  -1.060000  164 0.423000 
-0.685000  -1.380000  165 0.423000 
-0.370000  -1.170000  166 0.423000 
-0.775000  -1.430000  167 0.423000 
-0.085000  -1.180000  168 0.423000 
0.250000  -1.210000  169 0.423000 
0.715000  -1.370000  170 0.423000 
0.145000  -1.380000  171 0.423000 
0.340000  -1.180000  172 0.423000 
0.540000  -1.210000  173 0.423000 
0.570000  -1.360000  174 0.423000 
0.615000  -1.250000  175 0.423000 
0.230000  -1.020000  176 0.423000 
0.655000  -1.230000  177 0.423000 
0.585000  -1.290000  178 0.423000 
0.035000  -1.160000  179 0.423000 
0.820000  -1.500000  180 0.423000 
-0.430000  -1.330000  181 0.423000 
-0.830000  -1.530000  182 0.423000 
-0.520000  -1.340000  183 0.423000 
-0.685000  -1.280000  184 0.423000 
-0.755000  -1.440000  185 0.423000 
-0.850000  -1.580000  186 0.423000 
-0.390000  -1.440000  187 0.423000 
0.265000  -1.110000  188 0.423000 
0.535000  -1.210000  189 0.423000 
0.545000  -1.170000  190 0.423000 
0.780000  -1.440000  191 0.423000 
0.460000  -1.250000  192 0.423000 
0.310000  -1.060000  193 0.423000 
0.675000  -1.460000  194 0.423000 
0.700000  -1.370000  195 0.423000 
0.535000  -1.290000  196 0.423000 
0.550000  -1.210000  197 0.423000 
0.590000  -1.200000  198 0.423000 
0.440000  -1.320000  199 0.423000 
0.235000  -1.060000  200 0.423000 
0.650000  -1.330000  201 0.423000 
0.510000  -1.190000  202 0.423000 
0.695000  -1.510000  203 0.423000 
-0.065000  -1.350000  204 0.423000 
-0.235000  -1.220000  205 0.423000 
-0.615000  -1.240000  206 0.423000 
-0.715000  -1.460000  207 0.423000 
-0.595000  -1.280000  208 0.423000 
-0.485000  -1.350000  209 0.423000 
-0.790000  -1.420000  210 0.423000 
-0.185000  -1.070000  211 0.423000 
-0.200000  -1.330000  212 0.423000 
-0.525000  -1.190000  213 0.423000 
-0.160000  -1.120000  214 0.423000 
-0.705000  -1.350000  215 0.423000 
-0.605000  -1.270000  216 0.423000 
-0.415000  -1.170000  217 0.423000 
0.635000  -1.320000  218 0.423000 
0.270000  -1.300000  219 0.423000 
0.590000  -1.440000  220 0.423000 
0.695000  -1.390000  221 0.423000 
0.670000  -1.310000  222 0.423000 
0.860000  -1.560000  223 0.423000 
0.600000  -1.300000  224 0.423000 
0.560000  -1.190000  225 0.423000 
-0.085000  -1.400000  226 0.423000 
-0.325000  -1.070000  227 0.423000 
0.170000  -1.220000  228 0.423000 
0.820000  -1.480000  229 0.423000 
0.235000  -1.240000  230 0.423000 
0.590000  -1.230000  231 0.423000 
0.475000  -1.100000  232 0.423000 
0.825000  -1.450000  233 0.423000 
0.500000  -1.300000  234 0.423000 
0.810000  -1.450000  235 0.423000 
0.230000  -1.220000  236 0.423000 
0.240000  -1.340000  237 0.423000 
0.725000  -1.470000  238 0.423000 
0.430000  -1.070000  239 0.423000 
-0.010000  -1.080000  240 0.423000 
-0.750000  -1.470000  241 0.423000 
-0.600000  -1.140000  242 0.423000 
-0.755000  -1.420000  243 0.423000 
-0.695000  -1.450000  244 0.423000 
-0.690000  -1.410000  245 0.423000 
-0.300000  -1.100000  246 0.423000 
-0.360000  -1.270000  247 0.423000 
-0.065000  -1.070000  248 0.423000 
0.055000  -1.190000  249 0.423000 
0.590000  -1.410000  250 0.423000 
0.250000  -1.170000  251 0.423000 
-0.005000  -1.070000  252 0.423000 
-0.740000  -1.460000  253 0.423000 
-0.725000  -1.460000  254 0.423000 
0.475000  -1.100000  255 0.423000 
0.865000  -1.620000  256 0.423000 
0.745000  -1.440000  257 0.423000 
0.715000  -1.330000  258 0.423000 
0.255000  -1.150000  259 0.423000 
0.130000  -1.170000  260 0.423000 
0.155000  -1.360000  261 0.423000 
-0.805000  -1.480000  262 0.423000 
-0.625000  -1.330000  263 0.423000 
-0.520000  -1.290000  264 0.423000 
-0.325000  -1.200000  265 0.423000 
-0.455000  -1.340000  266 0.423000 
-0.415000  -1.190000  267 0.423000 
-0.755000  -1.440000  268 0.423000 
-0.595000  -1.270000  269 0.423000 
-0.695000  -1.450000  270 0.423000 
-0.540000  -1.190000  271 0.423000 
-0.295000  -1.150000  272 0.423000 
0.020000  -1.250000  273 0.423000 
-0.065000  -1.120000  274 0.423000 
0.545000  -1.100000  275 0.423000 
0.645000  -1.410000  276 0.423000 
-0.110000  -1.250000  277 0.423000 
0.405000  -1.410000  278 0.423000 
0.515000  -1.260000  279 0.423000 
0.005000  -1.270000  280 0.423000 
-0.200000  -1.050000  281 0.423000 
0.760000  -1.350000  282 0.423000 
0.710000  -1.290000  283 0.423000 
0.305000  -1.270000  284 0.423000 
0.475000  -1.200000  285 0.423000 
0.635000  -1.400000  286 0.423000 
0.760000  -1.360000  287 0.423000 
0.765000  -1.500000  288 0.423000 
0.350000  -1.160000  289 0.423000 
-0.555000  -1.320000  290 0.423000 
0.695000  -1.430000  291 0.423000 
-0.300000  -0.970000  292 0.423000 
-0.550000  -1.090000  293 0.423000 
-0.565000  -1.300000  294 0.423000 
-0.845000  -1.580000  295 0.423000 
-0.480000  -1.290000  296 0.423000 
-0.190000  -1.280000  297 0.423000 
-0.785000  -1.470000  298 0.423000 
-0.675000  -1.390000  299 0.423000 
-0.535000  -1.090000  300 0.423000 
-0.705000  -1.270000  301 0.423000 
-0.415000  -1.170000  302 0.423000 
-0.535000  -1.300000  303 0.423000 
-0.630000  -1.360000  304 0.423000 
-0.350000  -1.220000  305 0.423000 
-0.650000  -1.230000  306 0.423000 
-0.810000  -1.610000  307 0.423000 
-0.430000  -1.310000  308 0.423000 
-0.615000  -1.280000  309 0.423000 
-0.650000  -1.240000  310 0.423000 
-0.175000  -1.140000  311 0.423000 
-0.460000  -1.250000  312 0.423000 
-0.320000  -1.180000  313 0.423000 
0.290000  -1.110000  314 0.423000 
-0.255000  -1.280000  315 0.423000 
-0.145000  -1.060000  316 0.423000 
-0.515000  -1.320000  317 0.423000 
-0.170000  -1.240000  318 0.423000 
0.375000  -1.180000  319 0.423000 
-0.155000  -1.090000  320 0.423000 
-0.230000  -1.270000  321 0.423000 
0.025000  -1.190000  322 0.423000 
0.635000  -1.340000  323 0.423000 
0.535000  -1.380000  324 0.423000 
-0.030000  -1.190000  325 0.423000 
-0.465000  -1.340000  326 0.423000 
0.705000  -1.400000  327 0.423000 
0.475000  -1.230000  328 0.423000 
0.785000  -1.500000  329 0.423000 
0.615000  -1.180000  330 0.423000 
0.060000  -1.240000  331 0.423000 
0.735000  -1.410000  332 0.423000 
0.755000  -1.280000  333 0.423000 
0.820000  -1.530000  334 0.423000 
0.780000  -1.390000  335 0.423000 
0.600000  -1.260000  336 0.423000 
0.120000  -1.100000  337 0.423000 
-0.625000  -1.340000  338 0.423000 
-0.710000  -1.390000  339 0.423000 
-0.100000  -0.950000  340 0.423000 
0.465000  -1.270000  341 0.423000 
0.455000  -1.150000  342 0.423000 
0.590000  -1.440000  343 0.423000 
0.700000  -1.360000  344 0.423000 
0.325000  -1.450000  345 0.423000 
-0.760000  -1.460000  346 0.423000 
-0.730000  -1.410000  347 0.423000 
-0.565000  -1.370000  348 0.423000 
-0.625000  -1.460000  349 0.423000 
-0.470000  -1.270000  350 0.423000 
-0.420000  -1.160000  351 0.423000 
-0.640000  -1.290000  352 0.423000 
-0.910000  -1.710000  353 0.423000 
-0.900000  -1.690000  354 0.423000 
-0.690000  -1.420000  355 0.423000 
-0.635000  -1.180000  356 0.423000 
-0.715000  -1.390000  357 0.423000 
-0.585000  -1.180000  358 0.423000 
-0.810000  -1.470000  359 0.423000 
-0.785000  -1.470000  360 0.423000 
-0.530000  -1.450000  361 0.423000 
-0.290000  -1.310000  362 0.423000 
-0.795000  -1.520000  363 0.423000 
-0.505000  -1.260000  364 0.423000 
-0.655000  -1.400000  365 0.423000 
-0.435000  -1.240000  366 0.423000 
-0.525000  -1.340000  367 0.423000 
-0.030000  -1.350000  368 0.423000 
0.145000  -1.280000  369 0.423000 
-0.250000  -1.160000  370 0.423000 
0.525000  -1.150000  371 0.423000 
0.715000  -1.570000  372 0.423000 
0.035000  -1.120000  373 0.423000 
-0.440000  -1.260000  374 0.423000 
-0.660000  -1.290000  375 0.423000 
-0.435000  -1.230000  376 0.423000 
-0.660000  -1.330000  377 0.423000 
0.110000  -1.220000  378 0.423000 
0.045000  -1.190000  379 0.423000 
-0.525000  -1.330000  380 0.423000 
-0.485000  -1.090000  381 0.423000 
-0.395000  -1.350000  382 0.423000 
0.115000  -0.970000  383 0.423000 
0.860000  -1.580000  384 0.423000 
0.620000  -1.350000  385 0.423000 
0.850000  -1.550000  386 0.423000 
0.785000  -1.480000  387 0.423000 
0.665000  -1.270000  388 0.423000 
0.790000  -1.570000  389 0.423000 
0.695000  -1.330000  390 0.423000 
0.340000  -1.310000  391 0.423000 
0.360000  -1.180000  392 0.423000 
0.735000  -1.440000  393 0.423000 
0.430000  -1.260000  394 0.423000 
-0.460000  -1.370000  395 0.423000 
-0.705000  -1.400000  396 0.423000 
-0.710000  -1.360000  397 0.423000 
-0.550000  -1.240000  398 0.423000 
-0.275000  -1.210000  399 0.423000 
-0.670000  -1.300000  400 0.423000 
-0.850000  -1.550000  401 0.423000 
-0.400000  -1.230000  402 0.423000 
-0.555000  -1.300000  403 0.423000 
-0.570000  -1.250000  404 0.423000 
-0.150000  -1.200000  405 0.423000 
-0.115000  -1.100000  406 0.423000 
-0.580000  -1.360000  407 0.423000 
-0.370000  -1.070000  408 0.423000 
-0.220000  -1.240000  409 0.423000 
-0.080000  -1.220000  410 0.423000 
-0.565000  -1.240000  411 0.423000 
0.285000  -1.000000  412 0.423000 
-0.345000  -1.170000  413 0.423000 
0.195000  -1.180000  414 0.423000 
0.140000  -1.310000  415 0.423000 
0.560000  -1.320000  416 0.423000 
0.540000  -1.310000  417 0.423000 
0.845000  -1.660000  418 0.423000 
0.605000  -1.220000  419 0.423000 
0.535000  -1.300000  420 0.423000 
0.800000  -1.460000  421 0.423000 
0.715000  -1.390000  422 0.423000 
0.870000  -1.550000  423 0.423000 
0.400000  -0.970000  424 0.423000 
0.700000  -1.500000  425 0.423000 
0.225000  -1.090000  426 0.423000 
0.475000  -1.380000  427 0.423000 
0.480000  -1.170000  428 0.423000 
0.535000  -1.220000  429 0.423000 
-0.760000  -1.420000  430 0.423000 
-0.710000  -1.400000  431 0.423000 
-0.665000  -1.380000  432 0.423000 
-0.470000  -1.290000  433 0.423000 
-0.820000  -1.500000  434 0.423000 
-0.905000  -1.700000  435 0.423000 
-0.265000  -1.250000  436 0.423000 
0.700000  -1.430000  437 0.423000 
0.360000  -1.230000  438 0.423000 
0.165000  -1.030000  439 0.423000 
-0.705000  -1.380000  440 0.423000 
-0.720000  -1.350000  441 0.423000 
-0.270000  -1.390000  442 0.423000 
0.565000  -1.280000  443 0.423000 
0.895000  -1.660000  444 0.423000 
0.765000  -1.420000  445 0.423000 
0.855000  -1.560000  446 0.423000 
0.760000  -1.400000  447 0.423000 
0.655000  -1.310000  448 0.423000 
0.610000  -1.310000  449 0.423000 
0.745000  -1.580000  450 0.423000 
0.790000  -1.400000  451 0.423000 
0.740000  -1.370000  452 0.423000 
0.755000  -1.460000  453 0.423000 
-0.150000  -1.120000  454 0.423000 
0.120000  -1.170000  455 0.423000 
0.380000  -1.170000  456 0.423000 
0.575000  -1.390000  457 0.423000 
-0.030000  -1.090000  458 0.423000 
-0.710000  -1.320000  459 0.423000 
-0.275000  -1.200000  460 0.423000 
-0.605000  -1.280000  461 0.423000 
-0.360000  -1.110000  462 0.423000 
0.130000  -1.210000  463 0.423000 
0.610000  -1.200000  464 0.423000 
0.850000  -1.600000  465 0.423000 
0.680000  -1.420000  466 0.423000 
0.630000  -1.380000  467 0.423000 
0.390000  -1.140000  468 0.423000 
0.630000  -1.300000  469 0.423000 
0.500000  -1.330000  470 0.423000 
0.630000  -1.280000  471 0.423000 
0.280000  -1.380000  472 0.423000 
0.660000  -1.380000  473 0.423000 
0.435000  -1.210000  474 0.423000 
0.805000  -1.410000  475 0.423000 
0.585000  -1.200000  476 0.423000 
0.630000  -1.250000  477 0.423000 
0.520000  -0.990000  478 0.423000 
0.750000  -1.430000  479 0.423000 
0.515000  -1.230000  480 0.423000 
0.670000  -1.360000  481 0.423000 
0.450000  -1.230000  482 0.423000 
-0.170000  -0.950000  483 0.423000 
-0.065000  -1.250000  484 0.423000 
-0.200000  -1.090000  485 0.423000 
0.115000  -1.110000  486 0.423000 
0.390000  -1.160000  487 0.423000 
0.460000  -1.190000  488 0.423000 
0.705000  -1.480000  489 0.423000 
0.715000  -1.370000  490 0.423000 
0.730000  -1.450000  491 0.423000 
0.760000  -1.370000  492 0.423000 
0.745000  -1.540000  493 0.423000 
0.830000  -1.540000  494 0.423000 
-0.080000  -1.210000  495 0.423000 
-0.350000  -1.120000  496 0.423000 
-0.120000  -1.240000  497 0.423000 
-0.115000  -1.030000  498 0.423000 
-0.425000  -1.360000  499 0.423000 
-0.490000  -1.250000  500 0.423000 
-0.665000  -1.370000  501 0.423000 
-0.665000  -1.480000  502 0.423000 
-0.875000  -1.650000  503 0.423000 
-0.720000  -1.320000  504 0.423000 
-0.445000  -1.070000  505 0.423000 
-0.720000  -1.400000  506 0.423000 
-0.190000  -1.060000  507 0.423000 
-0.600000  -1.350000  508 0.423000 
-0.395000  -1.210000  509 0.423000 
-0.460000  -1.360000  510 0.423000 
-0.165000  -1.100000  511 0.423000 
-0.325000  -1.230000  512 0.423000 
0.265000  -1.280000  513 0.423000 
-0.690000  -1.320000  514 0.423000 
-0.495000  -1.290000  515 0.423000 
0.665000  -1.430000  516 0.423000 
0.165000  -1.270000  517 0.423000 
-0.315000  -1.130000  518 0.423000 
-0.670000  -1.350000  519 0.423000 
-0.110000  -1.230000  520 0.423000 
0.325000  -1.230000  521 0.423000 
0.700000  -1.250000  522 0.423000 
0.595000  -1.340000  523 0.423000 
0.675000  -1.400000  524 0.423000 
-0.095000  -1.170000  525 0.423000 
0.555000  -1.230000  526 0.423000 
0.230000  -1.040000  527 0.423000 
-0.020000  -1.150000  528 0.423000 
-0.095000  -1.270000  529 0.423000 
0.410000  -1.290000  530 0.423000 
0.615000  -1.210000  531 0.423000 
0.695000  -1.210000  532 0.423000 
0.585000  -1.140000  533 0.423000 
0.575000  -1.470000  534 0.423000 
-0.115000  -1.000000  535 0.423000 
0.005000  -1.080000  536 0.423000 
0.485000  -1.390000  537 0.423000 
-0.135000  -1.380000  538 0.423000 
-0.675000  -1.330000  539 0.423000 
-0.550000  -1.450000  540 0.423000 
-0.280000  -1.110000  541 0.423000 
-0.115000  -1.180000  542 0.423000 
-0.605000  -1.270000  543 0.423000 
-0.620000  -1.180000  544 0.423000 
-0.720000  -1.430000  545 0.423000 
-0.625000  -1.250000  546 0.423000 
-0.615000  -1.340000  547 0.423000 
-0.650000  -1.420000  548 0.423000 
-0.770000  -1.490000  549 0.423000 
-0.575000  -1.250000  550 0.423000 
-0.790000  -1.470000  551 0.423000 
-0.255000  -1.180000  552 0.423000 
-0.165000  -1.100000  553 0.423000 
-0.475000  -1.160000  554 0.423000 
-0.245000  -1.180000  555 0.423000 
-0.255000  -1.080000  556 0.423000 
-0.545000  -1.430000  557 0.423000 
-0.635000  -1.400000  558 0.423000 
-0.650000  -1.230000  559 0.423000 
-0.605000  -1.290000  560 0.423000 
-0.550000  -1.170000  561 0.423000 
-0.760000  -1.480000  562 0.423000 
-0.735000  -1.340000  563 0.423000 
-0.435000  -1.240000  564 0.423000 
-0.740000  -1.400000  565 0.423000 
-0.360000  -1.220000  566 0.423000 
-0.750000  -1.500000  567 0.423000 
-0.560000  -1.260000  568 0.423000 
-0.840000  -1.530000  569 0.423000 
-0.580000  -1.350000  570 0.423000 
-0.495000  -1.040000  571 0.423000 
-0.275000  -1.280000  572 0.423000 
-0.630000  -1.380000  573 0.423000 
-0.370000  -1.140000  574 0.423000 
-0.465000  -1.120000  575 0.423000 
-0.515000  -1.110000  576 0.423000 
-0.365000  -1.180000  577 0.423000 
0.130000  -1.090000  578 0.423000 
0.855000  -1.620000  579 0.423000 
0.885000  -1.630000  580 0.423000 
0.155000  -1.210000  581 0.423000 
0.370000  -1.160000  582 0.423000 
0.435000  -1.160000  583 0.423000 
-0.565000  -1.130000  584 0.423000 
0.360000  -1.110000  585 0.423000 
0.775000  -1.450000  586 0.423000 
0.830000  -1.520000  587 0.423000 
0.630000  -1.270000  588 0.423000 
0.750000  -1.380000  589 0.423000 
0.745000  -1.560000  590 0.423000 
0.560000  -1.270000  591 0.423000 
0.475000  -1.140000  592 0.423000 
0.735000  -1.420000  593 0.423000 
0.690000  -1.370000  594 0.423000 
0.685000  -1.430000  595 0.423000 
0.045000  -1.070000  596 0.423000 
-0.245000  -1.090000  597 0.423000 
-0.740000  -1.450000  598 0.423000 
-0.760000  -1.350000  599 0.423000 
-0.635000  -1.280000  600 0.423000 
-0.350000  -1.050000  601 0.423000 
-0.675000  -1.330000  602 0.423000 
-0.715000  -1.440000  603 0.423000 
-0.875000  -1.700000  604 0.423000 
-0.420000  -1.150000  605 0.423000 
-0.325000  -1.200000  606 0.423000 
-0.770000  -1.520000  607 0.423000 
-0.720000  -1.420000  608 0.423000 
-0.840000  -1.570000  609 0.423000 
-0.600000  -1.370000  610 0.423000 
-0.710000  -1.370000  611 0.423000 
-0.380000  -1.280000  612 0.423000 
-0.050000  -1.070000  613 0.423000 
-0.140000  -1.130000  614 0.423000 
0.270000  -1.220000  615 0.423000 
0.365000  -1.300000  616 0.423000 
0.640000  -1.230000  617 0.423000 
0.670000  -1.380000  618 0.423000 
0.720000  -1.490000  619 0.423000 
0.395000  -1.310000  620 0.423000 
0.605000  -1.380000  621 0.423000 
0.685000  -1.530000  622 0.423000 
0.635000  -1.380000  623 0.423000 
0.710000  -1.410000  624 0.423000 
0.555000  -1.310000  625 0.423000 
0.570000  -1.380000  626 0.423000 
0.840000  -1.510000  627 0.423000 
0.635000  -1.200000  628 0.423000 
0.625000  -1.430000  629 0.423000 
0.800000  -1.510000  630 0.423000 
0.755000  -1.470000  631 0.423000 
0.510000  -1.260000  632 0.423000 
0.675000  -1.370000  633 0.423000 
0.760000  -1.430000  634 0.423000 
0.585000  -1.240000  635 0.423000 
0.490000  -1.310000  636 0.423000 
0.645000  -1.340000  637 0.423000 
0.295000  -1.390000  638 0.423000 
-0.480000  -1.100000  639 0.423000 
-0.740000  -1.440000  640 0.423000 
-0.795000  -1.440000  641 0.423000 
0.840000  -1.530000  642 0.423000 
0.730000  -1.420000  643 0.423000 
0.580000  -1.300000  644 0.423000 
0.545000  -1.370000  645 0.423000 
0.610000  -1.240000  646 0.423000 
0.430000  -1.070000  647 0.423000 
0.060000  -1.070000  648 0.423000 
-0.520000  -1.270000  649 0.423000 
-0.430000  -1.340000  650 0.423000 
-0.650000  -1.470000  651 0.423000 
-0.545000  -1.270000  652 0.423000 
-0.030000  -1.080000  653 0.423000 
-0.745000  -1.470000  654 0.423000 
-0.135000  -0.930000  655 0.423000 
-0.700000  -1.400000  656 0.423000 
-0.790000  -1.440000  657 0.423000 
-0.215000  -1.280000  658 0.423000 
-0.475000  -1.090000  659 0.423000 
-0.215000  -1.190000  660 0.423000 
-0.095000  -1.200000  661 0.423000 
-0.320000  -1.330000  662 0.423000 
-0.860000  -1.660000  663 0.423000 
-0.705000  -1.340000  664 0.423000 
-0.385000  -1.210000  665 0.423000 
0.330000  -1.180000  666 0.423000 
0.375000  -1.270000  667 0.423000 
-0.030000  -1.280000  668 0.423000 
0.690000  -1.300000  669 0.423000 
0.675000  -1.400000  670 0.423000 
0.175000  -0.960000  671 0.423000 
0.330000  -1.060000  672 0.423000 
0.670000  -1.270000  673 0.423000 
0.670000  -1.320000  674 0.423000 
0.615000  -1.280000  675 0.423000 
0.435000  -1.240000  676 0.423000 
0.760000  -1.400000  677 0.423000 
0.630000  -1.260000  678 0.423000 
0.325000  -1.060000  679 0.423000 
0.750000  -1.370000  680 0.423000 
0.405000  -1.290000  681 0.423000 
0.750000  -1.410000  682 0.423000 
0.635000  -1.240000  683 0.423000 
0.820000  -1.510000  684 0.423000 
0.055000  -1.210000  685 0.423000 
0.180000  -1.120000  686 0.423000 
-0.080000  -1.130000  687 0.423000 
-0.135000  -1.340000  688 0.423000 
-0.515000  -1.190000  689 0.423000 
-0.470000  -1.080000  690 0.423000 
-0.725000  -1.550000  691 0.423000 
-0.485000  -1.320000  692 0.423000 
-0.450000  -1.280000  693 0.423000 
-0.500000  -1.200000  694 0.423000 
-0.700000  -1.450000  695 0.423000 
-0.255000  -1.100000  696 0.423000 
0.135000  -1.270000  697 0.423000 
0.405000  -1.140000  698 0.423000 
-0.365000  -1.330000  699 0.423000 
0.000000  -1.020000  700 0.423000 
0.205000  -1.300000  701 0.423000 
0.470000  -1.030000  702 0.423000 
0.560000  -1.180000  703 0.423000 
0.655000  -1.260000  704 0.423000 
0.280000  -1.190000  705 0.423000 
0.565000  -1.160000  706 0.423000 
0.745000  -1.350000  707 0.423000 
-0.725000  -1.410000  708 0.423000 
-0.475000  -1.330000  709 0.423000 
-0.250000  -1.220000  710 0.423000 
-0.735000  -1.470000  711 0.423000 
-0.545000  -1.330000  712 0.423000 
-0.175000  -1.190000  713 0.423000 
-0.430000  -1.220000  714 0.423000 
0.135000  -1.020000  715 0.423000 
0.315000  -0.890000  716 0.423000 
0.400000  -1.330000  717 0.423000 
-0.295000  -1.110000  718 0.423000 
-0.570000  -1.280000  719 0.423000 
-0.670000  -1.400000  720 0.423000 
-0.595000  -1.330000  721 0.423000 
-0.290000  -1.160000  722 0.423000 
-0.675000  -1.360000  723 0.423000 
-0.190000  -1.180000  724 0.423000 
-0.280000  -1.240000  725 0.423000 
-0.530000  -1.270000  726 0.423000 
-0.130000  -1.180000  727 0.423000 
0.050000  -1.410000  728 0.423000 
0.675000  -1.380000  729 0.423000 
0.655000  -1.420000  730 0.423000 
0.795000  -1.470000  731 0.423000 
0.720000  -1.420000  732 0.423000 
0.590000  -1.340000  733 0.423000 
0.580000  -1.150000  734 0.423000 
0.765000  -1.510000  735 0.423000 
0.655000  -1.190000  736 0.423000 
0.755000  -1.390000  737 0.423000 
0.450000  -1.200000  738 0.423000 
0.720000  -1.340000  739 0.423000 
0.650000  -1.290000  740 0.423000 
0.500000  -1.090000  741 0.423000 
0.285000  -1.110000  742 0.423000 
0.625000  -1.340000  743 0.423000 
0.590000  -1.300000  744 0.423000 
0.725000  -1.460000  745 0.423000 
0.330000  -1.180000  746 0.423000 
0.565000  -1.280000  747 0.423000 
0.380000  -1.210000  748 0.423000 
0.505000  -1.240000  749 0.423000 
0.845000  -1.520000  750 0.423000 
0.475000  -1.030000  751 0.423000 
0.490000  -1.310000  752 0.423000 
0.385000  -1.280000  753 0.423000 
0.765000  -1.350000  754 0.423000 
0.465000  -1.130000  755 0.423000 
0.650000  -1.300000  756 0.423000 
0.480000  -1.060000  757 0.423000 
-0.475000  -1.230000  758 0.423000 
-0.670000  -1.250000  759 0.423000 
-0.475000  -1.250000  760 0.423000 
-0.575000  -1.260000  761 0.423000 
-0.420000  -1.200000  762 0.423000 
-0.625000  -1.230000  763 0.423000 
-0.485000  -1.070000  764 0.423000 
-0.665000  -1.280000  765 0.423000 
-0.785000  -1.440000  766 0.423000 
-0.800000  -1.490000  767 0.423000 
-0.640000  -1.320000  768 0.423000 
-0.500000  -1.240000  769 0.423000 
-0.585000  -1.260000  770 0.423000 
-0.555000  -1.380000  771 0.423000 
0.225000  -1.120000  772 0.423000 
0.525000  -1.330000  773 0.423000 
0.685000  -1.200000  774 0.423000 
0.455000  -1.260000  775 0.423000 
0.245000  -1.100000  776 0.423000 
0.685000  -1.250000  777 0.423000 
0.690000  -1.420000  778 0.423000 
-0.260000  -1.220000  779 0.423000 
-0.640000  -1.400000  780 0.423000 
-0.280000  -1.220000  781 0.423000 
-0.495000  -1.280000  782 0.423000 
-0.510000  -1.220000  783 0.423000 
-0.630000  -1.330000  784 0.423000 
-0.825000  -1.530000  785 0.423000 
-0.725000  -1.600000  786 0.423000 
-0.775000  -1.420000  787 0.423000 
-0.890000  -1.670000  788 0.423000 
-0.660000  -1.240000  789 0.423000 
-0.285000  -1.000000  790 0.423000 
-0.680000  -1.480000  791 0.423000 
-0.730000  -1.400000  792 0.423000 
-0.770000  -1.380000  793 0.423000 
-0.655000  -1.330000  794 0.423000 
-0.525000  -1.170000  795 0.423000 
-0.220000  -1.160000  796 0.423000 
-0.535000  -1.350000  797 0.423000 
-0.135000  -1.170000  798 0.423000 
0.350000  -1.280000  799 0.423000 
0.255000  -1.220000  800 0.423000 
0.010000  -1.060000  801 0.423000 
0.800000  -1.360000  802 0.423000 
0.605000  -1.280000  803 0.423000 
0.815000  -1.640000  804 0.423000 
-0.655000  -1.340000  805 0.423000 
-0.400000  -1.290000  806 0.423000 
-0.595000  -1.230000  807 0.423000 
0.020000  -1.180000  808 0.423000 
-0.140000  -1.190000  809 0.423000 
-0.605000  -1.210000  810 0.423000 
-0.285000  -1.150000  811 0.423000 
-0.825000  -1.570000  812 0.423000 
-0.605000  -1.320000  813 0.423000 
-0.775000  -1.430000  814 0.423000 
-0.560000  -1.160000  815 0.423000 
-0.600000  -1.400000  816 0.423000 
-0.325000  -1.000000  817 0.423000 
-0.580000  -1.190000  818 0.423000 
-0.340000  -1.180000  819 0.423000 
-0.225000  -1.170000  820 0.423000 
-0.250000  -1.210000  821 0.423000 
-0.245000  -1.240000  822 0.423000 
-0.880000  -1.640000  823 0.423000 
-0.765000  -1.460000  824 0.423000 
-0.820000  -1.520000  825 0.423000 
-0.205000  -1.190000  826 0.423000 
-0.665000  -1.370000  827 0.423000 
0.300000  -0.960000  828 0.423000 
-0.185000  -1.180000  829 0.423000 
-0.355000  -1.200000  830 0.423000 
-0.610000  -1.320000  831 0.423000 
0.190000  -1.100000  832 0.423000 
0.695000  -1.420000  833 0.423000 
0.755000  -1.400000  834 0.423000 
0.525000  -1.280000  835 0.423000 
0.510000  -1.310000  836 0.423000 
0.820000  -1.560000  837 0.423000 
0.875000  -1.600000  838 0.423000 
0.565000  -1.250000  839 0.423000 
0.585000  -1.290000  840 0.423000 
0.090000  -1.110000  841 0.423000 
0.530000  -1.290000  842 0.423000 
0.265000  -1.090000  843 0.423000 
-0.125000  -1.160000  844 0.423000 
-0.450000  -1.070000  845 0.423000 
-0.530000  -1.220000  846 0.423000 
-0.720000  -1.420000  847 0.423000 
-0.725000  -1.430000  848 0.423000 
-0.695000  -1.390000  849 0.423000 
-0.565000  -1.340000  850 0.423000 
-0.690000  -1.380000  851 0.423000 
-0.805000  -1.440000  852 0.423000 
-0.580000  -1.230000  853 0.423000 
-0.700000  -1.490000  854 0.423000 
-0.310000  -1.230000  855 0.423000 
-0.835000  -1.540000  856 0.423000 
-0.675000  -1.250000  857 0.423000 
-0.245000  -1.290000  858 0.423000 
0.080000  -1.100000  859 0.423000 
0.525000  -1.330000  860 0.423000 
0.360000  -1.120000  861 0.423000 
0.840000  -1.540000  862 0.423000 
0.255000  -1.190000  863 0.423000 
0.355000  -1.200000  864 0.423000 
0.670000  -1.330000  865 0.423000 
-0.090000  -0.900000  866 0.423000 
-0.685000  -1.350000  867 0.423000 
-0.885000  -1.650000  868 0.423000 
-0.780000  -1.480000  869 0.423000 
-0.425000  -1.240000  870 0.423000 
-0.710000  -1.360000  871 0.423000 
-0.755000  -1.430000  872 0.423000 
-0.610000  -1.330000  873 0.423000 
-0.815000  -1.580000  874 0.423000 
-0.675000  -1.210000  875 0.423000 
-0.580000  -1.340000  876 0.423000 
-0.200000  -1.200000  877 0.423000 
-0.430000  -1.300000  878 0.423000 
-0.590000  -1.300000  879 0.423000 
-0.285000  -1.260000  880 0.423000 
-0.620000  -1.150000  881 0.423000 
-0.190000  -1.060000  882 0.423000 
-0.825000  -1.450000  883 0.423000 
-0.710000  -1.360000  884 0.423000 
-0.635000  -1.290000  885 0.423000 
-0.680000  -1.280000  886 0.423000 
-0.840000  -1.560000  887 0.423000 
0.235000  -1.250000  888 0.423000 
-0.105000  -1.230000  889 0.423000 
0.735000  -1.390000  890 0.423000 
0.565000  -1.390000  891 0.423000 
0.745000  -1.520000  892 0.423000 
0.230000  -1.220000  893 0.423000 
-0.390000  -1.200000  894 0.423000 
0.505000  -1.250000  895 0.423000 
-0.065000  -1.040000  896 0.423000 
-0.485000  -1.330000  897 0.423000 
-0.345000  -0.990000  898 0.423000 
-0.310000  -1.180000  899 0.423000 
-0.700000  -1.310000  900 0.423000 
-0.570000  -1.250000  901 0.423000 
-0.745000  -1.390000  902 0.423000 
-0.720000  -1.530000  903 0.423000 
-0.330000  -1.120000  904 0.423000 
-0.630000  -1.360000  905 0.423000 
-0.445000  -1.170000  906 0.423000 
-0.090000  -1.170000  907 0.423000 
-0.025000  -1.020000  908 0.423000 
0.065000  -1.160000  909 0.423000 
0.440000  -1.210000  910 0.423000 
0.755000  -1.350000  911 0.423000 
0.730000  -1.430000  912 0.423000 
0.790000  -1.450000  913 0.423000 
0.820000  -1.530000  914 0.423000 
0.660000  -1.300000  915 0.423000 
0.285000  -1.310000  916 0.423000 
0.635000  -1.250000  917 0.423000 
0.650000  -1.140000  918 0.423000 
0.775000  -1.560000  919 0.423000 
0.700000  -1.420000  920 0.423000 
0.325000  -1.090000  921 0.423000 
0.770000  -1.340000  922 0.423000 
0.745000  -1.370000  923 0.423000 
0.610000  -1.290000  924 0.423000 
0.755000  -1.400000  925 0.423000 
0.540000  -1.340000  926 0.423000 
0.670000  -1.280000  927 0.423000 
0.725000  -1.320000  928 0.423000 
0.560000  -1.110000  929 0.423000 
0.570000  -1.220000  930 0.423000 
-0.155000  -1.190000  931 0.423000 
-0.140000  -1.110000  932 0.423000 
-0.415000  -1.160000  933 0.423000 
0.290000  -1.410000  934 0.423000 
0.765000  -1.430000  935 0.423000 
0.755000  -1.470000  936 0.423000 
0.390000  -1.060000  937 0.423000 
0.335000  -1.150000  938 0.423000 
0.040000  -1.270000  939 0.423000 
0.035000  -0.980000  940 0.423000 
-0.195000  -1.000000  941 0.423000 
-0.525000  -1.270000  942 0.423000 
-0.395000  -1.280000  943 0.423000 
-0.595000  -1.210000  944 0.423000 
-0.320000  -1.180000  945 0.423000 
-0.380000  -1.110000  946 0.423000 
-0.540000  -1.280000  947 0.423000 
-0.585000  -1.310000  948 0.423000 
-0.520000  -1.280000  949 0.423000 
-0.330000  -1.090000  950 0.423000 
-0.440000  -1.100000  951 0.423000 
0.415000  -1.270000  952 0.423000 
0.685000  -1.370000  953 0.423000 
0.715000  -1.380000  954 0.423000 
0.500000  -1.260000  955 0.423000 
0.135000  -1.160000  956 0.423000 
0.115000  -1.120000  957 0.423000 
0.040000  -1.110000  958 0.423000 
0.235000  -1.040000  959 0.423000 
-0.275000  -1.260000  960 0.423000 
-0.810000  -1.430000  961 0.423000 
-0.255000  -1.080000  962 0.423000 
-0.050000  -0.960000  963 0.423000 
0.190000  -1.320000  964 0.423000 
-0.505000  -1.220000  965 0.423000 
-0.695000  -1.440000  966 0.423000 
-0.725000  -1.410000  967 0.423000 
-0.605000  -1.230000  968 0.423000 
-0.270000  -1.140000  969 0.423000 
-0.115000  -1.110000  970 0.423000 
0.000000  -1.080000  971 0.423000 
0.390000  -1.290000  972 0.423000 
0.860000  -1.600000  973 0.423000 
0.600000  -1.330000  974 0.423000 
0.620000  -1.350000  975 0.423000 
0.710000  -1.400000  976 0.423000 
0.760000  -1.480000  977 0.423000 
0.500000  -1.260000  978 0.423000 
-0.040000  -1.210000  979 0.423000 
0.060000  -0.920000  980 0.423000 
-0.245000  -1.110000  981 0.423000 
0.600000  -1.390000  982 0.423000 
0.515000  -1.260000  983 0.423000 
0.075000  -1.000000  984 0.423000 
-0.670000  -1.430000  985 0.423000 
-0.815000  -1.590000  986 0.423000 
-0.780000  -1.560000  987 0.423000 
-0.655000  -1.200000  988 0.423000 
-0.270000  -1.130000  989 0.423000 
-0.690000  -1.410000  990 0.423000 
-0.780000  -1.490000  991 0.423000 
-0.860000  -1.550000  992 0.423000 
-0.745000  -1.390000  993 0.423000 
-0.600000  -1.270000  994 0.423000 
0.025000  -1.330000  995 0.423000 
0.640000  -1.290000  996 0.423000 
0.265000  -1.050000  997 0.423000 
-0.180000  -1.140000  998 0.423000 
0.795000  -1.430000  999 0.423000 
