0.185000  -1.150000  0 0.400000 
0.630000  -1.320000  1 0.400000 
0.005000  -0.950000  2 0.400000 
-0.375000  -1.150000  3 0.400000 
-0.555000  -1.230000  4 0.400000 
-0.360000  -1.070000  5 0.400000 
0.250000  -1.140000  6 0.400000 
-0.585000  -1.170000  7 0.400000 
-0.615000  -1.230000  8 0.400000 
-0.165000  -1.090000  9 0.400000 
-0.410000  -1.110000  10 0.400000 
0.120000  -1.030000  11 0.400000 
0.260000  -1.030000  12 0.400000 
0.510000  -1.190000  13 0.400000 
0.525000  -1.130000  14 0.400000 
0.050000  -1.150000  15 0.400000 
-0.030000  -1.050000  16 0.400000 
0.065000  -1.270000  17 0.400000 
0.020000  -1.050000  18 0.400000 
-0.405000  -1.050000  19 0.400000 
-0.795000  -1.480000  20 0.400000 
0.255000  -1.210000  21 0.400000 
0.435000  -1.210000  22 0.400000 
0.500000  -0.980000  23 0.400000 
0.600000  -1.260000  24 0.400000 
0.310000  -1.070000  25 0.400000 
-0.065000  -1.030000  26 0.400000 
0.335000  -1.070000  27 0.400000 
-0.045000  -1.190000  28 0.400000 
0.155000  -0.900000  29 0.400000 
0.665000  -1.290000  30 0.400000 
-0.010000  -1.050000  31 0.400000 
-0.785000  -1.470000  32 0.400000 
-0.525000  -1.140000  33 0.400000 
-0.310000  -1.000000  34 0.400000 
-0.235000  -1.100000  35 0.400000 
-0.445000  -1.090000  36 0.400000 
-0.770000  -1.480000  37 0.400000 
-0.225000  -1.040000  38 0.400000 
0.000000  -0.840000  39 0.400000 
-0.125000  -0.980000  40 0.400000 
0.470000  -1.190000  41 0.400000 
-0.365000  -1.090000  42 0.400000 
-0.160000  -1.230000  43 0.400000 
0.315000  -0.960000  44 0.400000 
0.355000  -1.060000  45 0.400000 
0.060000  -1.100000  46 0.400000 
0.020000  -0.930000  47 0.400000 
-0.600000  -1.200000  48 0.400000 
-0.550000  -1.130000  49 0.400000 
-0.615000  -1.220000  50 0.400000 
0.205000  -1.070000  51 0.400000 
-0.645000  -1.320000  52 0.400000 
-0.645000  -1.190000  53 0.400000 
-0.300000  -1.170000  54 0.400000 
0.205000  -1.080000  55 0.400000 
0.725000  -1.340000  56 0.400000 
0.100000  -0.990000  57 0.400000 
-0.520000  -1.160000  58 0.400000 
-0.530000  -1.360000  59 0.400000 
-0.455000  -1.200000  60 0.400000 
-0.235000  -1.030000  61 0.400000 
-0.560000  -1.420000  62 0.400000 
-0.370000  -0.980000  63 0.400000 
-0.045000  -0.980000  64 0.400000 
0.260000  -1.110000  65 0.400000 
0.055000  -1.120000  66 0.400000 
-0.015000  -0.880000  67 0.400000 
-0.200000  -0.990000  68 0.400000 
-0.525000  -1.260000  69 0.400000 
0.125000  -1.070000  70 0.400000 
0.360000  -1.100000  71 0.400000 
0.460000  -1.070000  72 0.400000 
-0.135000  -1.140000  73 0.400000 
0.535000  -1.250000  74 0.400000 
0.415000  -1.270000  75 0.400000 
0.295000  -1.050000  76 0.400000 
-0.475000  -1.090000  77 0.400000 
-0.355000  -1.000000  78 0.400000 
0.430000  -1.120000  79 0.400000 
0.230000  -1.000000  80 0.400000 
0.385000  -1.030000  81 0.400000 
0.235000  -1.130000  82 0.400000 
-0.080000  -0.980000  83 0.400000 
-0.365000  -1.050000  84 0.400000 
-0.560000  -1.190000  85 0.400000 
-0.140000  -1.100000  86 0.400000 
0.060000  -0.910000  87 0.400000 
0.200000  -0.940000  88 0.400000 
-0.080000  -1.020000  89 0.400000 
0.405000  -1.150000  90 0.400000 
0.545000  -1.150000  91 0.400000 
0.365000  -1.080000  92 0.400000 
-0.500000  -0.950000  93 0.400000 
-0.210000  -1.100000  94 0.400000 
-0.070000  -0.970000  95 0.400000 
0.325000  -1.090000  96 0.400000 
0.320000  -1.050000  97 0.400000 
-0.055000  -1.000000  98 0.400000 
0.480000  -1.150000  99 0.400000 
-0.075000  -1.150000  100 0.400000 
0.550000  -1.170000  101 0.400000 
0.230000  -1.080000  102 0.400000 
0.495000  -1.140000  103 0.400000 
0.290000  -1.090000  104 0.400000 
-0.035000  -0.970000  105 0.400000 
0.005000  -0.920000  106 0.400000 
-0.105000  -0.900000  107 0.400000 
-0.210000  -1.090000  108 0.400000 
-0.410000  -1.150000  109 0.400000 
-0.420000  -1.130000  110 0.400000 
0.000000  -1.040000  111 0.400000 
0.250000  -1.320000  112 0.400000 
0.225000  -0.910000  113 0.400000 
0.330000  -1.120000  114 0.400000 
0.565000  -1.280000  115 0.400000 
0.180000  -1.120000  116 0.400000 
0.325000  -1.050000  117 0.400000 
0.290000  -1.130000  118 0.400000 
-0.390000  -1.070000  119 0.400000 
-0.270000  -0.910000  120 0.400000 
-0.185000  -1.160000  121 0.400000 
0.430000  -1.070000  122 0.400000 
-0.120000  -1.190000  123 0.400000 
0.710000  -1.310000  124 0.400000 
-0.175000  -0.970000  125 0.400000 
-0.350000  -0.960000  126 0.400000 
-0.575000  -1.200000  127 0.400000 
-0.435000  -1.080000  128 0.400000 
-0.415000  -1.080000  129 0.400000 
-0.680000  -1.230000  130 0.400000 
-0.140000  -0.940000  131 0.400000 
-0.455000  -1.010000  132 0.400000 
-0.370000  -0.920000  133 0.400000 
0.270000  -1.050000  134 0.400000 
0.790000  -1.470000  135 0.400000 
0.430000  -1.050000  136 0.400000 
-0.380000  -1.120000  137 0.400000 
-0.760000  -1.410000  138 0.400000 
-0.195000  -0.970000  139 0.400000 
0.105000  -1.110000  140 0.400000 
0.320000  -1.020000  141 0.400000 
0.210000  -0.990000  142 0.400000 
-0.240000  -0.940000  143 0.400000 
-0.335000  -1.070000  144 0.400000 
-0.500000  -1.350000  145 0.400000 
-0.635000  -1.230000  146 0.400000 
0.230000  -1.010000  147 0.400000 
-0.475000  -1.110000  148 0.400000 
-0.565000  -1.180000  149 0.400000 
-0.365000  -1.200000  150 0.400000 
-0.520000  -1.100000  151 0.400000 
-0.575000  -1.150000  152 0.400000 
0.625000  -1.250000  153 0.400000 
-0.030000  -1.040000  154 0.400000 
-0.360000  -1.200000  155 0.400000 
0.285000  -1.160000  156 0.400000 
-0.165000  -1.140000  157 0.400000 
0.110000  -0.970000  158 0.400000 
-0.435000  -1.300000  159 0.400000 
-0.190000  -1.010000  160 0.400000 
-0.470000  -1.010000  161 0.400000 
-0.780000  -1.410000  162 0.400000 
-0.535000  -1.230000  163 0.400000 
-0.180000  -1.020000  164 0.400000 
-0.255000  -0.900000  165 0.400000 
0.090000  -0.940000  166 0.400000 
-0.575000  -1.120000  167 0.400000 
-0.105000  -0.830000  168 0.400000 
-0.485000  -0.970000  169 0.400000 
0.270000  -0.980000  170 0.400000 
0.225000  -1.240000  171 0.400000 
-0.240000  -1.040000  172 0.400000 
-0.175000  -1.180000  173 0.400000 
0.290000  -1.060000  174 0.400000 
0.225000  -1.060000  175 0.400000 
0.330000  -0.860000  176 0.400000 
0.555000  -1.200000  177 0.400000 
0.385000  -0.990000  178 0.400000 
-0.805000  -1.550000  179 0.400000 
-0.440000  -0.970000  180 0.400000 
-0.470000  -1.130000  181 0.400000 
-0.120000  -0.940000  182 0.400000 
-0.515000  -1.250000  183 0.400000 
0.325000  -1.070000  184 0.400000 
0.735000  -1.430000  185 0.400000 
0.330000  -1.200000  186 0.400000 
-0.330000  -1.030000  187 0.400000 
-0.375000  -1.120000  188 0.400000 
-0.655000  -1.360000  189 0.400000 
-0.550000  -1.290000  190 0.400000 
-0.695000  -1.270000  191 0.400000 
-0.440000  -1.210000  192 0.400000 
-0.605000  -1.100000  193 0.400000 
0.555000  -1.200000  194 0.400000 
0.195000  -0.990000  195 0.400000 
-0.535000  -1.230000  196 0.400000 
-0.565000  -1.300000  197 0.400000 
-0.395000  -0.980000  198 0.400000 
0.760000  -1.420000  199 0.400000 
-0.550000  -1.120000  200 0.400000 
-0.170000  -1.020000  201 0.400000 
-0.180000  -1.090000  202 0.400000 
-0.580000  -1.220000  203 0.400000 
-0.395000  -1.160000  204 0.400000 
-0.475000  -1.110000  205 0.400000 
0.115000  -0.880000  206 0.400000 
-0.125000  -1.050000  207 0.400000 
0.110000  -0.990000  208 0.400000 
-0.180000  -0.890000  209 0.400000 
0.025000  -0.880000  210 0.400000 
0.110000  -0.980000  211 0.400000 
0.375000  -1.280000  212 0.400000 
-0.570000  -1.220000  213 0.400000 
-0.495000  -1.060000  214 0.400000 
-0.740000  -1.420000  215 0.400000 
-0.565000  -1.230000  216 0.400000 
-0.805000  -1.470000  217 0.400000 
-0.280000  -1.140000  218 0.400000 
-0.295000  -1.040000  219 0.400000 
-0.100000  -1.000000  220 0.400000 
-0.600000  -1.300000  221 0.400000 
-0.360000  -1.160000  222 0.400000 
0.210000  -1.110000  223 0.400000 
0.180000  -0.930000  224 0.400000 
0.610000  -1.300000  225 0.400000 
-0.105000  -1.100000  226 0.400000 
-0.205000  -1.040000  227 0.400000 
0.035000  -1.160000  228 0.400000 
0.230000  -1.090000  229 0.400000 
-0.380000  -1.120000  230 0.400000 
-0.505000  -1.140000  231 0.400000 
-0.070000  -1.060000  232 0.400000 
0.490000  -1.070000  233 0.400000 
0.440000  -1.140000  234 0.400000 
0.625000  -1.270000  235 0.400000 
-0.185000  -0.880000  236 0.400000 
-0.095000  -1.130000  237 0.400000 
0.350000  -1.010000  238 0.400000 
0.685000  -1.240000  239 0.400000 
0.050000  -1.160000  240 0.400000 
-0.300000  -0.950000  241 0.400000 
0.405000  -1.230000  242 0.400000 
0.250000  -0.980000  243 0.400000 
0.345000  -1.070000  244 0.400000 
-0.195000  -1.050000  245 0.400000 
0.040000  -0.920000  246 0.400000 
-0.050000  -0.920000  247 0.400000 
0.040000  -1.230000  248 0.400000 
-0.460000  -1.000000  249 0.400000 
-0.245000  -1.160000  250 0.400000 
-0.070000  -1.040000  251 0.400000 
0.140000  -0.950000  252 0.400000 
0.645000  -1.310000  253 0.400000 
0.375000  -1.090000  254 0.400000 
0.020000  -0.950000  255 0.400000 
0.375000  -1.090000  256 0.400000 
0.215000  -1.080000  257 0.400000 
0.425000  -1.080000  258 0.400000 
-0.020000  -0.890000  259 0.400000 
0.615000  -1.170000  260 0.400000 
0.175000  -1.050000  261 0.400000 
0.215000  -0.930000  262 0.400000 
0.300000  -1.010000  263 0.400000 
0.370000  -1.090000  264 0.400000 
-0.555000  -1.240000  265 0.400000 
-0.205000  -1.030000  266 0.400000 
0.500000  -1.160000  267 0.400000 
0.115000  -1.150000  268 0.400000 
-0.810000  -1.480000  269 0.400000 
-0.685000  -1.260000  270 0.400000 
0.105000  -1.030000  271 0.400000 
-0.305000  -1.180000  272 0.400000 
-0.585000  -1.050000  273 0.400000 
-0.165000  -1.060000  274 0.400000 
-0.255000  -0.950000  275 0.400000 
-0.520000  -1.280000  276 0.400000 
-0.355000  -1.080000  277 0.400000 
-0.465000  -1.220000  278 0.400000 
-0.155000  -1.060000  279 0.400000 
-0.460000  -1.090000  280 0.400000 
0.220000  -1.070000  281 0.400000 
0.010000  -0.810000  282 0.400000 
-0.130000  -1.200000  283 0.400000 
-0.205000  -1.130000  284 0.400000 
-0.020000  -1.170000  285 0.400000 
0.150000  -1.060000  286 0.400000 
-0.235000  -1.100000  287 0.400000 
-0.065000  -1.170000  288 0.400000 
-0.460000  -1.120000  289 0.400000 
0.080000  -1.050000  290 0.400000 
-0.205000  -1.020000  291 0.400000 
-0.280000  -1.150000  292 0.400000 
-0.620000  -1.210000  293 0.400000 
-0.420000  -1.210000  294 0.400000 
-0.225000  -1.110000  295 0.400000 
-0.160000  -1.180000  296 0.400000 
-0.265000  -0.970000  297 0.400000 
-0.360000  -0.990000  298 0.400000 
-0.190000  -1.120000  299 0.400000 
-0.340000  -1.080000  300 0.400000 
-0.645000  -1.180000  301 0.400000 
-0.225000  -1.040000  302 0.400000 
-0.405000  -1.090000  303 0.400000 
-0.455000  -1.000000  304 0.400000 
0.220000  -1.000000  305 0.400000 
0.340000  -1.180000  306 0.400000 
-0.100000  -1.130000  307 0.400000 
-0.375000  -1.150000  308 0.400000 
-0.465000  -1.130000  309 0.400000 
0.215000  -1.150000  310 0.400000 
0.150000  -1.100000  311 0.400000 
0.650000  -1.220000  312 0.400000 
0.550000  -1.210000  313 0.400000 
0.385000  -1.100000  314 0.400000 
-0.395000  -1.060000  315 0.400000 
-0.590000  -1.190000  316 0.400000 
0.670000  -1.310000  317 0.400000 
0.055000  -1.000000  318 0.400000 
-0.065000  -0.880000  319 0.400000 
-0.410000  -1.120000  320 0.400000 
0.175000  -1.180000  321 0.400000 
0.030000  -1.040000  322 0.400000 
-0.550000  -1.290000  323 0.400000 
-0.490000  -1.220000  324 0.400000 
-0.400000  -1.020000  325 0.400000 
0.590000  -1.240000  326 0.400000 
0.420000  -1.130000  327 0.400000 
0.000000  -0.900000  328 0.400000 
-0.450000  -1.100000  329 0.400000 
0.150000  -0.940000  330 0.400000 
-0.290000  -1.080000  331 0.400000 
-0.580000  -1.360000  332 0.400000 
-0.775000  -1.430000  333 0.400000 
-0.200000  -1.110000  334 0.400000 
0.175000  -1.050000  335 0.400000 
-0.460000  -1.180000  336 0.400000 
-0.070000  -1.050000  337 0.400000 
-0.025000  -1.020000  338 0.400000 
-0.535000  -1.250000  339 0.400000 
0.100000  -1.180000  340 0.400000 
0.335000  -1.130000  341 0.400000 
0.490000  -1.220000  342 0.400000 
-0.090000  -1.050000  343 0.400000 
0.175000  -1.110000  344 0.400000 
0.315000  -1.000000  345 0.400000 
0.435000  -1.060000  346 0.400000 
0.070000  -1.120000  347 0.400000 
0.100000  -0.940000  348 0.400000 
0.080000  -1.160000  349 0.400000 
-0.345000  -1.010000  350 0.400000 
-0.525000  -1.210000  351 0.400000 
0.270000  -1.160000  352 0.400000 
0.450000  -1.140000  353 0.400000 
0.085000  -1.050000  354 0.400000 
0.465000  -1.110000  355 0.400000 
0.375000  -1.310000  356 0.400000 
-0.245000  -1.000000  357 0.400000 
-0.440000  -1.070000  358 0.400000 
-0.460000  -0.970000  359 0.400000 
-0.200000  -0.990000  360 0.400000 
-0.730000  -1.390000  361 0.400000 
-0.045000  -1.110000  362 0.400000 
-0.215000  -1.070000  363 0.400000 
-0.490000  -1.230000  364 0.400000 
-0.340000  -1.110000  365 0.400000 
0.275000  -1.210000  366 0.400000 
0.250000  -1.140000  367 0.400000 
-0.050000  -0.950000  368 0.400000 
-0.475000  -1.200000  369 0.400000 
-0.460000  -1.350000  370 0.400000 
-0.320000  -1.170000  371 0.400000 
-0.450000  -1.100000  372 0.400000 
-0.230000  -1.070000  373 0.400000 
-0.345000  -1.270000  374 0.400000 
-0.420000  -1.070000  375 0.400000 
0.430000  -1.290000  376 0.400000 
0.125000  -0.850000  377 0.400000 
-0.705000  -1.370000  378 0.400000 
-0.425000  -1.130000  379 0.400000 
-0.455000  -1.050000  380 0.400000 
0.090000  -1.120000  381 0.400000 
-0.060000  -1.170000  382 0.400000 
-0.480000  -1.350000  383 0.400000 
-0.110000  -1.070000  384 0.400000 
-0.280000  -1.120000  385 0.400000 
-0.605000  -1.190000  386 0.400000 
0.300000  -1.070000  387 0.400000 
0.455000  -1.030000  388 0.400000 
0.395000  -1.130000  389 0.400000 
0.420000  -1.170000  390 0.400000 
0.145000  -1.040000  391 0.400000 
-0.110000  -1.020000  392 0.400000 
0.150000  -1.090000  393 0.400000 
-0.405000  -0.960000  394 0.400000 
-0.555000  -1.170000  395 0.400000 
-0.185000  -1.120000  396 0.400000 
-0.520000  -1.160000  397 0.400000 
-0.470000  -1.160000  398 0.400000 
0.100000  -1.020000  399 0.400000 
0.570000  -1.240000  400 0.400000 
0.405000  -1.110000  401 0.400000 
-0.505000  -1.240000  402 0.400000 
0.220000  -1.090000  403 0.400000 
0.350000  -1.110000  404 0.400000 
0.020000  -0.940000  405 0.400000 
0.080000  -0.910000  406 0.400000 
0.020000  -1.030000  407 0.400000 
0.585000  -1.260000  408 0.400000 
0.145000  -1.000000  409 0.400000 
0.670000  -1.210000  410 0.400000 
0.110000  -1.080000  411 0.400000 
-0.310000  -1.100000  412 0.400000 
0.020000  -0.740000  413 0.400000 
-0.260000  -1.070000  414 0.400000 
-0.085000  -1.100000  415 0.400000 
0.195000  -1.180000  416 0.400000 
0.040000  -1.110000  417 0.400000 
0.165000  -1.100000  418 0.400000 
-0.640000  -1.160000  419 0.400000 
-0.340000  -1.050000  420 0.400000 
0.010000  -0.970000  421 0.400000 
0.455000  -1.160000  422 0.400000 
0.250000  -1.160000  423 0.400000 
-0.225000  -1.000000  424 0.400000 
0.340000  -1.060000  425 0.400000 
0.210000  -1.050000  426 0.400000 
0.705000  -1.250000  427 0.400000 
0.400000  -1.130000  428 0.400000 
0.440000  -1.100000  429 0.400000 
0.660000  -1.240000  430 0.400000 
0.135000  -1.200000  431 0.400000 
-0.190000  -1.000000  432 0.400000 
-0.105000  -0.860000  433 0.400000 
-0.100000  -0.840000  434 0.400000 
-0.380000  -1.150000  435 0.400000 
-0.170000  -1.170000  436 0.400000 
0.225000  -1.170000  437 0.400000 
-0.280000  -1.090000  438 0.400000 
-0.210000  -1.200000  439 0.400000 
0.180000  -1.260000  440 0.400000 
0.075000  -0.940000  441 0.400000 
-0.410000  -1.260000  442 0.400000 
-0.835000  -1.440000  443 0.400000 
-0.305000  -1.190000  444 0.400000 
-0.325000  -1.140000  445 0.400000 
-0.320000  -1.160000  446 0.400000 
-0.315000  -1.090000  447 0.400000 
-0.375000  -1.140000  448 0.400000 
0.390000  -1.060000  449 0.400000 
0.380000  -1.060000  450 0.400000 
0.530000  -1.180000  451 0.400000 
-0.570000  -1.210000  452 0.400000 
-0.645000  -1.230000  453 0.400000 
-0.035000  -0.990000  454 0.400000 
-0.120000  -1.140000  455 0.400000 
-0.430000  -1.090000  456 0.400000 
-0.225000  -1.100000  457 0.400000 
-0.700000  -1.260000  458 0.400000 
-0.200000  -1.020000  459 0.400000 
-0.495000  -1.170000  460 0.400000 
-0.605000  -1.260000  461 0.400000 
-0.265000  -1.240000  462 0.400000 
-0.615000  -1.200000  463 0.400000 
-0.270000  -1.070000  464 0.400000 
-0.645000  -1.320000  465 0.400000 
-0.245000  -1.010000  466 0.400000 
0.365000  -1.210000  467 0.400000 
0.645000  -1.250000  468 0.400000 
-0.440000  -1.030000  469 0.400000 
-0.350000  -1.110000  470 0.400000 
0.330000  -1.090000  471 0.400000 
0.350000  -1.220000  472 0.400000 
-0.135000  -1.030000  473 0.400000 
-0.240000  -0.940000  474 0.400000 
0.295000  -1.120000  475 0.400000 
-0.350000  -1.230000  476 0.400000 
0.350000  -1.280000  477 0.400000 
-0.205000  -0.950000  478 0.400000 
-0.645000  -1.320000  479 0.400000 
-0.500000  -1.200000  480 0.400000 
-0.370000  -1.170000  481 0.400000 
-0.595000  -1.190000  482 0.400000 
0.030000  -1.130000  483 0.400000 
-0.080000  -1.130000  484 0.400000 
0.710000  -1.320000  485 0.400000 
0.085000  -1.090000  486 0.400000 
-0.320000  -1.040000  487 0.400000 
-0.150000  -0.860000  488 0.400000 
0.300000  -1.050000  489 0.400000 
0.015000  -1.250000  490 0.400000 
-0.215000  -0.950000  491 0.400000 
-0.590000  -1.150000  492 0.400000 
-0.455000  -0.860000  493 0.400000 
0.640000  -1.140000  494 0.400000 
-0.425000  -1.080000  495 0.400000 
-0.355000  -0.940000  496 0.400000 
0.325000  -1.150000  497 0.400000 
0.160000  -0.950000  498 0.400000 
0.320000  -1.310000  499 0.400000 
0.580000  -1.320000  500 0.400000 
0.050000  -0.920000  501 0.400000 
0.500000  -1.150000  502 0.400000 
0.135000  -1.100000  503 0.400000 
0.465000  -1.140000  504 0.400000 
0.420000  -1.150000  505 0.400000 
0.130000  -0.900000  506 0.400000 
0.520000  -1.200000  507 0.400000 
0.475000  -1.100000  508 0.400000 
-0.440000  -1.080000  509 0.400000 
-0.440000  -1.220000  510 0.400000 
0.115000  -0.990000  511 0.400000 
-0.265000  -1.100000  512 0.400000 
-0.135000  -1.020000  513 0.400000 
0.110000  -1.250000  514 0.400000 
-0.560000  -1.150000  515 0.400000 
-0.060000  -0.790000  516 0.400000 
0.225000  -1.160000  517 0.400000 
0.195000  -1.000000  518 0.400000 
0.270000  -0.970000  519 0.400000 
0.055000  -1.210000  520 0.400000 
0.235000  -1.080000  521 0.400000 
0.100000  -1.200000  522 0.400000 
-0.640000  -1.280000  523 0.400000 
0.065000  -0.950000  524 0.400000 
0.615000  -1.210000  525 0.400000 
0.350000  -0.970000  526 0.400000 
0.595000  -1.210000  527 0.400000 
0.485000  -1.290000  528 0.400000 
-0.540000  -1.210000  529 0.400000 
-0.120000  -0.970000  530 0.400000 
-0.155000  -0.870000  531 0.400000 
-0.510000  -1.110000  532 0.400000 
0.040000  -1.050000  533 0.400000 
0.735000  -1.270000  534 0.400000 
0.455000  -1.000000  535 0.400000 
0.170000  -1.160000  536 0.400000 
0.285000  -1.080000  537 0.400000 
0.440000  -1.270000  538 0.400000 
0.410000  -1.160000  539 0.400000 
0.420000  -0.960000  540 0.400000 
-0.005000  -1.080000  541 0.400000 
0.510000  -1.190000  542 0.400000 
0.765000  -1.480000  543 0.400000 
0.330000  -1.020000  544 0.400000 
-0.105000  -1.080000  545 0.400000 
-0.195000  -1.030000  546 0.400000 
0.525000  -1.190000  547 0.400000 
0.620000  -1.230000  548 0.400000 
0.335000  -1.050000  549 0.400000 
0.520000  -1.090000  550 0.400000 
0.145000  -1.070000  551 0.400000 
-0.340000  -0.880000  552 0.400000 
0.105000  -0.980000  553 0.400000 
0.415000  -1.060000  554 0.400000 
0.260000  -1.190000  555 0.400000 
0.395000  -1.030000  556 0.400000 
-0.005000  -0.940000  557 0.400000 
-0.565000  -1.310000  558 0.400000 
0.050000  -1.080000  559 0.400000 
0.345000  -1.250000  560 0.400000 
0.170000  -0.970000  561 0.400000 
-0.035000  -0.830000  562 0.400000 
-0.285000  -1.210000  563 0.400000 
-0.415000  -1.200000  564 0.400000 
0.050000  -0.980000  565 0.400000 
-0.190000  -1.100000  566 0.400000 
0.660000  -1.370000  567 0.400000 
0.100000  -1.100000  568 0.400000 
0.080000  -1.070000  569 0.400000 
0.155000  -1.180000  570 0.400000 
-0.065000  -1.060000  571 0.400000 
0.020000  -0.930000  572 0.400000 
-0.255000  -1.130000  573 0.400000 
0.260000  -0.870000  574 0.400000 
0.080000  -0.980000  575 0.400000 
-0.285000  -1.150000  576 0.400000 
-0.295000  -1.050000  577 0.400000 
-0.370000  -1.080000  578 0.400000 
0.005000  -1.050000  579 0.400000 
-0.220000  -1.130000  580 0.400000 
0.050000  -0.960000  581 0.400000 
0.125000  -0.930000  582 0.400000 
0.210000  -1.200000  583 0.400000 
0.505000  -1.300000  584 0.400000 
0.690000  -1.280000  585 0.400000 
0.090000  -1.180000  586 0.400000 
0.380000  -1.200000  587 0.400000 
0.045000  -1.030000  588 0.400000 
-0.470000  -1.300000  589 0.400000 
0.170000  -1.020000  590 0.400000 
-0.390000  -1.140000  591 0.400000 
0.350000  -1.160000  592 0.400000 
-0.535000  -1.200000  593 0.400000 
-0.130000  -1.240000  594 0.400000 
-0.250000  -1.070000  595 0.400000 
0.585000  -1.300000  596 0.400000 
0.050000  -1.280000  597 0.400000 
0.220000  -0.950000  598 0.400000 
-0.320000  -0.940000  599 0.400000 
-0.175000  -1.140000  600 0.400000 
0.390000  -1.130000  601 0.400000 
0.605000  -1.170000  602 0.400000 
0.255000  -0.990000  603 0.400000 
-0.085000  -1.030000  604 0.400000 
-0.565000  -1.320000  605 0.400000 
-0.465000  -1.180000  606 0.400000 
-0.125000  -1.070000  607 0.400000 
-0.035000  -1.050000  608 0.400000 
-0.655000  -1.210000  609 0.400000 
-0.200000  -1.120000  610 0.400000 
0.540000  -1.290000  611 0.400000 
0.690000  -1.380000  612 0.400000 
0.140000  -1.020000  613 0.400000 
0.755000  -1.390000  614 0.400000 
0.340000  -1.230000  615 0.400000 
-0.120000  -1.110000  616 0.400000 
-0.510000  -1.290000  617 0.400000 
0.025000  -1.150000  618 0.400000 
-0.040000  -0.890000  619 0.400000 
-0.585000  -1.230000  620 0.400000 
-0.195000  -1.110000  621 0.400000 
0.475000  -1.130000  622 0.400000 
-0.320000  -1.310000  623 0.400000 
-0.535000  -1.050000  624 0.400000 
0.380000  -1.070000  625 0.400000 
-0.455000  -1.120000  626 0.400000 
-0.095000  -1.100000  627 0.400000 
0.540000  -1.110000  628 0.400000 
0.755000  -1.480000  629 0.400000 
0.100000  -1.120000  630 0.400000 
0.515000  -1.180000  631 0.400000 
0.070000  -1.100000  632 0.400000 
0.520000  -1.070000  633 0.400000 
0.310000  -1.110000  634 0.400000 
-0.100000  -0.890000  635 0.400000 
-0.420000  -1.090000  636 0.400000 
0.270000  -1.000000  637 0.400000 
-0.525000  -1.200000  638 0.400000 
0.350000  -1.060000  639 0.400000 
0.685000  -1.180000  640 0.400000 
0.635000  -1.230000  641 0.400000 
0.065000  -0.950000  642 0.400000 
0.165000  -1.100000  643 0.400000 
-0.115000  -1.030000  644 0.400000 
-0.325000  -1.100000  645 0.400000 
-0.695000  -1.270000  646 0.400000 
-0.730000  -1.380000  647 0.400000 
-0.395000  -1.080000  648 0.400000 
-0.315000  -1.010000  649 0.400000 
-0.630000  -1.290000  650 0.400000 
-0.745000  -1.360000  651 0.400000 
0.035000  -1.030000  652 0.400000 
0.190000  -1.170000  653 0.400000 
0.205000  -0.890000  654 0.400000 
0.290000  -1.180000  655 0.400000 
0.480000  -1.160000  656 0.400000 
0.475000  -1.030000  657 0.400000 
0.225000  -1.070000  658 0.400000 
-0.185000  -1.240000  659 0.400000 
-0.300000  -1.280000  660 0.400000 
-0.615000  -1.280000  661 0.400000 
0.075000  -1.290000  662 0.400000 
-0.010000  -0.910000  663 0.400000 
-0.210000  -1.050000  664 0.400000 
0.285000  -1.020000  665 0.400000 
0.270000  -0.950000  666 0.400000 
0.215000  -1.030000  667 0.400000 
0.275000  -1.200000  668 0.400000 
0.305000  -1.070000  669 0.400000 
0.335000  -1.200000  670 0.400000 
0.485000  -1.120000  671 0.400000 
-0.330000  -1.140000  672 0.400000 
0.360000  -1.150000  673 0.400000 
0.450000  -1.190000  674 0.400000 
-0.105000  -1.020000  675 0.400000 
-0.630000  -1.310000  676 0.400000 
-0.435000  -1.020000  677 0.400000 
0.210000  -0.940000  678 0.400000 
0.245000  -1.040000  679 0.400000 
0.125000  -1.070000  680 0.400000 
0.440000  -1.190000  681 0.400000 
0.415000  -1.100000  682 0.400000 
0.390000  -1.290000  683 0.400000 
0.165000  -1.100000  684 0.400000 
0.085000  -1.020000  685 0.400000 
-0.580000  -1.040000  686 0.400000 
0.310000  -1.080000  687 0.400000 
0.440000  -1.310000  688 0.400000 
-0.125000  -0.860000  689 0.400000 
-0.415000  -1.110000  690 0.400000 
-0.485000  -1.050000  691 0.400000 
0.370000  -1.260000  692 0.400000 
0.175000  -1.200000  693 0.400000 
0.385000  -1.150000  694 0.400000 
0.565000  -1.270000  695 0.400000 
-0.075000  -0.800000  696 0.400000 
-0.070000  -1.130000  697 0.400000 
0.020000  -0.980000  698 0.400000 
0.285000  -1.210000  699 0.400000 
0.600000  -1.280000  700 0.400000 
-0.005000  -0.890000  701 0.400000 
-0.855000  -1.550000  702 0.400000 
-0.210000  -0.950000  703 0.400000 
-0.015000  -1.090000  704 0.400000 
-0.160000  -1.140000  705 0.400000 
0.410000  -1.040000  706 0.400000 
-0.045000  -0.940000  707 0.400000 
-0.280000  -0.890000  708 0.400000 
-0.495000  -1.050000  709 0.400000 
-0.565000  -1.130000  710 0.400000 
-0.665000  -1.170000  711 0.400000 
-0.025000  -1.030000  712 0.400000 
0.565000  -1.240000  713 0.400000 
0.290000  -1.040000  714 0.400000 
0.270000  -1.010000  715 0.400000 
0.595000  -1.230000  716 0.400000 
0.825000  -1.480000  717 0.400000 
0.110000  -1.040000  718 0.400000 
0.570000  -1.170000  719 0.400000 
0.395000  -1.070000  720 0.400000 
0.200000  -0.840000  721 0.400000 
0.130000  -1.200000  722 0.400000 
-0.335000  -1.190000  723 0.400000 
-0.015000  -0.760000  724 0.400000 
0.615000  -1.320000  725 0.400000 
0.450000  -1.040000  726 0.400000 
0.320000  -1.010000  727 0.400000 
0.455000  -1.160000  728 0.400000 
0.340000  -1.090000  729 0.400000 
0.565000  -1.110000  730 0.400000 
0.440000  -1.080000  731 0.400000 
0.100000  -0.880000  732 0.400000 
0.260000  -1.050000  733 0.400000 
-0.145000  -0.970000  734 0.400000 
-0.515000  -1.150000  735 0.400000 
0.255000  -1.080000  736 0.400000 
0.385000  -1.080000  737 0.400000 
0.080000  -1.070000  738 0.400000 
0.190000  -1.070000  739 0.400000 
0.655000  -1.280000  740 0.400000 
-0.390000  -1.110000  741 0.400000 
-0.290000  -0.940000  742 0.400000 
-0.060000  -1.010000  743 0.400000 
0.315000  -1.030000  744 0.400000 
0.610000  -1.170000  745 0.400000 
0.085000  -0.930000  746 0.400000 
-0.120000  -1.140000  747 0.400000 
-0.535000  -1.250000  748 0.400000 
-0.740000  -1.340000  749 0.400000 
0.415000  -1.060000  750 0.400000 
0.670000  -1.260000  751 0.400000 
0.590000  -1.210000  752 0.400000 
0.410000  -1.180000  753 0.400000 
-0.200000  -1.070000  754 0.400000 
0.120000  -1.110000  755 0.400000 
0.075000  -0.990000  756 0.400000 
0.085000  -1.090000  757 0.400000 
0.495000  -1.280000  758 0.400000 
-0.050000  -1.110000  759 0.400000 
-0.390000  -1.260000  760 0.400000 
0.270000  -1.110000  761 0.400000 
-0.175000  -1.080000  762 0.400000 
0.420000  -1.300000  763 0.400000 
0.095000  -0.960000  764 0.400000 
0.195000  -0.850000  765 0.400000 
-0.370000  -1.140000  766 0.400000 
-0.710000  -1.370000  767 0.400000 
-0.495000  -1.030000  768 0.400000 
-0.295000  -1.200000  769 0.400000 
0.245000  -1.210000  770 0.400000 
0.520000  -1.400000  771 0.400000 
-0.300000  -1.250000  772 0.400000 
-0.240000  -1.070000  773 0.400000 
0.105000  -1.060000  774 0.400000 
-0.360000  -1.090000  775 0.400000 
-0.165000  -1.160000  776 0.400000 
0.130000  -1.030000  777 0.400000 
0.545000  -1.260000  778 0.400000 
0.665000  -1.260000  779 0.400000 
0.385000  -1.030000  780 0.400000 
-0.025000  -0.890000  781 0.400000 
0.425000  -1.030000  782 0.400000 
0.510000  -1.140000  783 0.400000 
0.585000  -1.170000  784 0.400000 
0.640000  -1.310000  785 0.400000 
0.680000  -1.320000  786 0.400000 
0.710000  -1.450000  787 0.400000 
0.315000  -1.190000  788 0.400000 
0.005000  -1.110000  789 0.400000 
-0.065000  -1.180000  790 0.400000 
-0.020000  -0.900000  791 0.400000 
-0.285000  -0.880000  792 0.400000 
-0.120000  -0.840000  793 0.400000 
0.255000  -1.200000  794 0.400000 
0.230000  -1.140000  795 0.400000 
0.275000  -0.920000  796 0.400000 
0.225000  -1.190000  797 0.400000 
0.545000  -1.250000  798 0.400000 
-0.260000  -0.940000  799 0.400000 
-0.320000  -1.210000  800 0.400000 
-0.130000  -0.970000  801 0.400000 
0.385000  -1.140000  802 0.400000 
0.130000  -1.310000  803 0.400000 
0.190000  -1.140000  804 0.400000 
-0.010000  -1.180000  805 0.400000 
-0.410000  -0.990000  806 0.400000 
0.305000  -1.020000  807 0.400000 
-0.130000  -0.900000  808 0.400000 
0.490000  -1.130000  809 0.400000 
-0.200000  -0.970000  810 0.400000 
0.115000  -1.110000  811 0.400000 
-0.210000  -1.170000  812 0.400000 
-0.170000  -1.110000  813 0.400000 
0.530000  -1.160000  814 0.400000 
0.150000  -1.100000  815 0.400000 
0.160000  -1.170000  816 0.400000 
0.720000  -1.260000  817 0.400000 
0.550000  -1.130000  818 0.400000 
-0.115000  -1.010000  819 0.400000 
-0.240000  -1.010000  820 0.400000 
0.320000  -1.000000  821 0.400000 
-0.150000  -0.980000  822 0.400000 
0.270000  -0.920000  823 0.400000 
0.465000  -1.180000  824 0.400000 
0.575000  -1.260000  825 0.400000 
0.160000  -0.950000  826 0.400000 
-0.620000  -1.400000  827 0.400000 
-0.415000  -1.080000  828 0.400000 
0.310000  -1.170000  829 0.400000 
0.560000  -1.160000  830 0.400000 
0.515000  -1.230000  831 0.400000 
0.200000  -1.060000  832 0.400000 
0.060000  -0.990000  833 0.400000 
-0.005000  -0.830000  834 0.400000 
-0.215000  -1.000000  835 0.400000 
0.015000  -1.170000  836 0.400000 
0.460000  -1.200000  837 0.400000 
0.660000  -1.340000  838 0.400000 
0.420000  -1.100000  839 0.400000 
0.455000  -1.290000  840 0.400000 
0.015000  -1.120000  841 0.400000 
-0.530000  -1.230000  842 0.400000 
-0.420000  -1.170000  843 0.400000 
0.045000  -0.980000  844 0.400000 
-0.385000  -1.120000  845 0.400000 
-0.030000  -1.030000  846 0.400000 
0.300000  -0.910000  847 0.400000 
0.485000  -1.250000  848 0.400000 
0.645000  -1.360000  849 0.400000 
0.275000  -1.020000  850 0.400000 
0.190000  -1.030000  851 0.400000 
0.315000  -1.130000  852 0.400000 
0.290000  -1.160000  853 0.400000 
-0.160000  -1.110000  854 0.400000 
-0.065000  -1.090000  855 0.400000 
-0.025000  -0.970000  856 0.400000 
0.075000  -1.070000  857 0.400000 
-0.720000  -1.370000  858 0.400000 
-0.050000  -1.020000  859 0.400000 
0.360000  -1.060000  860 0.400000 
-0.660000  -1.160000  861 0.400000 
0.010000  -1.120000  862 0.400000 
0.630000  -1.260000  863 0.400000 
-0.085000  -1.200000  864 0.400000 
-0.040000  -0.980000  865 0.400000 
0.570000  -1.030000  866 0.400000 
-0.140000  -0.940000  867 0.400000 
-0.420000  -1.090000  868 0.400000 
-0.400000  -1.100000  869 0.400000 
0.260000  -0.860000  870 0.400000 
0.265000  -1.150000  871 0.400000 
0.220000  -1.000000  872 0.400000 
0.415000  -1.150000  873 0.400000 
0.070000  -0.960000  874 0.400000 
0.670000  -1.270000  875 0.400000 
0.290000  -0.940000  876 0.400000 
0.410000  -1.260000  877 0.400000 
0.235000  -1.140000  878 0.400000 
-0.115000  -1.140000  879 0.400000 
0.205000  -1.160000  880 0.400000 
-0.590000  -1.200000  881 0.400000 
-0.535000  -1.140000  882 0.400000 
-0.235000  -1.100000  883 0.400000 
-0.480000  -1.230000  884 0.400000 
-0.550000  -1.130000  885 0.400000 
0.250000  -0.910000  886 0.400000 
0.170000  -1.060000  887 0.400000 
0.265000  -1.200000  888 0.400000 
0.190000  -1.150000  889 0.400000 
0.015000  -1.010000  890 0.400000 
-0.340000  -1.170000  891 0.400000 
-0.755000  -1.360000  892 0.400000 
-0.470000  -1.150000  893 0.400000 
-0.560000  -1.090000  894 0.400000 
0.050000  -1.090000  895 0.400000 
0.215000  -1.060000  896 0.400000 
0.240000  -1.030000  897 0.400000 
0.190000  -1.020000  898 0.400000 
-0.245000  -1.170000  899 0.400000 
-0.330000  -1.090000  900 0.400000 
0.375000  -0.930000  901 0.400000 
-0.295000  -1.140000  902 0.400000 
-0.095000  -0.900000  903 0.400000 
-0.260000  -1.250000  904 0.400000 
-0.595000  -1.240000  905 0.400000 
0.075000  -1.020000  906 0.400000 
0.035000  -1.070000  907 0.400000 
-0.235000  -1.000000  908 0.400000 
0.530000  -1.120000  909 0.400000 
0.760000  -1.370000  910 0.400000 
0.435000  -1.370000  911 0.400000 
0.255000  -1.040000  912 0.400000 
0.435000  -1.110000  913 0.400000 
-0.035000  -1.090000  914 0.400000 
0.290000  -0.960000  915 0.400000 
0.350000  -0.980000  916 0.400000 
0.295000  -1.050000  917 0.400000 
0.305000  -1.110000  918 0.400000 
0.350000  -1.190000  919 0.400000 
-0.060000  -0.960000  920 0.400000 
-0.285000  -1.190000  921 0.400000 
-0.500000  -1.340000  922 0.400000 
-0.440000  -1.200000  923 0.400000 
-0.550000  -1.290000  924 0.400000 
0.440000  -1.130000  925 0.400000 
0.615000  -1.230000  926 0.400000 
-0.150000  -0.990000  927 0.400000 
-0.280000  -1.090000  928 0.400000 
0.110000  -1.190000  929 0.400000 
0.680000  -1.340000  930 0.400000 
0.525000  -1.190000  931 0.400000 
0.290000  -1.080000  932 0.400000 
0.645000  -1.170000  933 0.400000 
0.035000  -1.060000  934 0.400000 
0.410000  -1.320000  935 0.400000 
0.055000  -1.130000  936 0.400000 
0.070000  -1.070000  937 0.400000 
-0.260000  -0.980000  938 0.400000 
-0.245000  -1.030000  939 0.400000 
-0.530000  -1.110000  940 0.400000 
-0.405000  -1.140000  941 0.400000 
-0.335000  -1.110000  942 0.400000 
-0.360000  -1.220000  943 0.400000 
0.205000  -1.060000  944 0.400000 
0.245000  -1.100000  945 0.400000 
0.320000  -1.150000  946 0.400000 
0.210000  -1.220000  947 0.400000 
0.745000  -1.420000  948 0.400000 
0.250000  -0.990000  949 0.400000 
0.690000  -1.450000  950 0.400000 
0.730000  -1.430000  951 0.400000 
-0.250000  -1.100000  952 0.400000 
-0.490000  -1.100000  953 0.400000 
-0.060000  -1.000000  954 0.400000 
-0.035000  -0.950000  955 0.400000 
0.060000  -0.930000  956 0.400000 
-0.300000  -1.020000  957 0.400000 
-0.450000  -1.280000  958 0.400000 
0.240000  -1.100000  959 0.400000 
0.750000  -1.410000  960 0.400000 
-0.155000  -1.090000  961 0.400000 
-0.340000  -1.120000  962 0.400000 
0.215000  -1.040000  963 0.400000 
-0.200000  -1.000000  964 0.400000 
-0.185000  -1.040000  965 0.400000 
-0.240000  -1.200000  966 0.400000 
-0.275000  -1.030000  967 0.400000 
-0.585000  -1.200000  968 0.400000 
-0.535000  -1.210000  969 0.400000 
-0.615000  -1.090000  970 0.400000 
-0.405000  -1.210000  971 0.400000 
-0.325000  -1.180000  972 0.400000 
0.430000  -1.440000  973 0.400000 
-0.150000  -1.090000  974 0.400000 
0.035000  -1.100000  975 0.400000 
-0.380000  -1.140000  976 0.400000 
0.000000  -1.000000  977 0.400000 
0.025000  -0.970000  978 0.400000 
-0.145000  -1.100000  979 0.400000 
0.540000  -1.010000  980 0.400000 
0.035000  -1.110000  981 0.400000 
-0.380000  -1.190000  982 0.400000 
0.230000  -0.980000  983 0.400000 
0.595000  -1.310000  984 0.400000 
0.165000  -1.170000  985 0.400000 
0.210000  -1.000000  986 0.400000 
-0.300000  -1.170000  987 0.400000 
-0.340000  -1.150000  988 0.400000 
0.225000  -1.210000  989 0.400000 
0.235000  -0.980000  990 0.400000 
-0.315000  -1.150000  991 0.400000 
-0.710000  -1.340000  992 0.400000 
-0.005000  -0.970000  993 0.400000 
0.325000  -1.070000  994 0.400000 
0.310000  -1.140000  995 0.400000 
-0.030000  -1.110000  996 0.400000 
-0.440000  -0.970000  997 0.400000 
-0.370000  -1.100000  998 0.400000 
-0.240000  -1.210000  999 0.400000 
