 0.000590 -0.425210 0.200000 
 0.003275 -0.560300 0.250000 
 0.001315 -0.697410 0.300000 
 -0.000210 -0.918920 0.360000 
 0.017390 -0.960830 0.370000 
 -0.003190 -0.978220 0.375000 
 -0.006255 -1.006420 0.380000 
 -0.014785 -1.034030 0.385000 
 -0.007310 -1.058870 0.390000 
 0.014560 -1.092340 0.395000 
 -0.004745 -1.116891 0.400000 
 0.002350 -1.193531 0.410000 
 0.021995 -1.258350 0.420000 
 0.006390 -1.313021 0.425000 
 0.059380 -1.340349 0.430000 
 -0.012405 -1.375239 0.433000 
 -0.060480 -1.401309 0.436000 
 0.126140 -1.428720 0.439000 
 0.087385 -1.444140 0.440000 
 0.192725 -1.463689 0.442000 
 0.036840 -1.478511 0.443000 
 0.055985 -1.470450 0.444000 
 -0.034080 -1.484240 0.445000 
 -0.181800 -1.495590 0.446000 
 0.231825 -1.501550 0.448000 
 0.910445 -1.744350 0.500000 
