 0.000198 -0.430023 0.200000 
 -0.000623 -0.558075 0.250000 
 -0.000696 -0.704000 0.300000 
 0.002932 -0.918195 0.360000 
 0.002357 -0.963403 0.370000 
 -0.001445 -0.984425 0.375000 
 -0.003119 -1.006902 0.380000 
 -0.005185 -1.029545 0.385000 
 0.000203 -1.055062 0.390000 
 -0.001429 -1.078555 0.395000 
 -0.014507 -1.106028 0.400000 
 0.043711 -1.166137 0.410000 
 0.013966 -1.232627 0.420000 
 0.028170 -1.273243 0.425000 
 0.039846 -1.323048 0.430000 
 0.079614 -1.347379 0.433000 
 0.075345 -1.378994 0.436000 
 0.473304 -1.415103 0.439000 
 -0.014886 -1.425152 0.440000 
 -0.311694 -1.442596 0.442000 
 0.497046 -1.451402 0.443000 
 0.608488 -1.455342 0.444000 
 0.593732 -1.473362 0.445000 
 -0.650970 -1.483368 0.446000 
 0.322620 -1.497216 0.448000 
 0.910675 -1.746175 0.500000 
